# step, loss_train, loss_test, metrics_test
0.000000000000000000e+00 1.036394096445292234e-04 1.038880873238667846e-04 5.542250582948327065e-04 3.470759391784667969e+00 9.445759654045104980e-02 2.480806708335876465e-01 1.036394096445292234e-04 1.038880873238667846e-04 5.542250582948327065e-04 3.470759391784667969e+00 9.445759654045104980e-02 2.480806708335876465e-01
1.000000000000000000e+02 4.076625686138868332e-03 1.733685471117496490e-02 2.318115672096610069e-03 2.572282552719116211e-01 1.738437265157699585e-02 9.449104219675064087e-02 4.076625686138868332e-03 1.733685471117496490e-02 2.318115672096610069e-03 2.572282552719116211e-01 1.738437265157699585e-02 9.449104219675064087e-02
2.000000000000000000e+02 6.914894562214612961e-03 2.062945254147052765e-02 3.904593409970402718e-03 1.212929561734199524e-01 1.628930307924747467e-02 6.749930977821350098e-02 6.914894562214612961e-03 2.062945254147052765e-02 3.904593409970402718e-03 1.212929561734199524e-01 1.628930307924747467e-02 6.749930977821350098e-02
3.000000000000000000e+02 8.843255229294300079e-03 1.340606622397899628e-02 5.925770848989486694e-03 8.230176568031311035e-02 1.392222661525011063e-02 2.095368690788745880e-02 8.843255229294300079e-03 1.340606622397899628e-02 5.925770848989486694e-03 8.230176568031311035e-02 1.392222661525011063e-02 2.095368690788745880e-02
4.000000000000000000e+02 5.117900669574737549e-03 9.372753091156482697e-03 5.094138905405998230e-03 3.863902390003204346e-02 9.218027815222740173e-03 1.141188386827707291e-02 5.117900669574737549e-03 9.372753091156482697e-03 5.094138905405998230e-03 3.863902390003204346e-02 9.218027815222740173e-03 1.141188386827707291e-02
5.000000000000000000e+02 3.166785696521401405e-03 6.386516615748405457e-03 3.247354412451386452e-03 2.016369625926017761e-02 6.241670809686183929e-03 7.743364665657281876e-03 3.166785696521401405e-03 6.386516615748405457e-03 3.247354412451386452e-03 2.016369625926017761e-02 6.241670809686183929e-03 7.743364665657281876e-03
6.000000000000000000e+02 2.384239109233021736e-03 4.324311856180429459e-03 2.338531427085399628e-03 9.322186931967735291e-03 4.328415729105472565e-03 4.877095110714435577e-03 2.384239109233021736e-03 4.324311856180429459e-03 2.338531427085399628e-03 9.322186931967735291e-03 4.328415729105472565e-03 4.877095110714435577e-03
7.000000000000000000e+02 1.668368582613766193e-03 3.042005002498626709e-03 1.276822062209248543e-03 1.070111710578203201e-02 3.314246423542499542e-03 5.071606487035751343e-03 1.668368582613766193e-03 3.042005002498626709e-03 1.276822062209248543e-03 1.070111710578203201e-02 3.314246423542499542e-03 5.071606487035751343e-03
8.000000000000000000e+02 1.348678139038383961e-03 2.944886218756437302e-03 1.044218428432941437e-03 5.030202679336071014e-03 2.686669118702411652e-03 3.031795611605048180e-03 1.348678139038383961e-03 2.944886218756437302e-03 1.044218428432941437e-03 5.030202679336071014e-03 2.686669118702411652e-03 3.031795611605048180e-03
9.000000000000000000e+02 1.146995578892529011e-03 2.740457886829972267e-03 7.592042675241827965e-04 4.195994231849908829e-03 2.422842895612120628e-03 2.705193823203444481e-03 1.146995578892529011e-03 2.740457886829972267e-03 7.592042675241827965e-04 4.195994231849908829e-03 2.422842895612120628e-03 2.705193823203444481e-03
1.000000000000000000e+03 1.084624673239886761e-03 2.806714503094553947e-03 6.710564484819769859e-04 5.812109913676977158e-03 2.333228243514895439e-03 4.649208858609199524e-03 1.084624673239886761e-03 2.806714503094553947e-03 6.710564484819769859e-04 5.812109913676977158e-03 2.333228243514895439e-03 4.649208858609199524e-03
1.100000000000000000e+03 8.078597020357847214e-04 2.148584928363561630e-03 5.507867899723351002e-04 7.302262820303440094e-03 2.058096230030059814e-03 6.248338147997856140e-03 8.078597020357847214e-04 2.148584928363561630e-03 5.507867899723351002e-04 7.302262820303440094e-03 2.058096230030059814e-03 6.248338147997856140e-03
1.200000000000000000e+03 7.719653658568859100e-04 2.175500616431236267e-03 5.608781357295811176e-04 2.847659867256879807e-03 1.781005878001451492e-03 1.906184363178908825e-03 7.719653658568859100e-04 2.175500616431236267e-03 5.608781357295811176e-04 2.847659867256879807e-03 1.781005878001451492e-03 1.906184363178908825e-03
1.300000000000000000e+03 6.975966971367597580e-04 1.984805101528763771e-03 5.296739400364458561e-04 3.076852532103657722e-03 1.654566498473286629e-03 2.002891153097152710e-03 6.975966971367597580e-04 1.984805101528763771e-03 5.296739400364458561e-04 3.076852532103657722e-03 1.654566498473286629e-03 2.002891153097152710e-03
1.400000000000000000e+03 6.634634919464588165e-04 1.956433523446321487e-03 5.216625286266207695e-04 2.682145917788147926e-03 1.558910356834530830e-03 1.788749126717448235e-03 6.634634919464588165e-04 1.956433523446321487e-03 5.216625286266207695e-04 2.682145917788147926e-03 1.558910356834530830e-03 1.788749126717448235e-03
1.500000000000000000e+03 5.863622645847499371e-04 1.623383024707436562e-03 4.899183986708521843e-04 4.497760906815528870e-03 1.474671647883951664e-03 2.536947140470147133e-03 5.863622645847499371e-04 1.623383024707436562e-03 4.899183986708521843e-04 4.497760906815528870e-03 1.474671647883951664e-03 2.536947140470147133e-03
1.600000000000000000e+03 5.524022853933274746e-04 1.589701394550502300e-03 4.820352187380194664e-04 2.341722603887319565e-03 1.280789845623075962e-03 1.839907956309616566e-03 5.524022853933274746e-04 1.589701394550502300e-03 4.820352187380194664e-04 2.341722603887319565e-03 1.280789845623075962e-03 1.839907956309616566e-03
1.700000000000000000e+03 5.135829560458660126e-04 1.479049562476575375e-03 4.799255111720412970e-04 1.923221629112958908e-03 1.184157910756766796e-03 1.422284520231187344e-03 5.135829560458660126e-04 1.479049562476575375e-03 4.799255111720412970e-04 1.923221629112958908e-03 1.184157910756766796e-03 1.422284520231187344e-03
1.800000000000000000e+03 4.926163237541913986e-04 1.354636391624808311e-03 4.645891895052045584e-04 1.759908627718687057e-03 1.036101486533880234e-03 1.236539334058761597e-03 4.926163237541913986e-04 1.354636391624808311e-03 4.645891895052045584e-04 1.759908627718687057e-03 1.036101486533880234e-03 1.236539334058761597e-03
1.900000000000000000e+03 4.891355056315660477e-04 1.345743075944483280e-03 4.675950331147760153e-04 2.419515745714306831e-03 9.549534879624843597e-04 1.543636200949549675e-03 4.891355056315660477e-04 1.345743075944483280e-03 4.675950331147760153e-04 2.419515745714306831e-03 9.549534879624843597e-04 1.543636200949549675e-03
2.000000000000000000e+03 4.562832182273268700e-04 1.187857938930392265e-03 4.689544148277491331e-04 1.871424145065248013e-03 8.526563760824501514e-04 1.466325949877500534e-03 4.562832182273268700e-04 1.187857938930392265e-03 4.689544148277491331e-04 1.871424145065248013e-03 8.526563760824501514e-04 1.466325949877500534e-03
2.100000000000000000e+03 4.536228661891072989e-04 1.121697016060352325e-03 4.646448069252073765e-04 2.205091761425137520e-03 7.688014302402734756e-04 1.764103304594755173e-03 4.536228661891072989e-04 1.121697016060352325e-03 4.646448069252073765e-04 2.205091761425137520e-03 7.688014302402734756e-04 1.764103304594755173e-03
2.200000000000000000e+03 4.158625961281359196e-04 9.913238463923335075e-04 4.588983720168471336e-04 1.674317405559122562e-03 6.847056210972368717e-04 1.186606590636074543e-03 4.158625961281359196e-04 9.913238463923335075e-04 4.588983720168471336e-04 1.674317405559122562e-03 6.847056210972368717e-04 1.186606590636074543e-03
2.300000000000000000e+03 3.724414564203470945e-04 8.353724260814487934e-04 3.996544401161372662e-04 3.181193489581346512e-03 7.211023475974798203e-04 2.014524536207318306e-03 3.724414564203470945e-04 8.353724260814487934e-04 3.996544401161372662e-04 3.181193489581346512e-03 7.211023475974798203e-04 2.014524536207318306e-03
2.400000000000000000e+03 4.280131834093481302e-04 8.861682144924998283e-04 4.338626458775252104e-04 2.741581760346889496e-03 5.842599202878773212e-04 1.964217983186244965e-03 4.280131834093481302e-04 8.861682144924998283e-04 4.338626458775252104e-04 2.741581760346889496e-03 5.842599202878773212e-04 1.964217983186244965e-03
2.500000000000000000e+03 3.604377561714500189e-04 7.155888015404343605e-04 3.794048971030861139e-04 2.110060770064592361e-03 5.932986969128251076e-04 1.367636607028543949e-03 3.604377561714500189e-04 7.155888015404343605e-04 3.794048971030861139e-04 2.110060770064592361e-03 5.932986969128251076e-04 1.367636607028543949e-03
2.600000000000000000e+03 3.590626583900302649e-04 6.982832564972341061e-04 3.709829761646687984e-04 1.057239715009927750e-03 5.930170882493257523e-04 8.175916736945509911e-04 3.590626583900302649e-04 6.982832564972341061e-04 3.709829761646687984e-04 1.057239715009927750e-03 5.930170882493257523e-04 8.175916736945509911e-04
2.700000000000000000e+03 3.614664019551128149e-04 6.283250986598432064e-04 3.620684437919408083e-04 1.146777998656034470e-03 3.978856257162988186e-04 1.055646571330726147e-03 3.614664019551128149e-04 6.283250986598432064e-04 3.620684437919408083e-04 1.146777998656034470e-03 3.978856257162988186e-04 1.055646571330726147e-03
2.800000000000000000e+03 3.218853380531072617e-04 5.692889681085944176e-04 3.258803626522421837e-04 1.447673887014389038e-03 4.262609872967004776e-04 8.542712312191724777e-04 3.218853380531072617e-04 5.692889681085944176e-04 3.258803626522421837e-04 1.447673887014389038e-03 4.262609872967004776e-04 8.542712312191724777e-04
2.900000000000000000e+03 3.254727344028651714e-04 6.680806400254368782e-04 3.248839348088949919e-04 9.553765994496643543e-04 6.124071660451591015e-04 7.333275862038135529e-04 3.254727344028651714e-04 6.680806400254368782e-04 3.248839348088949919e-04 9.553765994496643543e-04 6.124071660451591015e-04 7.333275862038135529e-04
3.000000000000000000e+03 3.013296227436512709e-04 5.040488322265446186e-04 2.833431062754243612e-04 2.026135567575693130e-03 4.539312794804573059e-04 1.155856414698064327e-03 3.013296227436512709e-04 5.040488322265446186e-04 2.833431062754243612e-04 2.026135567575693130e-03 4.539312794804573059e-04 1.155856414698064327e-03
3.100000000000000000e+03 2.803250099532306194e-04 5.226318608038127422e-04 2.775578468572348356e-04 4.688448738306760788e-03 6.262718234211206436e-04 1.943795126862823963e-03 2.803250099532306194e-04 5.226318608038127422e-04 2.775578468572348356e-04 4.688448738306760788e-03 6.262718234211206436e-04 1.943795126862823963e-03
3.200000000000000000e+03 2.979832352139055729e-04 4.663710133172571659e-04 2.627465000841766596e-04 8.325810777023434639e-04 3.297301882412284613e-04 6.267947610467672348e-04 2.979832352139055729e-04 4.663710133172571659e-04 2.627465000841766596e-04 8.325810777023434639e-04 3.297301882412284613e-04 6.267947610467672348e-04
3.300000000000000000e+03 2.749441191554069519e-04 4.117269418202340603e-04 2.451335021760314703e-04 1.005836646072566509e-03 3.118820895906537771e-04 5.912720225751399994e-04 2.749441191554069519e-04 4.117269418202340603e-04 2.451335021760314703e-04 1.005836646072566509e-03 3.118820895906537771e-04 5.912720225751399994e-04
3.400000000000000000e+03 2.720603952184319496e-04 4.369053931441158056e-04 2.317118050996214151e-04 2.653350820764899254e-03 4.773800901602953672e-04 1.515243318863213062e-03 2.720603952184319496e-04 4.369053931441158056e-04 2.317118050996214151e-04 2.653350820764899254e-03 4.773800901602953672e-04 1.515243318863213062e-03
3.500000000000000000e+03 3.228561836294829845e-04 4.849298857152462006e-04 2.594790712464600801e-04 3.754716599360108376e-03 3.901176969520747662e-04 1.925818971358239651e-03 3.228561836294829845e-04 4.849298857152462006e-04 2.594790712464600801e-04 3.754716599360108376e-03 3.901176969520747662e-04 1.925818971358239651e-03
3.600000000000000000e+03 2.630360540933907032e-04 3.722878172993659973e-04 2.128036285284906626e-04 7.634824723936617374e-04 2.217897417722269893e-04 4.758384020533412695e-04 2.630360540933907032e-04 3.722878172993659973e-04 2.128036285284906626e-04 7.634824723936617374e-04 2.217897417722269893e-04 4.758384020533412695e-04
3.700000000000000000e+03 2.444653946440666914e-04 4.348259535618126392e-04 1.969069853657856584e-04 2.516961656510829926e-03 5.201259045861661434e-04 1.286324579268693924e-03 2.444653946440666914e-04 4.348259535618126392e-04 1.969069853657856584e-04 2.516961656510829926e-03 5.201259045861661434e-04 1.286324579268693924e-03
3.800000000000000000e+03 2.353730960749089718e-04 4.497041809372603893e-04 1.937408087542280555e-04 2.479821210727095604e-03 6.718464428558945656e-04 1.905012759380042553e-03 2.353730960749089718e-04 4.497041809372603893e-04 1.937408087542280555e-04 2.479821210727095604e-03 6.718464428558945656e-04 1.905012759380042553e-03
3.900000000000000000e+03 2.275151200592517853e-04 3.342418931424617767e-04 1.841380581026896834e-04 9.382410207763314247e-04 2.298125618835911155e-04 1.299115712754428387e-03 2.275151200592517853e-04 3.342418931424617767e-04 1.841380581026896834e-04 9.382410207763314247e-04 2.298125618835911155e-04 1.299115712754428387e-03
4.000000000000000000e+03 2.152589877368882298e-04 3.299395903013646603e-04 1.676807878538966179e-04 7.238170364871621132e-04 2.613180840853601694e-04 3.487413341645151377e-04 2.152589877368882298e-04 3.299395903013646603e-04 1.676807878538966179e-04 7.238170364871621132e-04 2.613180840853601694e-04 3.487413341645151377e-04
4.100000000000000000e+03 2.708797983359545469e-04 4.436896706465631723e-04 2.024160494329407811e-04 2.686091698706150055e-03 7.029704865999519825e-04 1.535763498395681381e-03 2.708797983359545469e-04 4.436896706465631723e-04 2.024160494329407811e-04 2.686091698706150055e-03 7.029704865999519825e-04 1.535763498395681381e-03
4.200000000000000000e+03 2.148054627468809485e-04 3.092532278969883919e-04 1.523769606137648225e-04 7.987636490724980831e-04 1.730569056235253811e-04 3.927995567210018635e-04 2.148054627468809485e-04 3.092532278969883919e-04 1.523769606137648225e-04 7.987636490724980831e-04 1.730569056235253811e-04 3.927995567210018635e-04
4.300000000000000000e+03 2.013702469412237406e-04 3.031324013136327267e-04 1.522839302197098732e-04 8.428255678154528141e-04 1.629145990591496229e-04 5.091617349535226822e-04 2.013702469412237406e-04 3.031324013136327267e-04 1.522839302197098732e-04 8.428255678154528141e-04 1.629145990591496229e-04 5.091617349535226822e-04
4.400000000000000000e+03 1.859059702837839723e-04 2.968017361126840115e-04 1.360186579404398799e-04 8.124394807964563370e-04 2.357756311539560556e-04 4.106510314159095287e-04 1.859059702837839723e-04 2.968017361126840115e-04 1.360186579404398799e-04 8.124394807964563370e-04 2.357756311539560556e-04 4.106510314159095287e-04
4.500000000000000000e+03 1.938682107720524073e-04 3.014075628016144037e-04 1.482335937907919288e-04 1.519547426141798496e-03 1.595408248249441385e-04 7.172142504714429379e-04 1.938682107720524073e-04 3.014075628016144037e-04 1.482335937907919288e-04 1.519547426141798496e-03 1.595408248249441385e-04 7.172142504714429379e-04
4.600000000000000000e+03 1.774041156750172377e-04 2.757113252300769091e-04 1.231367787113413215e-04 7.574848714284598827e-04 2.020474494202062488e-04 3.448039351496845484e-04 1.774041156750172377e-04 2.757113252300769091e-04 1.231367787113413215e-04 7.574848714284598827e-04 2.020474494202062488e-04 3.448039351496845484e-04
4.700000000000000000e+03 1.678083499427884817e-04 4.388341621961444616e-04 1.314944383921101689e-04 8.369543938897550106e-04 5.859536468051373959e-04 7.243149448186159134e-04 1.678083499427884817e-04 4.388341621961444616e-04 1.314944383921101689e-04 8.369543938897550106e-04 5.859536468051373959e-04 7.243149448186159134e-04
4.800000000000000000e+03 1.630993210710585117e-04 2.527446486055850983e-04 1.125304988818243146e-04 7.883755606599152088e-04 2.172710810555145144e-04 8.709185640327632427e-04 1.630993210710585117e-04 2.527446486055850983e-04 1.125304988818243146e-04 7.883755606599152088e-04 2.172710810555145144e-04 8.709185640327632427e-04
4.900000000000000000e+03 1.619509130250662565e-04 2.649005036801099777e-04 1.129985903389751911e-04 1.382763963192701340e-03 2.744407101999968290e-04 8.826634148135781288e-04 1.619509130250662565e-04 2.649005036801099777e-04 1.129985903389751911e-04 1.382763963192701340e-03 2.744407101999968290e-04 8.826634148135781288e-04
5.000000000000000000e+03 1.688717602519318461e-04 2.914299257099628448e-04 1.237219839822500944e-04 1.447479124180972576e-03 1.765196793712675571e-04 1.655903412029147148e-03 1.688717602519318461e-04 2.914299257099628448e-04 1.237219839822500944e-04 1.447479124180972576e-03 1.765196793712675571e-04 1.655903412029147148e-03
5.100000000000000000e+03 1.463966327719390392e-04 2.384885156061500311e-04 9.574442810844630003e-05 7.285983883775770664e-04 2.152302331523969769e-04 3.351766208652406931e-04 1.463966327719390392e-04 2.384885156061500311e-04 9.574442810844630003e-05 7.285983883775770664e-04 2.152302331523969769e-04 3.351766208652406931e-04
5.200000000000000000e+03 1.537042844574898481e-04 2.633859694469720125e-04 1.054473104886710644e-04 7.708155317232012749e-04 1.978883956326171756e-04 4.884477239102125168e-04 1.537042844574898481e-04 2.633859694469720125e-04 1.054473104886710644e-04 7.708155317232012749e-04 1.978883956326171756e-04 4.884477239102125168e-04
5.300000000000000000e+03 1.382462651235982776e-04 2.120198332704603672e-04 8.903025445761159062e-05 5.119562265463173389e-04 1.500647485954686999e-04 2.516274980735033751e-04 1.382462651235982776e-04 2.120198332704603672e-04 8.903025445761159062e-05 5.119562265463173389e-04 1.500647485954686999e-04 2.516274980735033751e-04
5.400000000000000000e+03 1.421267952537164092e-04 3.426126495469361544e-04 9.239080827683210373e-05 9.733642800711095333e-04 4.085358232259750366e-04 3.314001078251749277e-04 1.421267952537164092e-04 3.426126495469361544e-04 9.239080827683210373e-05 9.733642800711095333e-04 4.085358232259750366e-04 3.314001078251749277e-04
5.500000000000000000e+03 1.337547728326171637e-04 2.081513957818970084e-04 9.345628495793789625e-05 2.247173339128494263e-03 3.563593199942260981e-04 1.517938333563506603e-03 1.337547728326171637e-04 2.081513957818970084e-04 9.345628495793789625e-05 2.247173339128494263e-03 3.563593199942260981e-04 1.517938333563506603e-03
5.600000000000000000e+03 1.397321466356515884e-04 2.232748665846884251e-04 9.947477519745007157e-05 1.413330552168190479e-03 1.536601630505174398e-04 7.574830669909715652e-04 1.397321466356515884e-04 2.232748665846884251e-04 9.947477519745007157e-05 1.413330552168190479e-03 1.536601630505174398e-04 7.574830669909715652e-04
5.700000000000000000e+03 1.322624157182872295e-04 2.082016289932653308e-04 9.294426854467019439e-05 1.492725335992872715e-03 1.766652858350425959e-04 1.369947451166808605e-03 1.322624157182872295e-04 2.082016289932653308e-04 9.294426854467019439e-05 1.492725335992872715e-03 1.766652858350425959e-04 1.369947451166808605e-03
5.800000000000000000e+03 1.232314389199018478e-04 1.846331870183348656e-04 7.585145795019343495e-05 4.470587882678955793e-04 1.228532346431165934e-04 1.612700143596157432e-04 1.232314389199018478e-04 1.846331870183348656e-04 7.585145795019343495e-05 4.470587882678955793e-04 1.228532346431165934e-04 1.612700143596157432e-04
5.900000000000000000e+03 1.345685450360178947e-04 2.182887837989255786e-04 9.542879706714302301e-05 1.824872335419058800e-03 2.198131551267579198e-04 9.852491784840822220e-04 1.345685450360178947e-04 2.182887837989255786e-04 9.542879706714302301e-05 1.824872335419058800e-03 2.198131551267579198e-04 9.852491784840822220e-04
6.000000000000000000e+03 1.298998831771314144e-04 2.222841430921107531e-04 9.189334377879276872e-05 1.463493215851485729e-03 2.068809553747996688e-04 8.298622560687363148e-04 1.298998831771314144e-04 2.222841430921107531e-04 9.189334377879276872e-05 1.463493215851485729e-03 2.068809553747996688e-04 8.298622560687363148e-04
6.100000000000000000e+03 1.336201821686699986e-04 2.041672705672681332e-04 1.148353840108029544e-04 3.524178639054298401e-03 3.881302545778453350e-04 2.403899328783154488e-03 1.336201821686699986e-04 2.041672705672681332e-04 1.148353840108029544e-04 3.524178639054298401e-03 3.881302545778453350e-04 2.403899328783154488e-03
6.200000000000000000e+03 1.182412233902141452e-04 1.810577959986403584e-04 7.788967195665463805e-05 1.632575527764856815e-03 1.785786298569291830e-04 5.463073612190783024e-04 1.182412233902141452e-04 1.810577959986403584e-04 7.788967195665463805e-05 1.632575527764856815e-03 1.785786298569291830e-04 5.463073612190783024e-04
6.300000000000000000e+03 1.208732355735264719e-04 2.072099741781130433e-04 8.165332837961614132e-05 8.016894571483135223e-04 2.285062219016253948e-04 4.391139082144945860e-04 1.208732355735264719e-04 2.072099741781130433e-04 8.165332837961614132e-05 8.016894571483135223e-04 2.285062219016253948e-04 4.391139082144945860e-04
6.400000000000000000e+03 1.101192392525263131e-04 1.868266117526218295e-04 6.867846968816593289e-05 6.152445566840469837e-04 1.133590412791818380e-04 1.743428001645952463e-04 1.101192392525263131e-04 1.868266117526218295e-04 6.867846968816593289e-05 6.152445566840469837e-04 1.133590412791818380e-04 1.743428001645952463e-04
6.500000000000000000e+03 1.213865543832071126e-04 2.144669124390929937e-04 9.175697050523012877e-05 1.575389760546386242e-03 1.708233030512928963e-04 8.699786849319934845e-04 1.213865543832071126e-04 2.144669124390929937e-04 9.175697050523012877e-05 1.575389760546386242e-03 1.708233030512928963e-04 8.699786849319934845e-04
6.600000000000000000e+03 1.046749675879254937e-04 1.511683658463880420e-04 6.179204501677304506e-05 5.099537083879113197e-04 1.233009534189477563e-04 2.352545852772891521e-04 1.046749675879254937e-04 1.511683658463880420e-04 6.179204501677304506e-05 5.099537083879113197e-04 1.233009534189477563e-04 2.352545852772891521e-04
6.700000000000000000e+03 1.134481208282522857e-04 1.719427091302350163e-04 7.649740291526541114e-05 1.661022659391164780e-03 2.628763322718441486e-04 1.342626404948532581e-03 1.134481208282522857e-04 1.719427091302350163e-04 7.649740291526541114e-05 1.661022659391164780e-03 2.628763322718441486e-04 1.342626404948532581e-03
6.800000000000000000e+03 1.017669274006038904e-04 1.728303177515044808e-04 5.865350249223411083e-05 3.637340560089796782e-04 9.833132207859307528e-05 1.911479630507528782e-04 1.017669274006038904e-04 1.728303177515044808e-04 5.865350249223411083e-05 3.637340560089796782e-04 9.833132207859307528e-05 1.911479630507528782e-04
6.900000000000000000e+03 1.067294360836967826e-04 1.665687304921448231e-04 6.693354953313246369e-05 7.744019385427236557e-04 9.544430213281884789e-05 6.930601666681468487e-04 1.067294360836967826e-04 1.665687304921448231e-04 6.693354953313246369e-05 7.744019385427236557e-04 9.544430213281884789e-05 6.930601666681468487e-04
7.000000000000000000e+03 1.023582008201628923e-04 1.672756479820236564e-04 6.367568130372092128e-05 7.120885420590639114e-04 1.453353470424190164e-04 2.960426500067114830e-04 1.023582008201628923e-04 1.672756479820236564e-04 6.367568130372092128e-05 7.120885420590639114e-04 1.453353470424190164e-04 2.960426500067114830e-04
7.100000000000000000e+03 1.219934201799333096e-04 2.027651353273540735e-04 7.512490265071392059e-05 2.934836782515048981e-03 4.518025380093604326e-04 1.710711861960589886e-03 1.219934201799333096e-04 2.027651353273540735e-04 7.512490265071392059e-05 2.934836782515048981e-03 4.518025380093604326e-04 1.710711861960589886e-03
7.200000000000000000e+03 9.461498120799660683e-05 1.788245863281190395e-04 5.515938391909003258e-05 2.883149718400090933e-04 1.578953815624117851e-04 9.832740033743903041e-05 9.461498120799660683e-05 1.788245863281190395e-04 5.515938391909003258e-05 2.883149718400090933e-04 1.578953815624117851e-04 9.832740033743903041e-05
7.300000000000000000e+03 1.027788894134573638e-04 1.992072793655097485e-04 7.338170689763501287e-05 1.159609179012477398e-03 2.754988090600818396e-04 8.654674747958779335e-04 1.027788894134573638e-04 1.992072793655097485e-04 7.338170689763501287e-05 1.159609179012477398e-03 2.754988090600818396e-04 8.654674747958779335e-04
7.400000000000000000e+03 1.179682876681908965e-04 2.093162911478430033e-04 7.941974035929888487e-05 2.549080643802881241e-03 3.191946307197213173e-04 1.994739985093474388e-03 1.179682876681908965e-04 2.093162911478430033e-04 7.941974035929888487e-05 2.549080643802881241e-03 3.191946307197213173e-04 1.994739985093474388e-03
7.500000000000000000e+03 1.050859646056778729e-04 1.943193929037079215e-04 8.784673991613090038e-05 6.929048686288297176e-04 1.692704536253586411e-04 3.500203893054276705e-04 1.050859646056778729e-04 1.943193929037079215e-04 8.784673991613090038e-05 6.929048686288297176e-04 1.692704536253586411e-04 3.500203893054276705e-04
7.600000000000000000e+03 8.977935067377984524e-05 1.507937995484098792e-04 5.190535011934116483e-05 5.307818064466118813e-04 9.782931010704487562e-05 2.944385923910886049e-04 8.977935067377984524e-05 1.507937995484098792e-04 5.190535011934116483e-05 5.307818064466118813e-04 9.782931010704487562e-05 2.944385923910886049e-04
7.700000000000000000e+03 8.777953189564868808e-05 1.319188886554911733e-04 4.888503463007509708e-05 4.421598569024354219e-04 1.050405771820805967e-04 2.466667501721531153e-04 8.777953189564868808e-05 1.319188886554911733e-04 4.888503463007509708e-05 4.421598569024354219e-04 1.050405771820805967e-04 2.466667501721531153e-04
7.800000000000000000e+03 8.819658978609368205e-05 1.343943731626495719e-04 4.785764394910074770e-05 6.088202353566884995e-04 1.279000571230426431e-04 3.340269613545387983e-04 8.819658978609368205e-05 1.343943731626495719e-04 4.785764394910074770e-05 6.088202353566884995e-04 1.279000571230426431e-04 3.340269613545387983e-04
7.900000000000000000e+03 8.794882887741550803e-05 1.270151551580056548e-04 4.950196307618170977e-05 6.786532467231154442e-04 1.373700215481221676e-04 5.815883050672709942e-04 8.794882887741550803e-05 1.270151551580056548e-04 4.950196307618170977e-05 6.786532467231154442e-04 1.373700215481221676e-04 5.815883050672709942e-04
8.000000000000000000e+03 8.736819290788844228e-05 1.858105097198858857e-04 5.072455314802937210e-05 4.618164384737610817e-04 1.933428284246474504e-04 1.378679589834064245e-04 8.736819290788844228e-05 1.858105097198858857e-04 5.072455314802937210e-05 4.618164384737610817e-04 1.933428284246474504e-04 1.378679589834064245e-04
8.100000000000000000e+03 8.087076275842264295e-05 1.151921896962448955e-04 4.282186273485422134e-05 2.536277170293033123e-04 5.859006341779604554e-05 7.136875501601025462e-05 8.087076275842264295e-05 1.151921896962448955e-04 4.282186273485422134e-05 2.536277170293033123e-04 5.859006341779604554e-05 7.136875501601025462e-05
8.200000000000000000e+03 8.277632878161966801e-05 1.141849279520101845e-04 4.298451676731929183e-05 2.374673204030841589e-04 5.472420161822810769e-05 6.717786891385912895e-05 8.277632878161966801e-05 1.141849279520101845e-04 4.298451676731929183e-05 2.374673204030841589e-04 5.472420161822810769e-05 6.717786891385912895e-05
8.300000000000000000e+03 7.904875383246690035e-05 1.161466789199039340e-04 4.124600309296511114e-05 2.456079237163066864e-04 7.120705413399264216e-05 7.694717351114377379e-05 7.904875383246690035e-05 1.161466789199039340e-04 4.124600309296511114e-05 2.456079237163066864e-04 7.120705413399264216e-05 7.694717351114377379e-05
8.400000000000000000e+03 7.953961176099255681e-05 1.141470347647555172e-04 4.191414336673915386e-05 2.923197171185165644e-04 7.043311052257195115e-05 1.040230490616522729e-04 7.953961176099255681e-05 1.141470347647555172e-04 4.191414336673915386e-05 2.923197171185165644e-04 7.043311052257195115e-05 1.040230490616522729e-04
8.500000000000000000e+03 7.851563714211806655e-05 1.123782421927899122e-04 4.171536784269846976e-05 2.671738038770854473e-04 6.772299093427136540e-05 1.051625076797790825e-04 7.851563714211806655e-05 1.123782421927899122e-04 4.171536784269846976e-05 2.671738038770854473e-04 6.772299093427136540e-05 1.051625076797790825e-04
8.600000000000000000e+03 1.265361643163487315e-04 3.023731405846774578e-04 1.118228319683112204e-04 8.302828297019004822e-03 7.789696683175861835e-04 3.677069209516048431e-03 1.265361643163487315e-04 3.023731405846774578e-04 1.118228319683112204e-04 8.302828297019004822e-03 7.789696683175861835e-04 3.677069209516048431e-03
8.700000000000000000e+03 7.814222044544294477e-05 1.186663721455261111e-04 4.369781891000457108e-05 7.739303400740027428e-04 1.402660127496346831e-04 4.514729371294379234e-04 7.814222044544294477e-05 1.186663721455261111e-04 4.369781891000457108e-05 7.739303400740027428e-04 1.402660127496346831e-04 4.514729371294379234e-04
8.800000000000000000e+03 8.531431376468390226e-05 1.322613970842212439e-04 5.811787923448719084e-05 2.195310546085238457e-03 2.111937501467764378e-04 1.232396811246871948e-03 8.531431376468390226e-05 1.322613970842212439e-04 5.811787923448719084e-05 2.195310546085238457e-03 2.111937501467764378e-04 1.232396811246871948e-03
8.900000000000000000e+03 7.276413089130073786e-05 1.037036490743048489e-04 3.898558134096674621e-05 2.721131604630500078e-04 6.846849282737821341e-05 9.436944674234837294e-05 7.276413089130073786e-05 1.037036490743048489e-04 3.898558134096674621e-05 2.721131604630500078e-04 6.846849282737821341e-05 9.436944674234837294e-05
9.000000000000000000e+03 7.192791963461786509e-05 1.070031794370152056e-04 4.104606705368496478e-05 4.016028251498937607e-04 6.965223292354494333e-05 2.165407495340332389e-04 7.192791963461786509e-05 1.070031794370152056e-04 4.104606705368496478e-05 4.016028251498937607e-04 6.965223292354494333e-05 2.165407495340332389e-04
9.100000000000000000e+03 7.489636482205241919e-05 1.109586082748137414e-04 4.121504025533795357e-05 3.253179020248353481e-04 6.935244164196774364e-05 1.323960023000836372e-04 7.489636482205241919e-05 1.109586082748137414e-04 4.121504025533795357e-05 3.253179020248353481e-04 6.935244164196774364e-05 1.323960023000836372e-04
9.200000000000000000e+03 6.758286326657980680e-05 1.007203536573797464e-04 3.716878200066275895e-05 2.445603604428470135e-04 5.746323586208745837e-05 1.648027391638606787e-04 6.758286326657980680e-05 1.007203536573797464e-04 3.716878200066275895e-05 2.445603604428470135e-04 5.746323586208745837e-05 1.648027391638606787e-04
9.300000000000000000e+03 8.545083255739882588e-05 1.609817118151113391e-04 6.262213719310238957e-05 3.411889076232910156e-03 2.851652971003204584e-04 1.525244675576686859e-03 8.545083255739882588e-05 1.609817118151113391e-04 6.262213719310238957e-05 3.411889076232910156e-03 2.851652971003204584e-04 1.525244675576686859e-03
9.400000000000000000e+03 6.858265987830236554e-05 9.827366739045828581e-05 3.997157909907400608e-05 2.815772313624620438e-04 5.244294516160152853e-05 1.929581485455855727e-04 6.858265987830236554e-05 9.827366739045828581e-05 3.997157909907400608e-05 2.815772313624620438e-04 5.244294516160152853e-05 1.929581485455855727e-04
9.500000000000000000e+03 7.282188744284212589e-05 1.219851255882531404e-04 5.136389154358766973e-05 1.863470650278031826e-03 1.584044512128457427e-04 9.585472289472818375e-04 7.282188744284212589e-05 1.219851255882531404e-04 5.136389154358766973e-05 1.863470650278031826e-03 1.584044512128457427e-04 9.585472289472818375e-04
9.600000000000000000e+03 7.597509829793125391e-05 2.268689859192818403e-04 5.520306513062678277e-05 7.719591376371681690e-04 4.272472870070487261e-04 6.706574349664151669e-04 7.597509829793125391e-05 2.268689859192818403e-04 5.520306513062678277e-05 7.719591376371681690e-04 4.272472870070487261e-04 6.706574349664151669e-04
9.700000000000000000e+03 6.418587145162746310e-05 9.018184937303885818e-05 3.522249244269914925e-05 2.288785326527431607e-04 4.902265209238976240e-05 5.609540676232427359e-05 6.418587145162746310e-05 9.018184937303885818e-05 3.522249244269914925e-05 2.288785326527431607e-04 4.902265209238976240e-05 5.609540676232427359e-05
9.800000000000000000e+03 6.846671021776273847e-05 1.029158229357562959e-04 4.093778261449187994e-05 7.047459366731345654e-04 1.208232351928018034e-04 5.343771772459149361e-04 6.846671021776273847e-05 1.029158229357562959e-04 4.093778261449187994e-05 7.047459366731345654e-04 1.208232351928018034e-04 5.343771772459149361e-04
9.900000000000000000e+03 8.867438009474426508e-05 3.051106468774378300e-04 1.304566831095144153e-04 1.486444380134344101e-03 5.140628782100975513e-04 2.013031160458922386e-03 8.867438009474426508e-05 3.051106468774378300e-04 1.304566831095144153e-04 1.486444380134344101e-03 5.140628782100975513e-04 2.013031160458922386e-03
1.000000000000000000e+04 6.441542791435495019e-05 1.308799692196771502e-04 4.363205880508758128e-05 2.274131838930770755e-04 1.049008569680154324e-04 1.608314050827175379e-04 6.441542791435495019e-05 1.308799692196771502e-04 4.363205880508758128e-05 2.274131838930770755e-04 1.049008569680154324e-04 1.608314050827175379e-04
1.000000000000000000e+04 6.441542791435495019e-05 1.308799692196771502e-04 4.363205880508758128e-05 2.274131838930770755e-04 1.049008569680154324e-04 1.608314050827175379e-04 6.441542791435495019e-05 1.308799692196771502e-04 4.363205880508758128e-05 2.274131838930770755e-04 1.049008569680154324e-04 1.608314050827175379e-04
1.010000000000000000e+04 8.127023465931415558e-05 1.139913001679815352e-04 4.915422323392704129e-05 1.780007005436345935e-04 5.736601087846793234e-05 8.538446127204224467e-05 8.127023465931415558e-05 1.139913001679815352e-04 4.915422323392704129e-05 1.780007005436345935e-04 5.736601087846793234e-05 8.538446127204224467e-05
1.020000000000000000e+04 6.597916217288002372e-05 8.956714736996218562e-05 3.741309410543181002e-05 1.644802832743152976e-04 4.519763024291023612e-05 5.716301529901102185e-05 6.597916217288002372e-05 8.956714736996218562e-05 3.741309410543181002e-05 1.644802832743152976e-04 4.519763024291023612e-05 5.716301529901102185e-05
1.030000000000000000e+04 6.219098577275872231e-05 8.521552081219851971e-05 3.523204941302537918e-05 1.620908587938174605e-04 4.147675645072013140e-05 5.108449477120302618e-05 6.219098577275872231e-05 8.521552081219851971e-05 3.523204941302537918e-05 1.620908587938174605e-04 4.147675645072013140e-05 5.108449477120302618e-05
1.040000000000000000e+04 5.968515688437037170e-05 8.227768557844683528e-05 3.399495108169503510e-05 1.608325546840205789e-04 3.937666406272910535e-05 4.769742372445762157e-05 5.968515688437037170e-05 8.227768557844683528e-05 3.399495108169503510e-05 1.608325546840205789e-04 3.937666406272910535e-05 4.769742372445762157e-05
1.050000000000000000e+04 5.777859041700139642e-05 8.001925016287714243e-05 3.314893547212705016e-05 1.594143104739487171e-04 3.784998261835426092e-05 4.536380583886057138e-05 5.777859041700139642e-05 8.001925016287714243e-05 3.314893547212705016e-05 1.594143104739487171e-04 3.784998261835426092e-05 4.536380583886057138e-05
1.060000000000000000e+04 5.622993558063171804e-05 7.820245809853076935e-05 3.249632209190167487e-05 1.577074872329831123e-04 3.659104550024494529e-05 4.356640420155599713e-05 5.622993558063171804e-05 7.820245809853076935e-05 3.249632209190167487e-05 1.577074872329831123e-04 3.659104550024494529e-05 4.356640420155599713e-05
1.070000000000000000e+04 5.490044713951647282e-05 7.663480937480926514e-05 3.193040538462810218e-05 1.557611831231042743e-04 3.549446046235971153e-05 4.206940866424702108e-05 5.490044713951647282e-05 7.663480937480926514e-05 3.193040538462810218e-05 1.557611831231042743e-04 3.549446046235971153e-05 4.206940866424702108e-05
1.080000000000000000e+04 5.369643622543662786e-05 7.519580685766413808e-05 3.140053013339638710e-05 1.536361087346449494e-04 3.451585143920965493e-05 4.075131073477678001e-05 5.369643622543662786e-05 7.519580685766413808e-05 3.140053013339638710e-05 1.536361087346449494e-04 3.451585143920965493e-05 4.075131073477678001e-05
1.090000000000000000e+04 5.255698488326743245e-05 7.382102921837940812e-05 3.088492303504608572e-05 1.513656316092237830e-04 3.362076677149161696e-05 3.954957355745136738e-05 5.255698488326743245e-05 7.382102921837940812e-05 3.088492303504608572e-05 1.513656316092237830e-04 3.362076677149161696e-05 3.954957355745136738e-05
1.100000000000000000e+04 5.144896204001270235e-05 7.245055167004466057e-05 3.037773785763420165e-05 1.490308204665780067e-04 3.298744923085905612e-05 3.831583671853877604e-05 5.144896204001270235e-05 7.245055167004466057e-05 3.037773785763420165e-05 1.490308204665780067e-04 3.298744923085905612e-05 3.831583671853877604e-05
1.110000000000000000e+04 5.082286224933341146e-05 7.147811265895143151e-05 3.014797403011471033e-05 1.482614170527085662e-04 3.351406485307961702e-05 3.830783316516317427e-05 5.082286224933341146e-05 7.147811265895143151e-05 3.014797403011471033e-05 1.482614170527085662e-04 3.351406485307961702e-05 3.830783316516317427e-05
1.120000000000000000e+04 4.960183287039399147e-05 7.020890188869088888e-05 2.967951877508312464e-05 1.446957176085561514e-04 3.183392254868522286e-05 3.674031540867872536e-05 4.960183287039399147e-05 7.020890188869088888e-05 2.967951877508312464e-05 1.446957176085561514e-04 3.183392254868522286e-05 3.674031540867872536e-05
1.130000000000000000e+04 4.896201426163315773e-05 6.953608681214973330e-05 2.950987982330843806e-05 1.455094170523807406e-04 3.327900049043819308e-05 3.821473728748969734e-05 4.896201426163315773e-05 6.953608681214973330e-05 2.950987982330843806e-05 1.455094170523807406e-04 3.327900049043819308e-05 3.821473728748969734e-05
1.140000000000000000e+04 4.773278487846255302e-05 6.795967783546075225e-05 2.894761746574658900e-05 1.401283807354047894e-04 3.084751733695156872e-05 3.509245289023965597e-05 4.773278487846255302e-05 6.795967783546075225e-05 2.894761746574658900e-05 1.401283807354047894e-04 3.084751733695156872e-05 3.509245289023965597e-05
1.150000000000000000e+04 4.698074553743936121e-05 6.744202983099967241e-05 2.870517164410557598e-05 1.404947252012789249e-04 3.018237657670397311e-05 3.809729241766035557e-05 4.698074553743936121e-05 6.744202983099967241e-05 2.870517164410557598e-05 1.404947252012789249e-04 3.018237657670397311e-05 3.809729241766035557e-05
1.160000000000000000e+04 4.588505908031947911e-05 6.570004916284233332e-05 2.821566886268556118e-05 1.353220432065427303e-04 2.996529474330600351e-05 3.340925468364730477e-05 4.588505908031947911e-05 6.570004916284233332e-05 2.821566886268556118e-05 1.353220432065427303e-04 2.996529474330600351e-05 3.340925468364730477e-05
1.170000000000000000e+04 4.537875065580010414e-05 6.524409400299191475e-05 2.802873314067255706e-05 1.376496948068961501e-04 3.021059637831058353e-05 3.443055902607738972e-05 4.537875065580010414e-05 6.524409400299191475e-05 2.802873314067255706e-05 1.376496948068961501e-04 3.021059637831058353e-05 3.443055902607738972e-05
1.180000000000000000e+04 4.484067903831601143e-05 6.474905967479571700e-05 2.820318695739842951e-05 1.925614487845450640e-04 3.909502993337810040e-05 6.327817391138523817e-05 4.484067903831601143e-05 6.474905967479571700e-05 2.820318695739842951e-05 1.925614487845450640e-04 3.909502993337810040e-05 6.327817391138523817e-05
1.190000000000000000e+04 4.347270805737935007e-05 6.270063022384420037e-05 2.722245517361443490e-05 1.286999759031459689e-04 2.927129207819234580e-05 3.149079566355794668e-05 4.347270805737935007e-05 6.270063022384420037e-05 2.722245517361443490e-05 1.286999759031459689e-04 2.927129207819234580e-05 3.149079566355794668e-05
1.200000000000000000e+04 4.294633981771767139e-05 6.546895747305825353e-05 3.108153396169655025e-05 1.564117847010493279e-04 4.165167047176510096e-05 4.961309969075955451e-05 4.294633981771767139e-05 6.546895747305825353e-05 3.108153396169655025e-05 1.564117847010493279e-04 4.165167047176510096e-05 4.961309969075955451e-05
1.210000000000000000e+04 4.160414027865044773e-05 6.033387035131454468e-05 2.657206641742959619e-05 1.232556096510961652e-04 2.813168612192384899e-05 2.999690332217141986e-05 4.160414027865044773e-05 6.033387035131454468e-05 2.657206641742959619e-05 1.232556096510961652e-04 2.813168612192384899e-05 2.999690332217141986e-05
1.220000000000000000e+04 4.070575596415437758e-05 5.955862434348091483e-05 2.622075044200755656e-05 1.285249018110334873e-04 2.675982250366359949e-05 3.577383176889270544e-05 4.070575596415437758e-05 5.955862434348091483e-05 2.622075044200755656e-05 1.285249018110334873e-04 2.675982250366359949e-05 3.577383176889270544e-05
1.230000000000000000e+04 4.022335269837640226e-05 5.870100358151830733e-05 2.605844747449737042e-05 1.319520815741270781e-04 3.073633342864923179e-05 3.684569310280494392e-05 4.022335269837640226e-05 5.870100358151830733e-05 2.605844747449737042e-05 1.319520815741270781e-04 3.073633342864923179e-05 3.684569310280494392e-05
1.240000000000000000e+04 4.716367766377516091e-05 8.092620555544272065e-05 3.767079033423215151e-05 1.331931329332292080e-03 1.522099482826888561e-04 5.179130821488797665e-04 4.716367766377516091e-05 8.092620555544272065e-05 3.767079033423215151e-05 1.331931329332292080e-03 1.522099482826888561e-04 5.179130821488797665e-04
1.250000000000000000e+04 3.853204907500185072e-05 5.829375731991603971e-05 2.643500738486181945e-05 2.091244241455569863e-04 3.197443584213033319e-05 1.126817587646655738e-04 3.853204907500185072e-05 5.829375731991603971e-05 2.643500738486181945e-05 2.091244241455569863e-04 3.197443584213033319e-05 1.126817587646655738e-04
1.260000000000000000e+04 3.948916855733841658e-05 5.921677438891492784e-05 2.665330430318135768e-05 2.617411955725401640e-04 4.930585782858543098e-05 1.248084008693695068e-04 3.948916855733841658e-05 5.921677438891492784e-05 2.665330430318135768e-05 2.617411955725401640e-04 4.930585782858543098e-05 1.248084008693695068e-04
1.270000000000000000e+04 3.807876419159583747e-05 6.360044790199026465e-05 2.586332993814721704e-05 1.171377589344047010e-04 4.478969640331342816e-05 5.413764301920309663e-05 3.807876419159583747e-05 6.360044790199026465e-05 2.586332993814721704e-05 1.171377589344047010e-04 4.478969640331342816e-05 5.413764301920309663e-05
1.280000000000000000e+04 3.655774344224482775e-05 5.591687659034505486e-05 2.631168354128021747e-05 1.657166721997782588e-04 5.677131775883026421e-05 1.469302806071937084e-04 3.655774344224482775e-05 5.591687659034505486e-05 2.631168354128021747e-05 1.657166721997782588e-04 5.677131775883026421e-05 1.469302806071937084e-04
1.290000000000000000e+04 3.525787542457692325e-05 5.248663728707470000e-05 2.414978007436729968e-05 1.037642941810190678e-04 2.462822521920315921e-05 2.577372833911795169e-05 3.525787542457692325e-05 5.248663728707470000e-05 2.414978007436729968e-05 1.037642941810190678e-04 2.462822521920315921e-05 2.577372833911795169e-05
1.300000000000000000e+04 3.474423647276125848e-05 5.175524347578175366e-05 2.389995097473729402e-05 1.045775352395139635e-04 2.561541987233795226e-05 2.637416764628142118e-05 3.474423647276125848e-05 5.175524347578175366e-05 2.389995097473729402e-05 1.045775352395139635e-04 2.561541987233795226e-05 2.637416764628142118e-05
1.310000000000000000e+04 3.399520574021153152e-05 5.268915992928668857e-05 2.413864058325998485e-05 1.030114945024251938e-04 2.496562410669866949e-05 2.682936428755056113e-05 3.399520574021153152e-05 5.268915992928668857e-05 2.413864058325998485e-05 1.030114945024251938e-04 2.496562410669866949e-05 2.682936428755056113e-05
1.320000000000000000e+04 3.154484147671610117e-05 1.020509153022430837e-04 3.216271579731255770e-05 1.289030769839882851e-04 2.351398434257134795e-04 2.572436351329088211e-04 3.154484147671610117e-05 1.020509153022430837e-04 3.216271579731255770e-05 1.289030769839882851e-04 2.351398434257134795e-04 2.572436351329088211e-04
1.330000000000000000e+04 3.255886622355319560e-05 4.874946171185001731e-05 2.325780405953992158e-05 9.406050958205014467e-05 2.341012987017165869e-05 2.330010283912997693e-05 3.255886622355319560e-05 4.874946171185001731e-05 2.325780405953992158e-05 9.406050958205014467e-05 2.341012987017165869e-05 2.330010283912997693e-05
1.340000000000000000e+04 3.358317917445674539e-05 6.922292959643527865e-05 3.268963337177410722e-05 4.955683834850788116e-04 7.489921699743717909e-05 6.087056826800107956e-04 3.358317917445674539e-05 6.922292959643527865e-05 3.268963337177410722e-05 4.955683834850788116e-04 7.489921699743717909e-05 6.087056826800107956e-04
1.350000000000000000e+04 3.988836397184059024e-05 6.953770935069769621e-05 3.108733289991505444e-05 6.519979215227067471e-04 8.545770106138661504e-05 4.370976239442825317e-04 3.988836397184059024e-05 6.953770935069769621e-05 3.108733289991505444e-05 6.519979215227067471e-04 8.545770106138661504e-05 4.370976239442825317e-04
1.360000000000000000e+04 3.080926398979499936e-05 4.926251131109893322e-05 2.363494422752410173e-05 1.794592244550585747e-04 2.938126272056251764e-05 9.506641072221100330e-05 3.080926398979499936e-05 4.926251131109893322e-05 2.363494422752410173e-05 1.794592244550585747e-04 2.938126272056251764e-05 9.506641072221100330e-05
1.370000000000000000e+04 3.035516238014679402e-05 5.413737017079256475e-05 2.415303424641024321e-05 2.054734359262511134e-04 5.581589357461780310e-05 1.753955293679609895e-04 3.035516238014679402e-05 5.413737017079256475e-05 2.415303424641024321e-05 2.054734359262511134e-04 5.581589357461780310e-05 1.753955293679609895e-04
1.380000000000000000e+04 2.982134174089878798e-05 4.955998883815482259e-05 2.308787043148186058e-05 1.285671023651957512e-04 2.624851731525268406e-05 1.192388517665676773e-04 2.982134174089878798e-05 4.955998883815482259e-05 2.308787043148186058e-05 1.285671023651957512e-04 2.624851731525268406e-05 1.192388517665676773e-04
1.390000000000000000e+04 3.009191459568683058e-05 4.872870340477675200e-05 2.254061473649926484e-05 1.086327538359910250e-04 2.580571890575811267e-05 5.598223651759326458e-05 3.009191459568683058e-05 4.872870340477675200e-05 2.254061473649926484e-05 1.086327538359910250e-04 2.580571890575811267e-05 5.598223651759326458e-05
1.400000000000000000e+04 2.980369208671618253e-05 4.690700734499841928e-05 2.297124592587351799e-05 1.807554945116862655e-04 4.099038051208481193e-05 9.362718265037983656e-05 2.980369208671618253e-05 4.690700734499841928e-05 2.297124592587351799e-05 1.807554945116862655e-04 4.099038051208481193e-05 9.362718265037983656e-05
1.410000000000000000e+04 2.706620944081805646e-05 4.213974534650333226e-05 2.164553916372824460e-05 1.301730371778830886e-04 2.301222593814600259e-05 8.286938827950507402e-05 2.706620944081805646e-05 4.213974534650333226e-05 2.164553916372824460e-05 1.301730371778830886e-04 2.301222593814600259e-05 8.286938827950507402e-05
1.420000000000000000e+04 3.489934533718042076e-05 6.166711682453751564e-05 2.864590896933805197e-05 5.786347901448607445e-04 9.689490252640098333e-05 6.402241415344178677e-04 3.489934533718042076e-05 6.166711682453751564e-05 2.864590896933805197e-05 5.786347901448607445e-04 9.689490252640098333e-05 6.402241415344178677e-04
1.430000000000000000e+04 2.602899985504336655e-05 4.259859633748419583e-05 2.130055872839875519e-05 1.970276643987745047e-04 2.581908120191656053e-05 6.609506090171635151e-05 2.602899985504336655e-05 4.259859633748419583e-05 2.130055872839875519e-05 1.970276643987745047e-04 2.581908120191656053e-05 6.609506090171635151e-05
1.440000000000000000e+04 3.070947786909528077e-05 5.037089431425556540e-05 2.698159914871212095e-05 6.902541499584913254e-04 6.926939386175945401e-05 2.470869803801178932e-04 3.070947786909528077e-05 5.037089431425556540e-05 2.698159914871212095e-05 6.902541499584913254e-04 6.926939386175945401e-05 2.470869803801178932e-04
1.450000000000000000e+04 2.645059612405020744e-05 4.722788071376271546e-05 2.289741132699418813e-05 2.643815532792359591e-04 3.838617340079508722e-05 1.636444649193435907e-04 2.645059612405020744e-05 4.722788071376271546e-05 2.289741132699418813e-05 2.643815532792359591e-04 3.838617340079508722e-05 1.636444649193435907e-04
1.460000000000000000e+04 2.448305349389556795e-05 3.853543239529244602e-05 1.964283364941366017e-05 7.287922198884189129e-05 1.921383227454498410e-05 2.736492751864716411e-05 2.448305349389556795e-05 3.853543239529244602e-05 1.964283364941366017e-05 7.287922198884189129e-05 1.921383227454498410e-05 2.736492751864716411e-05
1.470000000000000000e+04 3.003490019182208925e-05 5.184497058507986367e-05 2.642460640345234424e-05 7.047049584798514843e-04 9.498203871771693230e-05 4.505469987634569407e-04 3.003490019182208925e-05 5.184497058507986367e-05 2.642460640345234424e-05 7.047049584798514843e-04 9.498203871771693230e-05 4.505469987634569407e-04
1.480000000000000000e+04 2.611282798170577735e-05 4.324088877183385193e-05 2.146962651750072837e-05 1.027411562972702086e-04 2.690083783818408847e-05 8.172012894647195935e-05 2.611282798170577735e-05 4.324088877183385193e-05 2.146962651750072837e-05 1.027411562972702086e-04 2.690083783818408847e-05 8.172012894647195935e-05
1.490000000000000000e+04 2.418114672764204443e-05 4.683970837504602969e-05 2.160483199986629188e-05 2.591703378129750490e-04 2.177204078179784119e-05 1.284103345824405551e-04 2.418114672764204443e-05 4.683970837504602969e-05 2.160483199986629188e-05 2.591703378129750490e-04 2.177204078179784119e-05 1.284103345824405551e-04
1.500000000000000000e+04 2.334759483346715569e-05 4.353099939180538058e-05 1.945528674696106464e-05 1.082590752048417926e-04 2.627175126690417528e-05 5.406530544860288501e-05 2.334759483346715569e-05 4.353099939180538058e-05 1.945528674696106464e-05 1.082590752048417926e-04 2.627175126690417528e-05 5.406530544860288501e-05
1.510000000000000000e+04 2.219039015471935272e-05 3.780424231081269681e-05 1.905041062855161726e-05 1.144198540714569390e-04 2.383500759606249630e-05 4.284462920622900128e-05 2.219039015471935272e-05 3.780424231081269681e-05 1.905041062855161726e-05 1.144198540714569390e-04 2.383500759606249630e-05 4.284462920622900128e-05
1.520000000000000000e+04 2.198546462750528008e-05 3.915355773642659187e-05 1.883646109490655363e-05 5.906764272367581725e-05 1.807478292903397232e-05 5.382876770454458892e-05 2.198546462750528008e-05 3.915355773642659187e-05 1.883646109490655363e-05 5.906764272367581725e-05 1.807478292903397232e-05 5.382876770454458892e-05
1.530000000000000000e+04 2.166947888326831162e-05 3.737401857506483793e-05 1.916865221573971212e-05 8.299136243294924498e-05 1.702628287603147328e-05 5.040639007347635925e-05 2.166947888326831162e-05 3.737401857506483793e-05 1.916865221573971212e-05 8.299136243294924498e-05 1.702628287603147328e-05 5.040639007347635925e-05
1.540000000000000000e+04 2.264850445499178022e-05 3.741824548342265189e-05 1.995151978917419910e-05 1.346661592833697796e-04 3.098744491580873728e-05 1.066903787432238460e-04 2.264850445499178022e-05 3.741824548342265189e-05 1.995151978917419910e-05 1.346661592833697796e-04 3.098744491580873728e-05 1.066903787432238460e-04
1.550000000000000000e+04 2.349265378143172711e-05 4.772480315295979381e-05 2.015538120758719742e-05 2.730065316427499056e-04 2.433373083476908505e-05 2.090777416015043855e-04 2.349265378143172711e-05 4.772480315295979381e-05 2.015538120758719742e-05 2.730065316427499056e-04 2.433373083476908505e-05 2.090777416015043855e-04
1.560000000000000000e+04 2.303071596543304622e-05 4.954337418894283473e-05 2.115115239575970918e-05 2.859686210285872221e-04 6.012700032442808151e-05 2.186596393585205078e-04 2.303071596543304622e-05 4.954337418894283473e-05 2.115115239575970918e-05 2.859686210285872221e-04 6.012700032442808151e-05 2.186596393585205078e-04
1.570000000000000000e+04 1.974471342691686004e-05 3.291163375251926482e-05 1.723223795124795288e-05 6.158320320537313819e-05 1.451990374334855005e-05 1.852401146607007831e-05 1.974471342691686004e-05 3.291163375251926482e-05 1.723223795124795288e-05 6.158320320537313819e-05 1.451990374334855005e-05 1.852401146607007831e-05
1.580000000000000000e+04 1.931839688040781766e-05 3.265374834882095456e-05 1.698696905805263668e-05 5.933895590715110302e-05 1.513091137894662097e-05 1.818840610212646425e-05 1.931839688040781766e-05 3.265374834882095456e-05 1.698696905805263668e-05 5.933895590715110302e-05 1.513091137894662097e-05 1.818840610212646425e-05
1.590000000000000000e+04 1.904666896734852344e-05 3.381992792128585279e-05 1.704491660348139703e-05 5.424275150289759040e-05 1.775508280843496323e-05 1.971817800949793309e-05 1.904666896734852344e-05 3.381992792128585279e-05 1.704491660348139703e-05 5.424275150289759040e-05 1.775508280843496323e-05 1.971817800949793309e-05
1.600000000000000000e+04 1.985571725526824594e-05 3.579563053790479898e-05 1.780541060725226998e-05 1.083505994756706059e-04 2.576937367848586291e-05 8.558615081710740924e-05 1.985571725526824594e-05 3.579563053790479898e-05 1.780541060725226998e-05 1.083505994756706059e-04 2.576937367848586291e-05 8.558615081710740924e-05
1.610000000000000000e+04 1.895961213449481875e-05 3.628095510066486895e-05 1.804765088309068233e-05 2.424449776299297810e-04 3.322875636513344944e-05 1.386664371239021420e-04 1.895961213449481875e-05 3.628095510066486895e-05 1.804765088309068233e-05 2.424449776299297810e-04 3.322875636513344944e-05 1.386664371239021420e-04
1.620000000000000000e+04 2.187181780755054206e-05 4.335743142291903496e-05 2.125683022313751280e-05 5.013184854760766029e-04 6.706910062348470092e-05 3.514489508233964443e-04 2.187181780755054206e-05 4.335743142291903496e-05 2.125683022313751280e-05 5.013184854760766029e-04 6.706910062348470092e-05 3.514489508233964443e-04
1.630000000000000000e+04 1.828304993978235871e-05 3.103181734331883490e-05 1.708665877231396735e-05 1.032903601299040020e-04 2.150517866539303213e-05 4.605164212989620864e-05 1.828304993978235871e-05 3.103181734331883490e-05 1.708665877231396735e-05 1.032903601299040020e-04 2.150517866539303213e-05 4.605164212989620864e-05
1.640000000000000000e+04 1.974112092284485698e-05 3.660875518107786775e-05 1.887769940367434174e-05 2.516537788324058056e-04 3.731811375473625958e-05 1.589776074979454279e-04 1.974112092284485698e-05 3.660875518107786775e-05 1.887769940367434174e-05 2.516537788324058056e-04 3.731811375473625958e-05 1.589776074979454279e-04
1.650000000000000000e+04 2.036372279690112919e-05 3.877031849697232246e-05 2.061242958006914705e-05 5.810862639918923378e-04 6.091145769460126758e-05 1.954574545379728079e-04 2.036372279690112919e-05 3.877031849697232246e-05 2.061242958006914705e-05 5.810862639918923378e-04 6.091145769460126758e-05 1.954574545379728079e-04
1.660000000000000000e+04 2.669264358701184392e-05 5.554886956815607846e-05 3.226109402021393180e-05 1.644345116801559925e-03 1.110780722228810191e-04 4.172386834397912025e-04 2.669264358701184392e-05 5.554886956815607846e-05 3.226109402021393180e-05 1.644345116801559925e-03 1.110780722228810191e-04 4.172386834397912025e-04
1.670000000000000000e+04 1.710352262307424098e-05 6.440985453082248569e-05 1.856260860222391784e-05 7.573133188998326659e-05 8.584097668062895536e-05 2.774783024506177753e-05 1.710352262307424098e-05 6.440985453082248569e-05 1.856260860222391784e-05 7.573133188998326659e-05 8.584097668062895536e-05 2.774783024506177753e-05
1.680000000000000000e+04 2.153947025362867862e-05 4.557673310046084225e-05 2.362868144700769335e-05 1.025550649501383305e-03 9.425669850315898657e-05 4.846589872613549232e-04 2.153947025362867862e-05 4.557673310046084225e-05 2.362868144700769335e-05 1.025550649501383305e-03 9.425669850315898657e-05 4.846589872613549232e-04
1.690000000000000000e+04 1.616649387869983912e-05 3.193064549122937024e-05 1.549439730297308415e-05 1.000406409730203450e-04 2.330881943635176867e-05 6.103447594796307385e-05 1.616649387869983912e-05 3.193064549122937024e-05 1.549439730297308415e-05 1.000406409730203450e-04 2.330881943635176867e-05 6.103447594796307385e-05
1.700000000000000000e+04 1.873827022791374475e-05 3.693555117934010923e-05 2.013778976106550545e-05 2.610393567010760307e-04 5.345205863704904914e-05 4.013949364889413118e-04 1.873827022791374475e-05 3.693555117934010923e-05 2.013778976106550545e-05 2.610393567010760307e-04 5.345205863704904914e-05 4.013949364889413118e-04
1.710000000000000000e+04 1.630765473237261176e-05 3.043853394046891481e-05 1.547752799524459988e-05 6.599529297091066837e-05 1.772970790625549853e-05 4.072627416462637484e-05 1.630765473237261176e-05 3.043853394046891481e-05 1.547752799524459988e-05 6.599529297091066837e-05 1.772970790625549853e-05 4.072627416462637484e-05
1.720000000000000000e+04 1.871520362328737974e-05 4.846836964134126902e-05 2.013281300605740398e-05 1.400226174155250192e-04 5.509274706128053367e-05 1.529204600956290960e-04 1.871520362328737974e-05 4.846836964134126902e-05 2.013281300605740398e-05 1.400226174155250192e-04 5.509274706128053367e-05 1.529204600956290960e-04
1.730000000000000000e+04 1.499596783105516806e-05 3.216680124751292169e-05 1.496313689131056890e-05 4.639695907826535404e-05 3.757304875762201846e-05 1.474961482017533854e-05 1.499596783105516806e-05 3.216680124751292169e-05 1.496313689131056890e-05 4.639695907826535404e-05 3.757304875762201846e-05 1.474961482017533854e-05
1.740000000000000000e+04 1.485306529502850026e-05 2.556902472861111164e-05 1.419376894773449749e-05 3.133326754323206842e-05 1.243656242877477780e-05 1.882706237665843219e-05 1.485306529502850026e-05 2.556902472861111164e-05 1.419376894773449749e-05 3.133326754323206842e-05 1.243656242877477780e-05 1.882706237665843219e-05
1.750000000000000000e+04 1.490965860284632072e-05 3.144989750580862164e-05 1.505178079241886735e-05 8.603550668340176344e-05 2.341335130040533841e-05 2.741272510320413858e-05 1.490965860284632072e-05 3.144989750580862164e-05 1.505178079241886735e-05 8.603550668340176344e-05 2.341335130040533841e-05 2.741272510320413858e-05
1.760000000000000000e+04 1.417990370100596920e-05 2.514699554012622684e-05 1.390014585922472179e-05 5.718607280869036913e-05 1.303856333834119141e-05 3.878416828229092062e-05 1.417990370100596920e-05 2.514699554012622684e-05 1.390014585922472179e-05 5.718607280869036913e-05 1.303856333834119141e-05 3.878416828229092062e-05
1.770000000000000000e+04 1.980345950869377702e-05 7.529613503720611334e-05 2.818094253598246723e-05 6.953743286430835724e-04 1.887960679596289992e-04 6.418638513423502445e-04 1.980345950869377702e-05 7.529613503720611334e-05 2.818094253598246723e-05 6.953743286430835724e-04 1.887960679596289992e-04 6.418638513423502445e-04
1.780000000000000000e+04 1.474120563216274604e-05 2.892346310545690358e-05 1.414617145201191306e-05 5.490442345035262406e-05 1.341844199487240985e-05 4.634460492525249720e-05 1.474120563216274604e-05 2.892346310545690358e-05 1.414617145201191306e-05 5.490442345035262406e-05 1.341844199487240985e-05 4.634460492525249720e-05
1.790000000000000000e+04 1.578694900672417134e-05 4.493887900025583804e-05 1.712250377750024199e-05 2.509912592358887196e-04 8.363689994439482689e-05 9.521655738353729248e-05 1.578694900672417134e-05 4.493887900025583804e-05 1.712250377750024199e-05 2.509912592358887196e-04 8.363689994439482689e-05 9.521655738353729248e-05
1.800000000000000000e+04 1.554196023789700121e-05 3.548875611159019172e-05 1.665206036705058068e-05 3.077799337916076183e-04 4.069848364451900125e-05 2.551471116021275520e-04 1.554196023789700121e-05 3.548875611159019172e-05 1.665206036705058068e-05 3.077799337916076183e-04 4.069848364451900125e-05 2.551471116021275520e-04
1.810000000000000000e+04 1.373036411678185686e-05 2.411934656265657395e-05 1.309315666730981320e-05 2.568428863014560193e-05 1.084202358470065519e-05 1.096259529731469229e-05 1.373036411678185686e-05 2.411934656265657395e-05 1.309315666730981320e-05 2.568428863014560193e-05 1.084202358470065519e-05 1.096259529731469229e-05
1.820000000000000000e+04 1.338854235655162483e-05 2.350672730244696140e-05 1.281907225347822532e-05 5.099468035041354597e-05 1.205124226544285193e-05 2.776815745164640248e-05 1.338854235655162483e-05 2.350672730244696140e-05 1.281907225347822532e-05 5.099468035041354597e-05 1.205124226544285193e-05 2.776815745164640248e-05
1.830000000000000000e+04 1.354116830043494701e-05 2.492252679076045752e-05 1.302158307225909084e-05 3.534039569785818458e-05 1.281304412259487435e-05 3.930916864192113280e-05 1.354116830043494701e-05 2.492252679076045752e-05 1.302158307225909084e-05 3.534039569785818458e-05 1.281304412259487435e-05 3.930916864192113280e-05
1.840000000000000000e+04 1.404978047503391281e-05 2.907885573222301900e-05 1.435130525351269171e-05 1.241061982000246644e-04 2.323141052329447120e-05 7.368876686086878181e-05 1.404978047503391281e-05 2.907885573222301900e-05 1.435130525351269171e-05 1.241061982000246644e-04 2.323141052329447120e-05 7.368876686086878181e-05
1.850000000000000000e+04 1.431133932783268392e-05 3.105774158029817045e-05 1.449844239687081426e-05 1.794014096958562732e-04 2.219517773482948542e-05 1.209233305417001247e-04 1.431133932783268392e-05 3.105774158029817045e-05 1.449844239687081426e-05 1.794014096958562732e-04 2.219517773482948542e-05 1.209233305417001247e-04
1.860000000000000000e+04 1.416916256857803091e-05 2.793476960505358875e-05 1.466455341869732365e-05 4.030690470244735479e-04 3.244856270612217486e-05 1.885248348116874695e-04 1.416916256857803091e-05 2.793476960505358875e-05 1.466455341869732365e-05 4.030690470244735479e-04 3.244856270612217486e-05 1.885248348116874695e-04
1.870000000000000000e+04 1.281745244341436774e-05 2.287678944412618876e-05 1.280691958527313545e-05 3.098861634498462081e-05 1.161154250439722091e-05 2.390935514995362610e-05 1.281745244341436774e-05 2.287678944412618876e-05 1.280691958527313545e-05 3.098861634498462081e-05 1.161154250439722091e-05 2.390935514995362610e-05
1.880000000000000000e+04 1.491400962549960241e-05 2.962768849101848900e-05 1.709311436570715159e-05 1.618760434212163091e-04 3.258119977544993162e-05 3.954186686314642429e-04 1.491400962549960241e-05 2.962768849101848900e-05 1.709311436570715159e-05 1.618760434212163091e-04 3.258119977544993162e-05 3.954186686314642429e-04
1.890000000000000000e+04 1.272080135095166042e-05 2.302219581906683743e-05 1.241792961081955582e-05 3.315175854368135333e-05 1.586875805514864624e-05 1.884096309368032962e-05 1.272080135095166042e-05 2.302219581906683743e-05 1.241792961081955582e-05 3.315175854368135333e-05 1.586875805514864624e-05 1.884096309368032962e-05
1.900000000000000000e+04 1.280604828934883699e-05 2.679012141015846282e-05 1.300901476497529075e-05 2.288552932441234589e-04 2.312436663487460464e-05 1.367279619444161654e-04 1.280604828934883699e-05 2.679012141015846282e-05 1.300901476497529075e-05 2.288552932441234589e-04 2.312436663487460464e-05 1.367279619444161654e-04
1.910000000000000000e+04 1.275194517802447081e-05 3.615233435994014144e-05 1.340950166195398197e-05 3.336884401505813003e-05 3.533712515491060913e-05 3.926926001440733671e-05 1.275194517802447081e-05 3.615233435994014144e-05 1.340950166195398197e-05 3.336884401505813003e-05 3.533712515491060913e-05 3.926926001440733671e-05
1.920000000000000000e+04 1.220043577632168308e-05 2.209980812040157616e-05 1.185182372864801437e-05 2.846871029760222882e-05 1.115116992878029123e-05 1.838098251027986407e-05 1.220043577632168308e-05 2.209980812040157616e-05 1.185182372864801437e-05 2.846871029760222882e-05 1.115116992878029123e-05 1.838098251027986407e-05
1.930000000000000000e+04 1.209442143590422347e-05 3.095953070442192256e-05 1.277492174267536029e-05 1.692454534349963069e-04 2.881723412428982556e-05 8.024372073123231530e-05 1.209442143590422347e-05 3.095953070442192256e-05 1.277492174267536029e-05 1.692454534349963069e-04 2.881723412428982556e-05 8.024372073123231530e-05
1.940000000000000000e+04 1.704116220935247838e-05 3.909072256647050381e-05 1.925159631355199963e-05 1.016878522932529449e-03 8.207834616769105196e-05 4.614964127540588379e-04 1.704116220935247838e-05 3.909072256647050381e-05 1.925159631355199963e-05 1.016878522932529449e-03 8.207834616769105196e-05 4.614964127540588379e-04
1.950000000000000000e+04 1.325212815572740510e-05 2.610786214063409716e-05 1.433737998013384640e-05 2.345740067539736629e-04 3.704661139636300504e-05 2.178145514335483313e-04 1.325212815572740510e-05 2.610786214063409716e-05 1.433737998013384640e-05 2.345740067539736629e-04 3.704661139636300504e-05 2.178145514335483313e-04
1.960000000000000000e+04 1.170536870631622151e-05 2.183482683904003352e-05 1.121033619710942730e-05 7.257137622218579054e-05 1.238066215591970831e-05 2.686795232875738293e-05 1.170536870631622151e-05 2.183482683904003352e-05 1.121033619710942730e-05 7.257137622218579054e-05 1.238066215591970831e-05 2.686795232875738293e-05
1.970000000000000000e+04 1.691292527539189905e-05 3.761462721740826964e-05 1.700334360066335648e-05 5.557556287385523319e-04 8.690379763720557094e-05 3.092864353675395250e-04 1.691292527539189905e-05 3.761462721740826964e-05 1.700334360066335648e-05 5.557556287385523319e-04 8.690379763720557094e-05 3.092864353675395250e-04
1.980000000000000000e+04 1.187087582366075367e-05 2.410564411547966301e-05 1.154615347331855446e-05 3.476546771707944572e-05 1.082837843568995595e-05 5.057462840341031551e-05 1.187087582366075367e-05 2.410564411547966301e-05 1.154615347331855446e-05 3.476546771707944572e-05 1.082837843568995595e-05 5.057462840341031551e-05
1.990000000000000000e+04 1.164522473118267953e-05 2.040247272816486657e-05 1.120636079576797783e-05 6.903412577230483294e-05 1.198790232592727989e-05 3.559318065526895225e-05 1.164522473118267953e-05 2.040247272816486657e-05 1.120636079576797783e-05 6.903412577230483294e-05 1.198790232592727989e-05 3.559318065526895225e-05
2.000000000000000000e+04 1.247071304533164948e-05 2.995609793288167566e-05 1.388957480230601504e-05 2.444510464556515217e-04 3.791234121308661997e-05 1.589745515957474709e-04 1.247071304533164948e-05 2.995609793288167566e-05 1.388957480230601504e-05 2.444510464556515217e-04 3.791234121308661997e-05 1.589745515957474709e-04
2.000000000000000000e+04 1.247071304533164948e-05 2.995609793288167566e-05 1.388957480230601504e-05 2.444510464556515217e-04 3.791234121308661997e-05 1.589745515957474709e-04 1.247071304533164948e-05 2.995609793288167566e-05 1.388957480230601504e-05 2.444510464556515217e-04 3.791234121308661997e-05 1.589745515957474709e-04
2.010000000000000000e+04 1.092691763915354386e-05 1.894976230687461793e-05 1.062465980794513598e-05 1.684563540038652718e-05 8.480595170112792403e-06 8.613437785243149847e-06 1.092691763915354386e-05 1.894976230687461793e-05 1.062465980794513598e-05 1.684563540038652718e-05 8.480595170112792403e-06 8.613437785243149847e-06
2.020000000000000000e+04 1.086600423150230199e-05 1.882125070551410317e-05 1.056128076015738770e-05 1.633058491279371083e-05 8.346012691617943347e-06 8.385196451854426414e-06 1.086600423150230199e-05 1.882125070551410317e-05 1.056128076015738770e-05 1.633058491279371083e-05 8.346012691617943347e-06 8.385196451854426414e-06
2.030000000000000000e+04 1.077061369869625196e-05 1.863136822066735476e-05 1.045968565449584275e-05 1.589806015545036644e-05 8.190944754460360855e-06 8.265598808065988123e-06 1.077061369869625196e-05 1.863136822066735476e-05 1.045968565449584275e-05 1.589806015545036644e-05 8.190944754460360855e-06 8.265598808065988123e-06
2.040000000000000000e+04 1.065850756276631728e-05 1.842208985181059688e-05 1.034009710565442219e-05 1.547557621961459517e-05 8.046323273447342217e-06 8.166527550201863050e-06 1.065850756276631728e-05 1.842208985181059688e-05 1.034009710565442219e-05 1.547557621961459517e-05 8.046323273447342217e-06 8.166527550201863050e-06
2.050000000000000000e+04 1.052681727742310613e-05 1.818023520172573626e-05 1.020894615066936240e-05 1.509137928223935887e-05 7.922026270534843206e-06 8.099004844552837312e-06 1.052681727742310613e-05 1.818023520172573626e-05 1.020894615066936240e-05 1.509137928223935887e-05 7.922026270534843206e-06 8.099004844552837312e-06
2.060000000000000000e+04 1.036058893078006804e-05 1.786992106644902378e-05 1.007006176223512739e-05 1.536787567602004856e-05 7.893411748227663338e-06 1.005309877655236050e-05 1.036058893078006804e-05 1.786992106644902378e-05 1.007006176223512739e-05 1.536787567602004856e-05 7.893411748227663338e-06 1.005309877655236050e-05
2.070000000000000000e+04 1.033724674925906584e-05 1.801025973691139370e-05 1.001835607894463465e-05 1.527852327853906900e-05 7.646499398106243461e-06 1.037559013639111072e-05 1.033724674925906584e-05 1.801025973691139370e-05 1.001835607894463465e-05 1.527852327853906900e-05 7.646499398106243461e-06 1.037559013639111072e-05
2.080000000000000000e+04 1.013414384942734614e-05 1.762612191669177264e-05 9.827721441979520023e-06 1.419456202711444348e-05 7.561406619061017409e-06 7.794717930664774030e-06 1.013414384942734614e-05 1.762612191669177264e-05 9.827721441979520023e-06 1.419456202711444348e-05 7.561406619061017409e-06 7.794717930664774030e-06
2.090000000000000000e+04 9.978892194340005517e-06 1.727269591356161982e-05 9.688483260106295347e-06 1.366458582197083160e-05 7.467373507097363472e-06 7.761636879877187312e-06 9.978892194340005517e-06 1.727269591356161982e-05 9.688483260106295347e-06 1.366458582197083160e-05 7.467373507097363472e-06 7.761636879877187312e-06
2.100000000000000000e+04 9.853245501290075481e-06 1.710763535811565816e-05 9.572965609550010413e-06 1.329005681327544153e-05 7.344479854509700090e-06 7.625055786775192246e-06 9.853245501290075481e-06 1.710763535811565816e-05 9.572965609550010413e-06 1.329005681327544153e-05 7.344479854509700090e-06 7.625055786775192246e-06
2.110000000000000000e+04 9.713372492115013301e-06 1.685119786998257041e-05 9.451681762584485114e-06 1.310944480792386457e-05 7.264262421813327819e-06 7.535645181633299217e-06 9.713372492115013301e-06 1.685119786998257041e-05 9.451681762584485114e-06 1.310944480792386457e-05 7.264262421813327819e-06 7.535645181633299217e-06
2.120000000000000000e+04 9.633421541366260499e-06 1.729852010612376034e-05 9.391061212227214128e-06 1.346513818134553730e-05 7.318917596421670169e-06 7.613527031935518607e-06 9.633421541366260499e-06 1.729852010612376034e-05 9.391061212227214128e-06 1.346513818134553730e-05 7.318917596421670169e-06 7.613527031935518607e-06
2.130000000000000000e+04 9.463261449127458036e-06 1.648141733312513679e-05 9.227611371898092330e-06 1.245238036062801257e-05 7.105041731847450137e-06 7.330949756578775123e-06 9.463261449127458036e-06 1.648141733312513679e-05 9.227611371898092330e-06 1.245238036062801257e-05 7.105041731847450137e-06 7.330949756578775123e-06
2.140000000000000000e+04 9.343718375021126121e-06 1.628769132366869599e-05 9.115316061070188880e-06 1.224821244250051677e-05 6.950952865736326203e-06 7.455492323060752824e-06 9.343718375021126121e-06 1.628769132366869599e-05 9.115316061070188880e-06 1.224821244250051677e-05 6.950952865736326203e-06 7.455492323060752824e-06
2.150000000000000000e+04 9.222446351486723870e-06 1.613392123545054346e-05 9.036967639985959977e-06 1.216726923303212970e-05 7.058246865199180320e-06 7.543912033725064248e-06 9.222446351486723870e-06 1.613392123545054346e-05 9.036967639985959977e-06 1.216726923303212970e-05 7.058246865199180320e-06 7.543912033725064248e-06
2.160000000000000000e+04 9.178211257676593959e-06 1.627087658562231809e-05 9.035849870997481048e-06 1.508983041276223958e-05 7.673736945434939116e-06 9.298420991399325430e-06 9.178211257676593959e-06 1.627087658562231809e-05 9.035849870997481048e-06 1.508983041276223958e-05 7.673736945434939116e-06 9.298420991399325430e-06
2.170000000000000000e+04 9.004544153867755085e-06 1.570645144965965301e-05 8.817050911602564156e-06 1.148396677308483049e-05 6.746664894308196381e-06 7.045247912174090743e-06 9.004544153867755085e-06 1.570645144965965301e-05 8.817050911602564156e-06 1.148396677308483049e-05 6.746664894308196381e-06 7.045247912174090743e-06
2.180000000000000000e+04 8.931059710448607802e-06 1.579397030582185835e-05 8.772527507971972227e-06 1.861110467871185392e-05 6.966877208469668403e-06 1.277081537409685552e-05 8.931059710448607802e-06 1.579397030582185835e-05 8.772527507971972227e-06 1.861110467871185392e-05 6.966877208469668403e-06 1.277081537409685552e-05
2.190000000000000000e+04 8.798294402367901057e-06 1.533386421215254813e-05 8.634608093416318297e-06 1.109258482756558806e-05 6.598310847039101645e-06 6.923990895302267745e-06 8.798294402367901057e-06 1.533386421215254813e-05 8.634608093416318297e-06 1.109258482756558806e-05 6.598310847039101645e-06 6.923990895302267745e-06
2.200000000000000000e+04 8.708340828889049590e-06 1.526192863821052015e-05 8.554164196539204568e-06 1.089440047508105636e-05 6.495309207821264863e-06 6.986576863710070029e-06 8.708340828889049590e-06 1.526192863821052015e-05 8.554164196539204568e-06 1.089440047508105636e-05 6.495309207821264863e-06 6.986576863710070029e-06
2.210000000000000000e+04 8.606352821516338736e-06 1.499149402661714703e-05 8.461130164505448192e-06 1.072349459718680009e-05 6.460393706220202148e-06 6.806860710639739409e-06 8.606352821516338736e-06 1.499149402661714703e-05 8.461130164505448192e-06 1.072349459718680009e-05 6.460393706220202148e-06 6.806860710639739409e-06
2.220000000000000000e+04 8.511713531333953142e-06 1.482075458625331521e-05 8.378036000067368150e-06 1.059209262166405097e-05 6.382958417816553265e-06 6.761934855603612959e-06 8.511713531333953142e-06 1.482075458625331521e-05 8.378036000067368150e-06 1.059209262166405097e-05 6.382958417816553265e-06 6.761934855603612959e-06
2.230000000000000000e+04 8.419689038419164717e-06 1.465094828745350242e-05 8.298391549033112824e-06 1.041415998770389706e-05 6.338315870380029082e-06 6.682014372927369550e-06 8.419689038419164717e-06 1.465094828745350242e-05 8.298391549033112824e-06 1.041415998770389706e-05 6.338315870380029082e-06 6.682014372927369550e-06
2.240000000000000000e+04 8.333109690283890814e-06 1.448531838832423091e-05 8.219267328968271613e-06 1.024488210532581434e-05 6.288770691753597930e-06 6.619623945880448446e-06 8.333109690283890814e-06 1.448531838832423091e-05 8.219267328968271613e-06 1.024488210532581434e-05 6.288770691753597930e-06 6.619623945880448446e-06
2.250000000000000000e+04 8.246381185017526150e-06 1.432806129741948098e-05 8.141192665789276361e-06 1.012869415717432275e-05 6.205148565641138703e-06 6.595633294637082145e-06 8.246381185017526150e-06 1.432806129741948098e-05 8.141192665789276361e-06 1.012869415717432275e-05 6.205148565641138703e-06 6.595633294637082145e-06
2.260000000000000000e+04 8.172458365152124316e-06 1.431940654583740979e-05 8.094912118394859135e-06 1.065610922523774207e-05 6.398458936018869281e-06 7.090142389643006027e-06 8.172458365152124316e-06 1.431940654583740979e-05 8.094912118394859135e-06 1.065610922523774207e-05 6.398458936018869281e-06 7.090142389643006027e-06
2.270000000000000000e+04 8.086160050879698247e-06 1.404418526362860575e-05 7.997872671694494784e-06 9.809563380258623511e-06 6.106216460466384888e-06 6.465997557825176045e-06 8.086160050879698247e-06 1.404418526362860575e-05 7.997872671694494784e-06 9.809563380258623511e-06 6.106216460466384888e-06 6.465997557825176045e-06
2.280000000000000000e+04 8.039254680625163019e-06 1.409983269695658237e-05 7.995093255885876715e-06 1.980914203159045428e-05 6.447499799833167344e-06 1.457684356864774600e-05 8.039254680625163019e-06 1.409983269695658237e-05 7.995093255885876715e-06 1.980914203159045428e-05 6.447499799833167344e-06 1.457684356864774600e-05
2.290000000000000000e+04 7.930356332508381456e-06 1.375428018945967779e-05 7.860286132199689746e-06 9.542725820210762322e-06 6.032718829374061897e-06 6.335080797725822777e-06 7.930356332508381456e-06 1.375428018945967779e-05 7.860286132199689746e-06 9.542725820210762322e-06 6.032718829374061897e-06 6.335080797725822777e-06
2.300000000000000000e+04 7.983597242855466902e-06 1.444134886696701869e-05 7.992013706825673580e-06 1.960656663868576288e-05 7.411591468553524464e-06 1.170508767245337367e-05 7.983597242855466902e-06 1.444134886696701869e-05 7.992013706825673580e-06 1.960656663868576288e-05 7.411591468553524464e-06 1.170508767245337367e-05
2.310000000000000000e+04 7.761354027024935931e-06 1.342356245004339144e-05 7.706482392677571625e-06 1.039843300532083958e-05 5.847200554853770882e-06 6.972876690269913524e-06 7.761354027024935931e-06 1.342356245004339144e-05 7.706482392677571625e-06 1.039843300532083958e-05 5.847200554853770882e-06 6.972876690269913524e-06
2.320000000000000000e+04 7.700196874793618917e-06 1.334377884631976485e-05 7.647563506907317787e-06 9.730224519444163889e-06 5.765213700215099379e-06 6.721469162584980950e-06 7.700196874793618917e-06 1.334377884631976485e-05 7.647563506907317787e-06 9.730224519444163889e-06 5.765213700215099379e-06 6.721469162584980950e-06
2.330000000000000000e+04 7.750260920147411525e-06 1.375704596284776926e-05 7.767965144012123346e-06 2.934120857389643788e-05 7.010672561591491103e-06 2.072337156278081238e-05 7.750260920147411525e-06 1.375704596284776926e-05 7.767965144012123346e-06 2.934120857389643788e-05 7.010672561591491103e-06 2.072337156278081238e-05
2.340000000000000000e+04 7.562468908872688189e-06 1.308782793785212561e-05 7.533243660873267800e-06 8.929731848184019327e-06 5.758914085163269192e-06 6.091602699598297477e-06 7.562468908872688189e-06 1.308782793785212561e-05 7.533243660873267800e-06 8.929731848184019327e-06 5.758914085163269192e-06 6.091602699598297477e-06
2.350000000000000000e+04 7.508212092943722382e-06 1.302083728660363704e-05 7.487679795303847641e-06 9.036871233547572047e-06 5.818460067530395463e-06 6.124266747065121308e-06 7.508212092943722382e-06 1.302083728660363704e-05 7.487679795303847641e-06 9.036871233547572047e-06 5.818460067530395463e-06 6.124266747065121308e-06
2.360000000000000000e+04 7.425680905726039782e-06 1.282304492633556947e-05 7.405716132780071348e-06 8.774089110374916345e-06 5.616625458060298115e-06 6.134700925031211227e-06 7.425680905726039782e-06 1.282304492633556947e-05 7.405716132780071348e-06 8.774089110374916345e-06 5.616625458060298115e-06 6.134700925031211227e-06
2.370000000000000000e+04 7.615753474965458736e-06 1.405375678587006405e-05 7.793055374349933118e-06 3.588519393815658987e-05 9.273836440115701407e-06 2.282439709233585745e-05 7.615753474965458736e-06 1.405375678587006405e-05 7.793055374349933118e-06 3.588519393815658987e-05 9.273836440115701407e-06 2.282439709233585745e-05
2.380000000000000000e+04 7.295543582586105913e-06 1.257218082173494622e-05 7.292334885278251022e-06 8.514977707818616182e-06 5.596984465228160843e-06 5.924212018726393580e-06 7.295543582586105913e-06 1.257218082173494622e-05 7.292334885278251022e-06 8.514977707818616182e-06 5.596984465228160843e-06 5.924212018726393580e-06
2.390000000000000000e+04 7.229045422718627378e-06 1.244267787114949897e-05 7.228393769764807075e-06 8.660331332066562027e-06 5.500712632056092843e-06 6.170673259475734085e-06 7.229045422718627378e-06 1.244267787114949897e-05 7.228393769764807075e-06 8.660331332066562027e-06 5.500712632056092843e-06 6.170673259475734085e-06
2.400000000000000000e+04 7.177678980951895937e-06 1.239632274518953636e-05 7.184321020758943632e-06 9.352173037768807262e-06 5.422024514700751752e-06 6.854659659438766539e-06 7.177678980951895937e-06 1.239632274518953636e-05 7.184321020758943632e-06 9.352173037768807262e-06 5.422024514700751752e-06 6.854659659438766539e-06
2.410000000000000000e+04 7.238742909976281226e-06 1.284981772187165916e-05 7.312228262890130281e-06 3.353689317009411752e-05 7.074308996379841119e-06 1.985056405828800052e-05 7.238742909976281226e-06 1.284981772187165916e-05 7.312228262890130281e-06 3.353689317009411752e-05 7.074308996379841119e-06 1.985056405828800052e-05
2.420000000000000000e+04 7.055868991301394999e-06 1.216029522765893489e-05 7.085352081048768014e-06 8.199414878617972136e-06 5.468742529046721756e-06 5.723671165469568223e-06 7.055868991301394999e-06 1.216029522765893489e-05 7.085352081048768014e-06 8.199414878617972136e-06 5.468742529046721756e-06 5.723671165469568223e-06
2.430000000000000000e+04 7.137877673812909052e-06 1.353726020170142874e-05 7.233471933432156220e-06 9.627996405470184982e-06 6.424649654945824295e-06 1.062691080733202398e-05 7.137877673812909052e-06 1.353726020170142874e-05 7.233471933432156220e-06 9.627996405470184982e-06 6.424649654945824295e-06 1.062691080733202398e-05
2.440000000000000000e+04 6.949833732505794615e-06 1.195774893858470023e-05 7.009683940850663930e-06 9.151074664259795099e-06 5.699627763533499092e-06 6.189772193465614691e-06 6.949833732505794615e-06 1.195774893858470023e-05 7.009683940850663930e-06 9.151074664259795099e-06 5.699627763533499092e-06 6.189772193465614691e-06
2.450000000000000000e+04 6.881442914163926616e-06 1.179868559120222926e-05 6.925261459400644526e-06 7.933544111438095570e-06 5.284550297801615670e-06 5.634400167764397338e-06 6.881442914163926616e-06 1.179868559120222926e-05 6.925261459400644526e-06 7.933544111438095570e-06 5.284550297801615670e-06 5.634400167764397338e-06
2.460000000000000000e+04 6.816656423325184733e-06 1.168160360975889489e-05 6.861903784738387913e-06 8.141075340972747654e-06 5.210312792769400403e-06 6.074112661735853180e-06 6.816656423325184733e-06 1.168160360975889489e-05 6.861903784738387913e-06 8.141075340972747654e-06 5.210312792769400403e-06 6.074112661735853180e-06
2.470000000000000000e+04 7.001762241998221725e-06 1.287052600673632696e-05 7.209463092294754460e-06 3.169235787936486304e-05 8.324722330144140869e-06 1.974324004549998790e-05 7.001762241998221725e-06 1.287052600673632696e-05 7.209463092294754460e-06 3.169235787936486304e-05 8.324722330144140869e-06 1.974324004549998790e-05
2.480000000000000000e+04 6.718007625750033185e-06 1.149047966464422643e-05 6.779715477023273706e-06 7.660150004085153341e-06 5.197040081839077175e-06 5.534319825528655201e-06 6.718007625750033185e-06 1.149047966464422643e-05 6.779715477023273706e-06 7.660150004085153341e-06 5.197040081839077175e-06 5.534319825528655201e-06
2.490000000000000000e+04 6.690014288324164227e-06 1.157973565568681806e-05 6.778160241083241999e-06 8.802059710433240980e-06 5.488978331413818523e-06 6.194592060637660325e-06 6.690014288324164227e-06 1.157973565568681806e-05 6.778160241083241999e-06 8.802059710433240980e-06 5.488978331413818523e-06 6.194592060637660325e-06
2.500000000000000000e+04 6.619367923121899366e-06 1.133992464019684121e-05 6.688821940770139918e-06 9.617622708901762962e-06 5.058924216427840292e-06 7.309450666070915759e-06 6.619367923121899366e-06 1.133992464019684121e-05 6.688821940770139918e-06 9.617622708901762962e-06 5.058924216427840292e-06 7.309450666070915759e-06
2.510000000000000000e+04 6.572951406269567087e-06 1.135995444201398641e-05 6.659585778834298253e-06 7.405531505355611444e-06 5.121658432472031564e-06 5.424563369160750881e-06 6.572951406269567087e-06 1.135995444201398641e-05 6.659585778834298253e-06 7.405531505355611444e-06 5.121658432472031564e-06 5.424563369160750881e-06
2.520000000000000000e+04 6.526791821670485660e-06 1.126187999034300447e-05 6.621603006351506338e-06 7.653653483430389315e-06 5.184053861739812419e-06 5.488541773956967518e-06 6.526791821670485660e-06 1.126187999034300447e-05 6.621603006351506338e-06 7.653653483430389315e-06 5.184053861739812419e-06 5.488541773956967518e-06
2.530000000000000000e+04 6.507130365207558498e-06 1.139743653766345233e-05 6.607830528082558885e-06 9.142915587290190160e-06 5.272591806715354323e-06 6.625127298320876434e-06 6.507130365207558498e-06 1.139743653766345233e-05 6.607830528082558885e-06 9.142915587290190160e-06 5.272591806715354323e-06 6.625127298320876434e-06
2.540000000000000000e+04 6.429846962419105694e-06 1.114764836529502645e-05 6.536456567118875682e-06 8.968094334704801440e-06 4.953729330736678094e-06 5.363033778849057853e-06 6.429846962419105694e-06 1.114764836529502645e-05 6.536456567118875682e-06 8.968094334704801440e-06 4.953729330736678094e-06 5.363033778849057853e-06
2.550000000000000000e+04 6.369914899551076815e-06 1.084935502149164677e-05 6.470172593253664672e-06 7.159523647715104744e-06 4.952228664478752762e-06 5.281528501654975116e-06 6.369914899551076815e-06 1.084935502149164677e-05 6.470172593253664672e-06 7.159523647715104744e-06 4.952228664478752762e-06 5.281528501654975116e-06
2.560000000000000000e+04 6.365544777509057894e-06 1.093613445846131071e-05 6.477050646935822442e-06 1.309315939579391852e-05 5.059466730017447844e-06 1.064286334440112114e-05 6.365544777509057894e-06 1.093613445846131071e-05 6.477050646935822442e-06 1.309315939579391852e-05 5.059466730017447844e-06 1.064286334440112114e-05
2.570000000000000000e+04 6.273758572206133977e-06 1.064978368958691135e-05 6.386290351656498387e-06 7.088760412443662062e-06 4.917793376080226153e-06 5.277136096992762759e-06 6.273758572206133977e-06 1.064978368958691135e-05 6.386290351656498387e-06 7.088760412443662062e-06 4.917793376080226153e-06 5.277136096992762759e-06
2.580000000000000000e+04 6.235333330550929531e-06 1.061144303093897179e-05 6.350776402541669086e-06 6.961650797165930271e-06 4.857816747971810400e-06 5.171534212422557175e-06 6.235333330550929531e-06 1.061144303093897179e-05 6.350776402541669086e-06 6.961650797165930271e-06 4.857816747971810400e-06 5.171534212422557175e-06
2.590000000000000000e+04 6.182835477375192568e-06 1.048647027346305549e-05 6.300649602053454146e-06 7.209701379906618968e-06 4.781610186910256743e-06 5.462061835714848712e-06 6.182835477375192568e-06 1.048647027346305549e-05 6.300649602053454146e-06 7.209701379906618968e-06 4.781610186910256743e-06 5.462061835714848712e-06
2.600000000000000000e+04 6.206221769389230758e-06 1.076286025636363775e-05 6.362407020787941292e-06 1.065844480763189495e-05 5.497239726537372917e-06 7.202894266811199486e-06 6.206221769389230758e-06 1.076286025636363775e-05 6.362407020787941292e-06 1.065844480763189495e-05 5.497239726537372917e-06 7.202894266811199486e-06
2.610000000000000000e+04 6.096216566220391542e-06 1.036320190905826166e-05 6.228534402907826006e-06 7.792844371579121798e-06 4.720350716524990276e-06 5.453550329548306763e-06 6.096216566220391542e-06 1.036320190905826166e-05 6.228534402907826006e-06 7.792844371579121798e-06 4.720350716524990276e-06 5.453550329548306763e-06
2.620000000000000000e+04 6.090439910622080788e-06 1.063271338352933526e-05 6.252083039726130664e-06 1.015308407659176737e-05 5.111475275043630973e-06 7.991547136043664068e-06 6.090439910622080788e-06 1.063271338352933526e-05 6.252083039726130664e-06 1.015308407659176737e-05 5.111475275043630973e-06 7.991547136043664068e-06
2.630000000000000000e+04 6.015261533320881426e-06 1.017699560179607943e-05 6.148264219518750906e-06 6.709823992423480377e-06 4.713704129244433716e-06 5.113650786370271817e-06 6.015261533320881426e-06 1.017699560179607943e-05 6.148264219518750906e-06 6.709823992423480377e-06 4.713704129244433716e-06 5.113650786370271817e-06
2.640000000000000000e+04 5.970252459519542754e-06 1.010305550153134391e-05 6.113904419180471450e-06 6.662328814854845405e-06 4.665937922254670411e-06 5.080628397990949452e-06 5.970252459519542754e-06 1.010305550153134391e-05 6.113904419180471450e-06 6.662328814854845405e-06 4.665937922254670411e-06 5.080628397990949452e-06
2.650000000000000000e+04 5.940485152677865699e-06 1.011123276839498430e-05 6.091876912250882015e-06 6.561640020663617179e-06 4.659707883547525853e-06 4.952692961524007842e-06 5.940485152677865699e-06 1.011123276839498430e-05 6.091876912250882015e-06 6.561640020663617179e-06 4.659707883547525853e-06 4.952692961524007842e-06
2.660000000000000000e+04 5.898861672903876752e-06 1.000423890218371525e-05 6.052482149243587628e-06 6.689741439913632348e-06 4.690446075983345509e-06 4.940314738632878289e-06 5.898861672903876752e-06 1.000423890218371525e-05 6.052482149243587628e-06 6.689741439913632348e-06 4.690446075983345509e-06 4.940314738632878289e-06
2.670000000000000000e+04 5.852758022228954360e-06 9.949719242285937071e-06 6.002937425364507362e-06 8.130288733809720725e-06 4.620514118869323283e-06 6.176690931170014665e-06 5.852758022228954360e-06 9.949719242285937071e-06 6.002937425364507362e-06 8.130288733809720725e-06 4.620514118869323283e-06 6.176690931170014665e-06
2.680000000000000000e+04 5.820628302899422124e-06 9.839070116868242621e-06 5.979901743558002636e-06 6.407958608178887516e-06 4.559093667921843007e-06 4.880334927293006331e-06 5.820628302899422124e-06 9.839070116868242621e-06 5.979901743558002636e-06 6.407958608178887516e-06 4.559093667921843007e-06 4.880334927293006331e-06
2.690000000000000000e+04 5.780659648735309020e-06 9.775167200132273138e-06 5.939711172686656937e-06 6.682214007014408708e-06 4.475115474633639678e-06 5.157593932381132618e-06 5.780659648735309020e-06 9.775167200132273138e-06 5.939711172686656937e-06 6.682214007014408708e-06 4.475115474633639678e-06 5.157593932381132618e-06
2.700000000000000000e+04 5.749639058194588870e-06 9.726090866024605930e-06 5.919188424741150811e-06 6.357318397931521758e-06 4.550121502688853070e-06 4.813917257706634700e-06 5.749639058194588870e-06 9.726090866024605930e-06 5.919188424741150811e-06 6.357318397931521758e-06 4.550121502688853070e-06 4.813917257706634700e-06
2.710000000000000000e+04 5.743529527535429224e-06 1.000356678559910506e-05 5.915863766858819872e-06 7.007864041952416301e-06 4.606853963196044788e-06 5.726335075451061130e-06 5.743529527535429224e-06 1.000356678559910506e-05 5.915863766858819872e-06 7.007864041952416301e-06 4.606853963196044788e-06 5.726335075451061130e-06
2.720000000000000000e+04 5.842951850354438648e-06 1.125685139413690194e-05 6.183075583976460621e-06 1.267131847271230072e-05 6.693251634715124965e-06 1.745914596540387720e-05 5.842951850354438648e-06 1.125685139413690194e-05 6.183075583976460621e-06 1.267131847271230072e-05 6.693251634715124965e-06 1.745914596540387720e-05
2.730000000000000000e+04 5.636659352603601292e-06 9.495563972450327128e-06 5.813596544612664729e-06 6.167075298435520381e-06 4.415451257955282927e-06 4.775154138769721612e-06 5.636659352603601292e-06 9.495563972450327128e-06 5.813596544612664729e-06 6.167075298435520381e-06 4.415451257955282927e-06 4.775154138769721612e-06
2.740000000000000000e+04 5.611542746919440106e-06 9.600488738215062767e-06 5.795981905976077542e-06 7.929800631245598197e-06 4.423481641424586996e-06 5.010652330383891240e-06 5.611542746919440106e-06 9.600488738215062767e-06 5.795981905976077542e-06 7.929800631245598197e-06 4.423481641424586996e-06 5.010652330383891240e-06
2.750000000000000000e+04 5.562819296756060794e-06 9.346175829705316573e-06 5.744344434788217768e-06 6.423001650546211749e-06 4.322150289226556197e-06 4.964901563653256744e-06 5.562819296756060794e-06 9.346175829705316573e-06 5.744344434788217768e-06 6.423001650546211749e-06 4.322150289226556197e-06 4.964901563653256744e-06
2.760000000000000000e+04 5.544074610952520743e-06 9.271489034290425479e-06 5.723544745706021786e-06 6.560691872437018901e-06 4.352612450020387769e-06 4.836141670239157975e-06 5.544074610952520743e-06 9.271489034290425479e-06 5.723544745706021786e-06 6.560691872437018901e-06 4.352612450020387769e-06 4.836141670239157975e-06
2.770000000000000000e+04 5.539667654375080019e-06 9.378594768350012600e-06 5.753100140282185748e-06 8.532142601325176656e-06 4.866858489549485967e-06 5.887989118491532281e-06 5.539667654375080019e-06 9.378594768350012600e-06 5.753100140282185748e-06 8.532142601325176656e-06 4.866858489549485967e-06 5.887989118491532281e-06
2.780000000000000000e+04 5.473095825436757877e-06 9.310082532465457916e-06 5.676775344909401610e-06 6.425540959753561765e-06 4.442779300006804988e-06 4.813612122234189883e-06 5.473095825436757877e-06 9.310082532465457916e-06 5.676775344909401610e-06 6.425540959753561765e-06 4.442779300006804988e-06 4.813612122234189883e-06
2.790000000000000000e+04 5.433939350041327998e-06 9.133384082815609872e-06 5.632422926282742992e-06 5.927182428422383964e-06 4.308280040277168155e-06 4.581513167067896575e-06 5.433939350041327998e-06 9.133384082815609872e-06 5.632422926282742992e-06 5.927182428422383964e-06 4.308280040277168155e-06 4.581513167067896575e-06
2.800000000000000000e+04 5.398975645221071318e-06 9.045122169482056051e-06 5.594892172666732222e-06 5.870711902389302850e-06 4.249067842465592548e-06 4.659959813579916954e-06 5.398975645221071318e-06 9.045122169482056051e-06 5.594892172666732222e-06 5.870711902389302850e-06 4.249067842465592548e-06 4.659959813579916954e-06
2.810000000000000000e+04 5.370819962990935892e-06 9.035094080900307745e-06 5.570538633037358522e-06 6.001341262162895873e-06 4.164331130596110597e-06 4.956775683240266517e-06 5.370819962990935892e-06 9.035094080900307745e-06 5.570538633037358522e-06 6.001341262162895873e-06 4.164331130596110597e-06 4.956775683240266517e-06
2.820000000000000000e+04 5.329804025677731261e-06 8.869416888046544045e-06 5.560574663832085207e-06 7.113409992598462850e-06 4.374205218482529745e-06 6.840745754743693396e-06 5.329804025677731261e-06 8.869416888046544045e-06 5.560574663832085207e-06 7.113409992598462850e-06 4.374205218482529745e-06 6.840745754743693396e-06
2.830000000000000000e+04 5.300970769894775003e-06 8.857280590746086091e-06 5.499456165125593543e-06 5.848904038430191576e-06 4.183377768640639260e-06 4.691673439083388075e-06 5.300970769894775003e-06 8.857280590746086091e-06 5.499456165125593543e-06 5.848904038430191576e-06 4.183377768640639260e-06 4.691673439083388075e-06
2.840000000000000000e+04 5.498102837009355426e-06 1.014332246995763853e-05 5.806753051729174331e-06 2.662697806954383850e-05 6.896499598951777443e-06 1.735702790028881282e-05 5.498102837009355426e-06 1.014332246995763853e-05 5.806753051729174331e-06 2.662697806954383850e-05 6.896499598951777443e-06 1.735702790028881282e-05
2.850000000000000000e+04 5.300799784890841693e-06 9.461711670155636966e-06 5.566548679780680686e-06 6.013220627210102975e-06 4.383449777378700674e-06 8.145376341417431831e-06 5.300799784890841693e-06 9.461711670155636966e-06 5.566548679780680686e-06 6.013220627210102975e-06 4.383449777378700674e-06 8.145376341417431831e-06
2.860000000000000000e+04 5.296861672832164913e-06 9.012368536787107587e-06 5.551854883378837258e-06 1.265471200895262882e-05 5.242027782514924183e-06 7.955234650580678135e-06 5.296861672832164913e-06 9.012368536787107587e-06 5.551854883378837258e-06 1.265471200895262882e-05 5.242027782514924183e-06 7.955234650580678135e-06
2.870000000000000000e+04 5.223460448178229854e-06 8.861169590090867132e-06 5.440023414848838001e-06 1.231799797096755356e-05 4.341326985013438389e-06 8.955245903052855283e-06 5.223460448178229854e-06 8.861169590090867132e-06 5.440023414848838001e-06 1.231799797096755356e-05 4.341326985013438389e-06 8.955245903052855283e-06
2.880000000000000000e+04 5.163868991076014936e-06 8.654423254483845085e-06 5.378436981118284166e-06 7.224923592730192468e-06 4.015011199953733012e-06 6.001544988976093009e-06 5.163868991076014936e-06 8.654423254483845085e-06 5.378436981118284166e-06 7.224923592730192468e-06 4.015011199953733012e-06 6.001544988976093009e-06
2.890000000000000000e+04 5.126672931510256603e-06 8.573075319873169065e-06 5.349150796973844990e-06 5.517020326806232333e-06 4.066584097017766908e-06 4.364750566310249269e-06 5.126672931510256603e-06 8.573075319873169065e-06 5.349150796973844990e-06 5.517020326806232333e-06 4.066584097017766908e-06 4.364750566310249269e-06
2.900000000000000000e+04 5.095001597510417923e-06 8.495746442349627614e-06 5.316835540725151077e-06 5.498515747603960335e-06 4.016977527498966083e-06 4.406532298162346706e-06 5.095001597510417923e-06 8.495746442349627614e-06 5.316835540725151077e-06 5.498515747603960335e-06 4.016977527498966083e-06 4.406532298162346706e-06
2.910000000000000000e+04 5.125174084241734818e-06 8.696906661498360336e-06 5.393264018493937328e-06 1.058137786458246410e-05 4.919016646454110742e-06 7.597332569275749847e-06 5.125174084241734818e-06 8.696906661498360336e-06 5.393264018493937328e-06 1.058137786458246410e-05 4.919016646454110742e-06 7.597332569275749847e-06
2.920000000000000000e+04 5.088394573249388486e-06 8.918475941754877567e-06 5.337829861673526466e-06 7.334836027439450845e-06 4.331119271228089929e-06 5.644528300763340667e-06 5.088394573249388486e-06 8.918475941754877567e-06 5.337829861673526466e-06 7.334836027439450845e-06 4.331119271228089929e-06 5.644528300763340667e-06
2.930000000000000000e+04 5.044501904194476083e-06 8.650914423924405128e-06 5.297174993756925687e-06 7.654811270185746253e-06 4.458362127479631454e-06 5.705116564058698714e-06 5.044501904194476083e-06 8.650914423924405128e-06 5.297174993756925687e-06 7.654811270185746253e-06 4.458362127479631454e-06 5.705116564058698714e-06
2.940000000000000000e+04 5.136039362696465105e-06 9.086472346098162234e-06 5.396272172220051289e-06 2.413329457340296358e-05 5.108342520543374121e-06 1.871805216069333255e-05 5.136039362696465105e-06 9.086472346098162234e-06 5.396272172220051289e-06 2.413329457340296358e-05 5.108342520543374121e-06 1.871805216069333255e-05
2.950000000000000000e+04 4.968621851730858907e-06 8.286644515465013683e-06 5.202078682486899197e-06 5.316076567396521568e-06 3.920208655472379178e-06 4.524380074144573882e-06 4.968621851730858907e-06 8.286644515465013683e-06 5.202078682486899197e-06 5.316076567396521568e-06 3.920208655472379178e-06 4.524380074144573882e-06
2.960000000000000000e+04 4.933789114147657529e-06 8.204843652492854744e-06 5.169678388483589515e-06 5.554282324737869203e-06 3.847541847790125757e-06 4.560889010463142768e-06 4.933789114147657529e-06 8.204843652492854744e-06 5.169678388483589515e-06 5.554282324737869203e-06 3.847541847790125757e-06 4.560889010463142768e-06
2.970000000000000000e+04 4.905225523543776944e-06 8.156486728694289923e-06 5.140633220435120165e-06 5.258444616629276425e-06 3.902694516000337899e-06 4.245073341735405847e-06 4.905225523543776944e-06 8.156486728694289923e-06 5.140633220435120165e-06 5.258444616629276425e-06 3.902694516000337899e-06 4.245073341735405847e-06
2.980000000000000000e+04 4.882889697910286486e-06 8.122438885038718581e-06 5.128843440616037697e-06 5.362086994864512235e-06 3.995730367023497820e-06 4.218868525640573353e-06 4.882889697910286486e-06 8.122438885038718581e-06 5.128843440616037697e-06 5.362086994864512235e-06 3.995730367023497820e-06 4.218868525640573353e-06
2.990000000000000000e+04 4.879630978393834084e-06 8.231587344198487699e-06 5.125558800500584766e-06 5.127188160258810967e-06 3.815125637629535049e-06 5.483615495904814452e-06 4.879630978393834084e-06 8.231587344198487699e-06 5.125558800500584766e-06 5.127188160258810967e-06 3.815125637629535049e-06 5.483615495904814452e-06
3.000000000000000000e+04 4.828950295632239431e-06 8.018492735573090613e-06 5.070777206128695980e-06 5.146758667251560837e-06 3.851761448459001258e-06 4.148287189309485257e-06 4.828950295632239431e-06 8.018492735573090613e-06 5.070777206128695980e-06 5.146758667251560837e-06 3.851761448459001258e-06 4.148287189309485257e-06
