0 [1.0000e-01, 1.1000e+00]
100 [1.2226e-01, 1.2414e+00]
200 [3.1965e-01, 1.4185e+00]
300 [4.9603e-01, 1.5582e+00]
400 [7.1635e-01, 1.6611e+00]
500 [8.7372e-01, 1.7411e+00]
600 [9.8692e-01, 1.8047e+00]
700 [1.0725e+00, 1.8583e+00]
800 [1.1444e+00, 1.9065e+00]
900 [1.2089e+00, 1.9512e+00]
1000 [1.2676e+00, 1.9937e+00]
1100 [1.3216e+00, 2.0397e+00]
1200 [1.3696e+00, 2.0794e+00]
1300 [1.4150e+00, 2.1171e+00]
1400 [1.4584e+00, 2.1542e+00]
1500 [1.4997e+00, 2.1907e+00]
1600 [1.5384e+00, 2.2267e+00]
1700 [1.5747e+00, 2.2624e+00]
1800 [1.6071e+00, 2.2981e+00]
1900 [1.6381e+00, 2.3335e+00]
2000 [1.6669e+00, 2.3687e+00]
2100 [1.6946e+00, 2.4035e+00]
2200 [1.7201e+00, 2.4384e+00]
2300 [1.7374e+00, 2.4733e+00]
2400 [1.7555e+00, 2.5083e+00]
2500 [1.7736e+00, 2.5430e+00]
2600 [1.7852e+00, 2.5779e+00]
2700 [1.7950e+00, 2.6136e+00]
2800 [1.8008e+00, 2.6494e+00]
2900 [1.7986e+00, 2.6857e+00]
3000 [1.7993e+00, 2.7224e+00]
3100 [1.7930e+00, 2.7598e+00]
3200 [1.7782e+00, 2.7983e+00]
3300 [1.7866e+00, 2.8357e+00]
3400 [1.7583e+00, 2.8774e+00]
3500 [1.7052e+00, 2.9180e+00]
3600 [1.7053e+00, 2.9581e+00]
3700 [1.6834e+00, 3.0049e+00]
3800 [1.6843e+00, 3.0425e+00]
3900 [1.6911e+00, 3.0829e+00]
4000 [1.6480e+00, 3.1325e+00]
4100 [1.6535e+00, 3.1728e+00]
4200 [1.6619e+00, 3.2157e+00]
4300 [1.6075e+00, 3.2635e+00]
4400 [1.5958e+00, 3.3093e+00]
4500 [1.6062e+00, 3.3543e+00]
4600 [1.5637e+00, 3.4060e+00]
4700 [1.5598e+00, 3.4494e+00]
4800 [1.5673e+00, 3.4961e+00]
4900 [1.5187e+00, 3.5459e+00]
5000 [1.5088e+00, 3.5929e+00]
5100 [1.4643e+00, 3.6433e+00]
5200 [1.4723e+00, 3.6922e+00]
5300 [1.4616e+00, 3.7429e+00]
5400 [1.3867e+00, 3.7995e+00]
5500 [1.3807e+00, 3.8490e+00]
5600 [1.3703e+00, 3.9047e+00]
5700 [1.3038e+00, 3.9679e+00]
5800 [1.2811e+00, 4.0192e+00]
5900 [1.2726e+00, 4.0734e+00]
6000 [1.2843e+00, 4.1300e+00]
6100 [1.2698e+00, 4.1867e+00]
6200 [1.2337e+00, 4.2455e+00]
6300 [1.1794e+00, 4.3083e+00]
6400 [1.1076e+00, 4.3790e+00]
6500 [1.0353e+00, 4.4490e+00]
6600 [9.5448e-01, 4.5351e+00]
6700 [9.2722e-01, 4.6029e+00]
6800 [9.1165e-01, 4.6690e+00]
6900 [9.1049e-01, 4.7370e+00]
7000 [9.1616e-01, 4.8050e+00]
7100 [8.6800e-01, 4.8746e+00]
7200 [8.2543e-01, 4.9448e+00]
7300 [7.5954e-01, 5.0228e+00]
7400 [6.9337e-01, 5.1081e+00]
7500 [6.1622e-01, 5.2007e+00]
7600 [6.0360e-01, 5.2852e+00]
7700 [5.2045e-01, 5.3827e+00]
7800 [4.8455e-01, 5.4846e+00]
7900 [4.7545e-01, 5.5682e+00]
8000 [4.6024e-01, 5.6482e+00]
8100 [4.4597e-01, 5.7292e+00]
8200 [4.2967e-01, 5.8101e+00]
8300 [3.6369e-01, 5.8979e+00]
8400 [3.0342e-01, 5.9960e+00]
8500 [2.4479e-01, 6.1015e+00]
8600 [2.2146e-01, 6.1967e+00]
8700 [2.1408e-01, 6.2907e+00]
8800 [1.8047e-01, 6.3880e+00]
8900 [1.5119e-01, 6.4858e+00]
9000 [1.5801e-01, 6.5803e+00]
9100 [1.4417e-01, 6.6680e+00]
9200 [1.4099e-01, 6.7579e+00]
9300 [1.2396e-01, 6.8434e+00]
9400 [1.1539e-01, 6.9327e+00]
9500 [1.0622e-01, 7.0175e+00]
9600 [9.0924e-02, 7.1074e+00]
9700 [8.1701e-02, 7.1905e+00]
9800 [7.8215e-02, 7.2709e+00]
9900 [7.4075e-02, 7.3509e+00]
10000 [7.4118e-02, 7.4281e+00]
10100 [6.8192e-02, 7.5001e+00]
10200 [4.3673e-02, 7.5723e+00]
10300 [5.5433e-02, 7.6464e+00]
10400 [4.6657e-02, 7.7150e+00]
10500 [4.2442e-02, 7.7812e+00]
10600 [2.8172e-02, 7.8550e+00]
10700 [7.0021e-02, 7.9475e+00]
10800 [7.8932e-02, 8.0333e+00]
10900 [7.8827e-02, 8.1173e+00]
11000 [7.6118e-02, 8.1986e+00]
11100 [7.7180e-02, 8.2755e+00]
11200 [7.5047e-02, 8.3488e+00]
11300 [7.1537e-02, 8.4196e+00]
11400 [6.4686e-02, 8.4911e+00]
11500 [5.5448e-02, 8.5658e+00]
11600 [5.0490e-02, 8.6364e+00]
11700 [4.6465e-02, 8.7030e+00]
11800 [3.3014e-02, 8.7738e+00]
11900 [5.1321e-02, 8.8755e+00]
12000 [3.6259e-02, 8.9590e+00]
12100 [1.7390e-02, 9.0465e+00]
12200 [1.7008e-02, 9.1204e+00]
12300 [1.7301e-02, 9.1907e+00]
12400 [1.9159e-02, 9.2531e+00]
12500 [2.7438e-02, 9.3101e+00]
12600 [2.2311e-02, 9.3657e+00]
12700 [2.0848e-02, 9.4181e+00]
12800 [1.1827e-02, 9.4690e+00]
12900 [1.3076e-02, 9.5226e+00]
13000 [2.4250e-02, 9.5749e+00]
13100 [2.5165e-02, 9.6228e+00]
13200 [2.3932e-02, 9.6699e+00]
13300 [2.1532e-02, 9.7142e+00]
13400 [7.1456e-03, 9.7547e+00]
13500 [2.3174e-02, 9.7978e+00]
13600 [2.2083e-02, 9.8437e+00]
13700 [1.9755e-02, 9.8886e+00]
13800 [2.1784e-02, 9.9298e+00]
13900 [2.2135e-02, 9.9556e+00]
14000 [6.8346e-03, 9.9840e+00]
14100 [2.1149e-02, 1.0021e+01]
14200 [2.0805e-02, 1.0063e+01]
14300 [-9.8629e-04, 1.0100e+01]
14400 [2.1576e-02, 1.0144e+01]
14500 [1.4679e-02, 1.0173e+01]
14600 [5.7004e-03, 1.0207e+01]
14700 [2.0287e-02, 1.0242e+01]
14800 [1.7667e-02, 1.0287e+01]
14900 [1.3495e-02, 1.0313e+01]
15000 [2.1103e-02, 1.0374e+01]
15100 [2.0423e-02, 1.0381e+01]
15200 [1.7432e-02, 1.0429e+01]
15300 [1.2976e-02, 1.0452e+01]
15400 [2.0316e-02, 1.0468e+01]
15500 [2.2141e-02, 1.0539e+01]
15600 [2.0046e-02, 1.0542e+01]
15700 [2.1185e-02, 1.0560e+01]
15800 [1.9918e-02, 1.0568e+01]
15900 [2.1208e-02, 1.0572e+01]
16000 [2.0357e-02, 1.0565e+01]
16100 [1.7214e-02, 1.0617e+01]
16200 [2.0163e-02, 1.0628e+01]
16300 [1.9993e-02, 1.0631e+01]
16400 [2.0727e-02, 1.0628e+01]
16500 [2.0965e-02, 1.0617e+01]
16600 [2.0708e-02, 1.0600e+01]
16700 [2.2283e-02, 1.0591e+01]
16800 [1.7105e-02, 1.0615e+01]
16900 [2.1634e-02, 1.0603e+01]
17000 [2.1254e-02, 1.0563e+01]
17100 [2.1394e-02, 1.0522e+01]
17200 [2.1625e-02, 1.0501e+01]
17300 [2.2248e-02, 1.0453e+01]
17400 [2.2738e-02, 1.0403e+01]
17500 [2.2610e-02, 1.0346e+01]
17600 [2.2694e-02, 1.0287e+01]
17700 [2.3310e-02, 1.0224e+01]
17800 [2.3206e-02, 1.0157e+01]
17900 [2.3739e-02, 1.0088e+01]
18000 [2.4141e-02, 1.0016e+01]
18100 [2.5372e-02, 9.9471e+00]
18200 [2.4205e-02, 9.8832e+00]
18300 [2.4879e-02, 9.8113e+00]
18400 [2.4878e-02, 9.7293e+00]
18500 [2.4586e-02, 9.6557e+00]
18600 [2.5419e-02, 9.5789e+00]
18700 [8.9153e-03, 9.5665e+00]
18800 [2.1598e-02, 9.5742e+00]
18900 [2.2311e-02, 9.5142e+00]
19000 [2.3624e-02, 9.4695e+00]
19100 [2.3561e-02, 9.4276e+00]
19200 [2.4059e-02, 9.3895e+00]
19300 [2.5128e-02, 9.3540e+00]
19400 [2.4562e-02, 9.3268e+00]
19500 [2.5409e-02, 9.2989e+00]
19600 [2.7101e-02, 9.2787e+00]
19700 [2.7231e-02, 9.2531e+00]
19800 [2.6328e-02, 9.2264e+00]
19900 [2.7037e-02, 9.2046e+00]
20000 [2.7703e-02, 9.1849e+00]
20000 [2.7703e-02, 9.1849e+00]
20100 [6.6579e-03, 9.2355e+00]
20200 [9.0453e-03, 9.2856e+00]
20300 [4.8313e-03, 9.3340e+00]
20400 [1.5253e-02, 9.3846e+00]
20500 [2.6451e-02, 9.4354e+00]
20600 [3.8000e-02, 9.4855e+00]
20700 [4.6571e-02, 9.5340e+00]
20800 [4.8401e-02, 9.5815e+00]
20900 [4.7764e-02, 9.6284e+00]
21000 [4.4304e-02, 9.6744e+00]
21100 [4.1640e-02, 9.7199e+00]
21200 [4.0315e-02, 9.7660e+00]
21300 [3.8062e-02, 9.8126e+00]
21400 [3.4486e-02, 9.8585e+00]
21500 [3.2674e-02, 9.9031e+00]
21600 [3.3994e-02, 9.9462e+00]
21700 [3.5872e-02, 9.9877e+00]
21800 [3.5360e-02, 1.0027e+01]
21900 [3.4556e-02, 1.0064e+01]
22000 [3.2728e-02, 1.0097e+01]
22100 [3.0939e-02, 1.0127e+01]
22200 [2.8656e-02, 1.0154e+01]
22300 [2.7961e-02, 1.0178e+01]
22400 [2.8331e-02, 1.0199e+01]
22500 [2.9126e-02, 1.0219e+01]
22600 [2.9588e-02, 1.0238e+01]
22700 [3.0170e-02, 1.0255e+01]
22800 [3.0689e-02, 1.0271e+01]
22900 [3.0200e-02, 1.0286e+01]
23000 [2.9227e-02, 1.0302e+01]
23100 [2.7793e-02, 1.0317e+01]
23200 [2.6470e-02, 1.0331e+01]
23300 [2.5745e-02, 1.0342e+01]
23400 [2.5730e-02, 1.0351e+01]
23500 [2.6225e-02, 1.0357e+01]
23600 [2.5940e-02, 1.0361e+01]
23700 [2.5886e-02, 1.0362e+01]
23800 [2.5726e-02, 1.0361e+01]
23900 [2.5622e-02, 1.0357e+01]
24000 [2.5995e-02, 1.0351e+01]
24100 [2.7015e-02, 1.0341e+01]
24200 [2.7570e-02, 1.0329e+01]
24300 [2.7248e-02, 1.0314e+01]
24400 [2.8562e-02, 1.0295e+01]
24500 [2.9398e-02, 1.0274e+01]
24600 [2.9223e-02, 1.0249e+01]
24700 [2.8914e-02, 1.0220e+01]
24800 [2.9130e-02, 1.0188e+01]
24900 [2.9332e-02, 1.0153e+01]
25000 [2.9655e-02, 1.0113e+01]
25100 [2.9995e-02, 1.0070e+01]
25200 [3.0067e-02, 1.0024e+01]
25300 [2.9403e-02, 9.9754e+00]
25400 [2.8971e-02, 9.9237e+00]
25500 [2.8798e-02, 9.8701e+00]
25600 [2.8264e-02, 9.8148e+00]
25700 [2.8621e-02, 9.7582e+00]
25800 [2.8279e-02, 9.7005e+00]
25900 [2.8005e-02, 9.6423e+00]
26000 [2.8092e-02, 9.5835e+00]
26100 [2.8382e-02, 9.5242e+00]
26200 [2.7865e-02, 9.4647e+00]
26300 [2.8433e-02, 9.4060e+00]
26400 [2.8486e-02, 9.3471e+00]
26500 [2.8666e-02, 9.2882e+00]
26600 [2.8713e-02, 9.2291e+00]
26700 [2.9013e-02, 9.1698e+00]
26800 [2.9389e-02, 9.1103e+00]
26900 [2.9349e-02, 9.0507e+00]
27000 [2.9965e-02, 8.9911e+00]
27100 [2.9889e-02, 8.9315e+00]
27200 [3.0552e-02, 8.8719e+00]
27300 [3.0526e-02, 8.8124e+00]
27400 [3.0891e-02, 8.7528e+00]
27500 [3.1493e-02, 8.6934e+00]
27600 [3.1861e-02, 8.6340e+00]
27700 [3.2154e-02, 8.5747e+00]
27800 [3.2491e-02, 8.5155e+00]
27900 [3.2927e-02, 8.4563e+00]
28000 [3.3428e-02, 8.3973e+00]
28100 [3.3869e-02, 8.3384e+00]
28200 [3.4135e-02, 8.2796e+00]
28300 [3.4142e-02, 8.2208e+00]
28400 [3.3877e-02, 8.1622e+00]
28500 [3.5222e-02, 8.1040e+00]
28600 [3.6083e-02, 8.0456e+00]
28700 [3.6442e-02, 7.9874e+00]
28800 [3.6709e-02, 7.9292e+00]
28900 [3.5985e-02, 7.8711e+00]
29000 [3.6408e-02, 7.8134e+00]
29100 [3.7954e-02, 7.7561e+00]
29200 [3.8030e-02, 7.6988e+00]
29300 [3.7711e-02, 7.6416e+00]
29400 [3.9151e-02, 7.5847e+00]
29500 [3.9228e-02, 7.5279e+00]
29600 [3.9888e-02, 7.4709e+00]
29700 [3.8816e-02, 7.4139e+00]
29800 [4.0665e-02, 7.3574e+00]
29900 [4.0488e-02, 7.3006e+00]
30000 [4.1311e-02, 7.2441e+00]
30000 [4.1311e-02, 7.2441e+00]
30100 [4.1188e-02, 7.2349e+00]
30200 [4.2332e-02, 7.2246e+00]
30300 [4.3043e-02, 7.2140e+00]
30400 [4.3440e-02, 7.2032e+00]
30500 [4.3696e-02, 7.1924e+00]
30600 [4.3884e-02, 7.1816e+00]
30700 [4.4031e-02, 7.1708e+00]
30800 [4.4151e-02, 7.1600e+00]
30900 [4.4020e-02, 7.1492e+00]
31000 [4.4267e-02, 7.1384e+00]
31100 [4.4401e-02, 7.1277e+00]
31200 [4.4435e-02, 7.1170e+00]
31300 [4.4306e-02, 7.1063e+00]
31400 [4.4425e-02, 7.0955e+00]
31500 [4.4660e-02, 7.0848e+00]
31600 [4.4736e-02, 7.0741e+00]
31700 [4.5020e-02, 7.0634e+00]
31800 [4.5271e-02, 7.0527e+00]
31900 [4.5426e-02, 7.0421e+00]
32000 [4.5561e-02, 7.0314e+00]
32100 [4.5790e-02, 7.0207e+00]
32200 [4.5861e-02, 7.0100e+00]
32300 [4.5874e-02, 6.9994e+00]
32400 [4.6098e-02, 6.9887e+00]
32500 [4.6276e-02, 6.9781e+00]
32600 [4.6307e-02, 6.9674e+00]
32700 [4.6616e-02, 6.9568e+00]
32800 [4.6527e-02, 6.9462e+00]
32900 [4.6821e-02, 6.9356e+00]
33000 [4.6172e-02, 6.9249e+00]
33100 [4.7168e-02, 6.9144e+00]
33200 [4.7159e-02, 6.9037e+00]
33300 [4.7343e-02, 6.8931e+00]
33400 [4.7381e-02, 6.8826e+00]
33500 [4.7433e-02, 6.8720e+00]
33600 [4.7363e-02, 6.8614e+00]
33700 [4.7446e-02, 6.8508e+00]
33800 [4.7643e-02, 6.8402e+00]
33900 [4.7615e-02, 6.8296e+00]
34000 [4.7310e-02, 6.8190e+00]
34100 [4.7792e-02, 6.8085e+00]
34200 [4.7830e-02, 6.7979e+00]
34300 [4.7898e-02, 6.7873e+00]
34400 [4.7994e-02, 6.7768e+00]
34500 [4.7738e-02, 6.7662e+00]
34600 [4.7778e-02, 6.7556e+00]
34700 [4.7947e-02, 6.7450e+00]
34800 [4.8089e-02, 6.7345e+00]
34900 [4.8028e-02, 6.7239e+00]
35000 [4.7899e-02, 6.7133e+00]
35100 [4.8186e-02, 6.7028e+00]
35200 [4.7832e-02, 6.6922e+00]
35300 [4.8313e-02, 6.6817e+00]
35400 [4.8314e-02, 6.6711e+00]
35500 [4.8146e-02, 6.6605e+00]
35600 [4.8447e-02, 6.6500e+00]
35700 [4.8562e-02, 6.6394e+00]
35800 [4.8411e-02, 6.6289e+00]
35900 [4.8498e-02, 6.6184e+00]
36000 [4.8276e-02, 6.6078e+00]
36100 [4.8683e-02, 6.5973e+00]
36200 [4.8327e-02, 6.5868e+00]
36300 [4.8642e-02, 6.5763e+00]
36400 [4.8394e-02, 6.5658e+00]
36500 [4.8619e-02, 6.5553e+00]
36600 [4.8927e-02, 6.5448e+00]
36700 [4.8948e-02, 6.5343e+00]
36800 [4.8776e-02, 6.5239e+00]
36900 [4.9243e-02, 6.5134e+00]
37000 [4.9071e-02, 6.5030e+00]
37100 [4.9340e-02, 6.4925e+00]
37200 [4.9163e-02, 6.4821e+00]
37300 [4.9334e-02, 6.4716e+00]
37400 [4.9487e-02, 6.4612e+00]
37500 [4.9617e-02, 6.4508e+00]
37600 [4.9592e-02, 6.4404e+00]
37700 [4.9792e-02, 6.4300e+00]
37800 [4.9935e-02, 6.4197e+00]
37900 [4.9943e-02, 6.4093e+00]
38000 [4.9330e-02, 6.3989e+00]
38100 [5.0141e-02, 6.3886e+00]
38200 [5.0081e-02, 6.3783e+00]
38300 [4.9808e-02, 6.3679e+00]
38400 [5.0397e-02, 6.3576e+00]
38500 [5.0210e-02, 6.3473e+00]
38600 [4.9796e-02, 6.3370e+00]
38700 [5.0300e-02, 6.3267e+00]
38800 [5.0287e-02, 6.3164e+00]
38900 [5.0277e-02, 6.3062e+00]
39000 [5.0788e-02, 6.2959e+00]
39100 [5.0273e-02, 6.2856e+00]
39200 [5.0882e-02, 6.2754e+00]
39300 [5.0479e-02, 6.2652e+00]
39400 [5.0381e-02, 6.2549e+00]
39500 [5.0722e-02, 6.2447e+00]
39600 [5.1202e-02, 6.2345e+00]
39700 [5.0868e-02, 6.2243e+00]
39800 [5.0989e-02, 6.2141e+00]
39900 [5.1265e-02, 6.2039e+00]
40000 [5.1078e-02, 6.1937e+00]
