# step, loss_train, loss_test, metrics_test
0.000000000000000000e+00 2.845207345671951771e-04 9.902384772431105375e-05 9.431508369743824005e-04 4.276889801025390625e+00 2.937840521335601807e-01 2.845207345671951771e-04 9.902384772431105375e-05 9.431508369743824005e-04 4.276889801025390625e+00 2.937840521335601807e-01
1.000000000000000000e+02 1.231541275046765804e-03 8.980390615761280060e-03 1.670964411459863186e-03 4.896502196788787842e-01 7.058726157993078232e-03 1.231541275046765804e-03 8.980390615761280060e-03 1.670964411459863186e-03 4.896502196788787842e-01 7.058726157993078232e-03
2.000000000000000000e+02 5.977406166493892670e-03 1.686590723693370819e-02 2.246694872155785561e-03 3.351207077503204346e-01 6.590086035430431366e-03 5.977406166493892670e-03 1.686590723693370819e-02 2.246694872155785561e-03 3.351207077503204346e-01 6.590086035430431366e-03
3.000000000000000000e+02 7.095914334058761597e-03 1.529226545244455338e-02 1.726282760500907898e-03 1.674981266260147095e-01 9.626777842640876770e-03 7.095914334058761597e-03 1.529226545244455338e-02 1.726282760500907898e-03 1.674981266260147095e-01 9.626777842640876770e-03
4.000000000000000000e+02 2.875685226172208786e-03 8.578951470553874969e-03 1.327431993559002876e-03 2.046569436788558960e-01 8.994681760668754578e-03 2.875685226172208786e-03 8.578951470553874969e-03 1.327431993559002876e-03 2.046569436788558960e-01 8.994681760668754578e-03
5.000000000000000000e+02 1.138478051871061325e-03 2.758013783022761345e-03 6.836883840151131153e-04 1.909005828201770782e-02 3.647792851552367210e-03 1.138478051871061325e-03 2.758013783022761345e-03 6.836883840151131153e-04 1.909005828201770782e-02 3.647792851552367210e-03
6.000000000000000000e+02 7.291669608093798161e-04 2.353718271479010582e-03 3.825271851383149624e-04 1.411172840744256973e-02 2.840180415660142899e-03 7.291669608093798161e-04 2.353718271479010582e-03 3.825271851383149624e-04 1.411172840744256973e-02 2.840180415660142899e-03
7.000000000000000000e+02 6.478509749285876751e-04 1.881475560367107391e-03 2.899918472394347191e-04 8.481200784444808960e-03 2.179022645577788353e-03 6.478509749285876751e-04 1.881475560367107391e-03 2.899918472394347191e-04 8.481200784444808960e-03 2.179022645577788353e-03
8.000000000000000000e+02 5.892362678423523903e-04 1.795042655430734158e-03 2.566099865362048149e-04 6.705125793814659119e-03 1.790355774573981762e-03 5.892362678423523903e-04 1.795042655430734158e-03 2.566099865362048149e-04 6.705125793814659119e-03 1.790355774573981762e-03
9.000000000000000000e+02 5.623733159154653549e-04 1.575090573169291019e-03 1.996904757106676698e-04 4.767307545989751816e-03 1.439203624613583088e-03 5.623733159154653549e-04 1.575090573169291019e-03 1.996904757106676698e-04 4.767307545989751816e-03 1.439203624613583088e-03
1.000000000000000000e+03 5.314690642990171909e-04 1.553695648908615112e-03 2.045594592345878482e-04 4.237946122884750366e-03 1.267226878553628922e-03 5.314690642990171909e-04 1.553695648908615112e-03 2.045594592345878482e-04 4.237946122884750366e-03 1.267226878553628922e-03
1.100000000000000000e+03 4.981390084140002728e-04 1.355501939542591572e-03 1.722828310448676348e-04 2.881509019061923027e-03 1.052829204127192497e-03 4.981390084140002728e-04 1.355501939542591572e-03 1.722828310448676348e-04 2.881509019061923027e-03 1.052829204127192497e-03
1.200000000000000000e+03 5.286376690492033958e-04 1.797835342586040497e-03 1.813679409679025412e-04 4.217419773340225220e-03 1.376158557832241058e-03 5.286376690492033958e-04 1.797835342586040497e-03 1.813679409679025412e-04 4.217419773340225220e-03 1.376158557832241058e-03
1.300000000000000000e+03 4.448022809810936451e-04 1.178235514089465141e-03 1.551110617583617568e-04 1.869408297352492809e-03 8.607967174611985683e-04 4.448022809810936451e-04 1.178235514089465141e-03 1.551110617583617568e-04 1.869408297352492809e-03 8.607967174611985683e-04
1.400000000000000000e+03 4.225762677378952503e-04 1.129210228100419044e-03 1.519631769042462111e-04 1.580412383191287518e-03 7.842659833841025829e-04 4.225762677378952503e-04 1.129210228100419044e-03 1.519631769042462111e-04 1.580412383191287518e-03 7.842659833841025829e-04
1.500000000000000000e+03 4.056720354128628969e-04 1.048384467139840126e-03 1.378068991471081972e-04 1.996150705963373184e-03 7.257338147610425949e-04 4.056720354128628969e-04 1.048384467139840126e-03 1.378068991471081972e-04 1.996150705963373184e-03 7.257338147610425949e-04
1.600000000000000000e+03 4.352509276941418648e-04 9.239852661266922951e-04 1.644482690608128905e-04 5.526974331587553024e-03 6.581274210475385189e-04 4.352509276941418648e-04 9.239852661266922951e-04 1.644482690608128905e-04 5.526974331587553024e-03 6.581274210475385189e-04
1.700000000000000000e+03 4.291322838980704546e-04 8.295725565403699875e-04 1.580890675541013479e-04 4.542860202491283417e-03 5.905277794227004051e-04 4.291322838980704546e-04 8.295725565403699875e-04 1.580890675541013479e-04 4.542860202491283417e-03 5.905277794227004051e-04
1.800000000000000000e+03 3.707654541358351707e-04 9.751502075232565403e-04 1.349004451185464859e-04 7.795946672558784485e-03 6.101383478380739689e-04 3.707654541358351707e-04 9.751502075232565403e-04 1.349004451185464859e-04 7.795946672558784485e-03 6.101383478380739689e-04
1.900000000000000000e+03 3.665913827717304230e-04 8.108253241516649723e-04 1.277809788007289171e-04 2.080851234495639801e-03 4.805669304914772511e-04 3.665913827717304230e-04 8.108253241516649723e-04 1.277809788007289171e-04 2.080851234495639801e-03 4.805669304914772511e-04
2.000000000000000000e+03 3.535510622896254063e-04 7.723604212515056133e-04 1.246619503945112228e-04 3.803253173828125000e-03 4.520505608525127172e-04 3.535510622896254063e-04 7.723604212515056133e-04 1.246619503945112228e-04 3.803253173828125000e-03 4.520505608525127172e-04
2.100000000000000000e+03 3.454080433584749699e-04 6.728182779625058174e-04 1.204425061587244272e-04 1.058634486980736256e-03 3.772947238758206367e-04 3.454080433584749699e-04 6.728182779625058174e-04 1.204425061587244272e-04 1.058634486980736256e-03 3.772947238758206367e-04
2.200000000000000000e+03 3.188633127138018608e-04 6.290011224336922169e-04 1.175171855720691383e-04 1.604877063073217869e-03 3.593678120523691177e-04 3.188633127138018608e-04 6.290011224336922169e-04 1.175171855720691383e-04 1.604877063073217869e-03 3.593678120523691177e-04
2.300000000000000000e+03 3.010884393006563187e-04 5.596097907982766628e-04 1.126392307924106717e-04 8.425165433436632156e-04 3.288837906438857317e-04 3.010884393006563187e-04 5.596097907982766628e-04 1.126392307924106717e-04 8.425165433436632156e-04 3.288837906438857317e-04
2.400000000000000000e+03 3.122364287264645100e-04 4.750680818688124418e-04 1.255251117981970310e-04 3.373520681634545326e-03 2.908100141212344170e-04 3.122364287264645100e-04 4.750680818688124418e-04 1.255251117981970310e-04 3.373520681634545326e-03 2.908100141212344170e-04
2.500000000000000000e+03 2.565071335993707180e-04 5.240238970145583153e-04 1.063146846718154848e-04 3.293243702501058578e-03 2.897170488722622395e-04 2.565071335993707180e-04 5.240238970145583153e-04 1.063146846718154848e-04 3.293243702501058578e-03 2.897170488722622395e-04
2.600000000000000000e+03 2.798809437081217766e-04 4.441838245838880539e-04 1.180008621304295957e-04 3.593969158828258514e-03 2.456218644510954618e-04 2.798809437081217766e-04 4.441838245838880539e-04 1.180008621304295957e-04 3.593969158828258514e-03 2.456218644510954618e-04
2.700000000000000000e+03 2.393737231614068151e-04 3.716960491146892309e-04 1.078872082871384919e-04 1.608675695024430752e-03 2.193632681155577302e-04 2.393737231614068151e-04 3.716960491146892309e-04 1.078872082871384919e-04 1.608675695024430752e-03 2.193632681155577302e-04
2.800000000000000000e+03 2.148437488358467817e-04 3.625957469921559095e-04 9.922574099618941545e-05 8.544657612219452858e-04 1.982290123123675585e-04 2.148437488358467817e-04 3.625957469921559095e-04 9.922574099618941545e-05 8.544657612219452858e-04 1.982290123123675585e-04
2.900000000000000000e+03 1.793144183466210961e-04 3.969209501519799232e-04 8.730890112929046154e-05 1.600540708750486374e-03 1.821287005441263318e-04 1.793144183466210961e-04 3.969209501519799232e-04 8.730890112929046154e-05 1.600540708750486374e-03 1.821287005441263318e-04
3.000000000000000000e+03 1.783041370799764991e-04 3.328697348479181528e-04 1.033182707033120096e-04 3.995441365987062454e-03 2.750635030679404736e-04 1.783041370799764991e-04 3.328697348479181528e-04 1.033182707033120096e-04 3.995441365987062454e-03 2.750635030679404736e-04
3.100000000000000000e+03 1.500903599662706256e-04 3.258217766415327787e-04 7.567786087747663260e-05 4.598370869643986225e-04 1.377067674184218049e-04 1.500903599662706256e-04 3.258217766415327787e-04 7.567786087747663260e-05 4.598370869643986225e-04 1.377067674184218049e-04
3.200000000000000000e+03 1.657584507483989000e-04 3.458574647083878517e-04 9.705487173050642014e-05 7.092569489032030106e-03 2.190825180150568485e-04 1.657584507483989000e-04 3.458574647083878517e-04 9.705487173050642014e-05 7.092569489032030106e-03 2.190825180150568485e-04
3.300000000000000000e+03 1.278165582334622741e-04 2.508288598619401455e-04 6.585437222383916378e-05 7.203915738500654697e-04 1.222645078087225556e-04 1.278165582334622741e-04 2.508288598619401455e-04 6.585437222383916378e-05 7.203915738500654697e-04 1.222645078087225556e-04
3.400000000000000000e+03 1.172281336039304733e-04 2.364783431403338909e-04 8.537364919902756810e-05 3.534694900736212730e-03 1.798700977815315127e-04 1.172281336039304733e-04 2.364783431403338909e-04 8.537364919902756810e-05 3.534694900736212730e-03 1.798700977815315127e-04
3.500000000000000000e+03 1.248088374268263578e-04 2.643827174324542284e-04 7.201865810202434659e-05 7.027041865512728691e-04 1.160167084890417755e-04 1.248088374268263578e-04 2.643827174324542284e-04 7.201865810202434659e-05 7.027041865512728691e-04 1.160167084890417755e-04
3.600000000000000000e+03 8.964946755440905690e-05 3.235305775888264179e-04 5.994536695652641356e-05 3.910305444151163101e-03 1.473117299610748887e-04 8.964946755440905690e-05 3.235305775888264179e-04 5.994536695652641356e-05 3.910305444151163101e-03 1.473117299610748887e-04
3.700000000000000000e+03 8.355281897820532322e-05 1.949710567714646459e-04 5.024081474402919412e-05 2.161936863558366895e-04 8.410971349803730845e-05 8.355281897820532322e-05 1.949710567714646459e-04 5.024081474402919412e-05 2.161936863558366895e-04 8.410971349803730845e-05
3.800000000000000000e+03 7.799324521329253912e-05 2.217990404460579157e-04 5.020804746891371906e-05 1.303506549447774887e-03 1.077157648978754878e-04 7.799324521329253912e-05 2.217990404460579157e-04 5.020804746891371906e-05 1.303506549447774887e-03 1.077157648978754878e-04
3.900000000000000000e+03 6.984343781368806958e-05 2.782515366561710835e-04 5.411228266893886030e-05 2.207300858572125435e-03 1.583497942192479968e-04 6.984343781368806958e-05 2.782515366561710835e-04 5.411228266893886030e-05 2.207300858572125435e-03 1.583497942192479968e-04
4.000000000000000000e+03 7.274496601894497871e-05 3.082542098127305508e-04 6.230675353435799479e-05 5.889231339097023010e-03 2.220739988842979074e-04 7.274496601894497871e-05 3.082542098127305508e-04 6.230675353435799479e-05 5.889231339097023010e-03 2.220739988842979074e-04
4.100000000000000000e+03 6.383861909853294492e-05 1.532584428787231445e-04 4.721434743260033429e-05 1.423643116140738130e-04 6.409993511624634266e-05 6.383861909853294492e-05 1.532584428787231445e-04 4.721434743260033429e-05 1.423643116140738130e-04 6.409993511624634266e-05
4.200000000000000000e+03 6.959782331250607967e-05 1.512122980784624815e-04 5.309445623424835503e-05 2.023246837779879570e-03 8.684644126333296299e-05 6.959782331250607967e-05 1.512122980784624815e-04 5.309445623424835503e-05 2.023246837779879570e-03 8.684644126333296299e-05
4.300000000000000000e+03 5.531400529434904456e-05 1.526092673884704709e-04 4.349256414570845664e-05 7.094323518685996532e-04 7.541598461102694273e-05 5.531400529434904456e-05 1.526092673884704709e-04 4.349256414570845664e-05 7.094323518685996532e-04 7.541598461102694273e-05
4.400000000000000000e+03 5.319232877809554338e-05 1.401218032697215676e-04 4.263709706719964743e-05 4.348005750216543674e-04 5.822610910399816930e-05 5.319232877809554338e-05 1.401218032697215676e-04 4.263709706719964743e-05 4.348005750216543674e-04 5.822610910399816930e-05
4.500000000000000000e+03 7.226831075968220830e-05 2.281356573803350329e-04 6.891960219945758581e-05 5.859526339918375015e-03 2.280811168020591140e-04 7.226831075968220830e-05 2.281356573803350329e-04 6.891960219945758581e-05 5.859526339918375015e-03 2.280811168020591140e-04
4.600000000000000000e+03 5.076272645965218544e-05 1.134171907324343920e-04 4.160674507147632539e-05 3.292862093076109886e-04 5.751097705797292292e-05 5.076272645965218544e-05 1.134171907324343920e-04 4.160674507147632539e-05 3.292862093076109886e-04 5.751097705797292292e-05
4.700000000000000000e+03 5.037652590544894338e-05 1.059467031154781580e-04 4.127298961975611746e-05 3.991764388047158718e-04 5.058267925051040947e-05 5.037652590544894338e-05 1.059467031154781580e-04 4.127298961975611746e-05 3.991764388047158718e-04 5.058267925051040947e-05
4.800000000000000000e+03 4.773706314153969288e-05 1.453747827326878905e-04 5.566502659348770976e-05 4.501838702708482742e-03 1.101609159377403557e-04 4.773706314153969288e-05 1.453747827326878905e-04 5.566502659348770976e-05 4.501838702708482742e-03 1.101609159377403557e-04
4.900000000000000000e+03 6.403125735232606530e-05 1.947765413206070662e-04 7.281121361302211881e-05 6.971910130232572556e-03 1.735548867145553231e-04 6.403125735232606530e-05 1.947765413206070662e-04 7.281121361302211881e-05 6.971910130232572556e-03 1.735548867145553231e-04
5.000000000000000000e+03 4.231975981383584440e-05 1.098562206607311964e-04 3.628822014434263110e-05 1.070800470188260078e-03 5.906237856834195554e-05 4.231975981383584440e-05 1.098562206607311964e-04 3.628822014434263110e-05 1.070800470188260078e-03 5.906237856834195554e-05
5.100000000000000000e+03 4.680084384744986892e-05 1.039667113218456507e-04 3.603053482947871089e-05 6.514156120829284191e-04 6.498079164884984493e-05 4.680084384744986892e-05 1.039667113218456507e-04 3.603053482947871089e-05 6.514156120829284191e-04 6.498079164884984493e-05
5.200000000000000000e+03 4.288156196707859635e-05 9.800904808798804879e-05 4.206141238682903349e-05 8.973869844339787960e-04 6.224914250196889043e-05 4.288156196707859635e-05 9.800904808798804879e-05 4.206141238682903349e-05 8.973869844339787960e-04 6.224914250196889043e-05
5.300000000000000000e+03 3.796594683080911636e-05 9.793259232537820935e-05 3.326636579004116356e-05 1.184554072096943855e-03 6.445672624977305532e-05 3.796594683080911636e-05 9.793259232537820935e-05 3.326636579004116356e-05 1.184554072096943855e-03 6.445672624977305532e-05
5.400000000000000000e+03 4.498080670600757003e-05 9.112372936215251684e-05 4.611597978509962559e-05 1.597744179889559746e-03 5.072628118796274066e-05 4.498080670600757003e-05 9.112372936215251684e-05 4.611597978509962559e-05 1.597744179889559746e-03 5.072628118796274066e-05
5.500000000000000000e+03 4.097002602065913379e-05 1.114855986088514328e-04 3.281421595602296293e-05 3.251268528401851654e-03 1.807470252970233560e-04 4.097002602065913379e-05 1.114855986088514328e-04 3.281421595602296293e-05 3.251268528401851654e-03 1.807470252970233560e-04
5.600000000000000000e+03 4.106270353076979518e-05 8.617112325737252831e-05 3.880078656948171556e-05 1.494283671490848064e-03 4.945921682519838214e-05 4.106270353076979518e-05 8.617112325737252831e-05 3.880078656948171556e-05 1.494283671490848064e-03 4.945921682519838214e-05
5.700000000000000000e+03 3.849625500151887536e-05 1.221612474182620645e-04 3.612914952100254595e-05 1.095977379009127617e-03 1.052613952197134495e-04 3.849625500151887536e-05 1.221612474182620645e-04 3.612914952100254595e-05 1.095977379009127617e-03 1.052613952197134495e-04
5.800000000000000000e+03 3.624357850640080869e-05 8.432397589785978198e-05 3.190559073118492961e-05 8.622675668448209763e-04 4.467142571229487658e-05 3.624357850640080869e-05 8.432397589785978198e-05 3.190559073118492961e-05 8.622675668448209763e-04 4.467142571229487658e-05
5.900000000000000000e+03 3.305281643406488001e-05 8.501512638758867979e-05 2.846574170689564198e-05 8.269226527772843838e-04 4.923645974486134946e-05 3.305281643406488001e-05 8.501512638758867979e-05 2.846574170689564198e-05 8.269226527772843838e-04 4.923645974486134946e-05
6.000000000000000000e+03 3.331271727802231908e-05 9.920456795953214169e-05 2.896716614486649632e-05 1.562286517582833767e-03 1.182626365334726870e-04 3.331271727802231908e-05 9.920456795953214169e-05 2.896716614486649632e-05 1.562286517582833767e-03 1.182626365334726870e-04
6.100000000000000000e+03 4.481897121877409518e-05 2.123845770256593823e-04 5.351812433218583465e-05 5.128544871695339680e-04 1.825800136430189013e-04 4.481897121877409518e-05 2.123845770256593823e-04 5.351812433218583465e-05 5.128544871695339680e-04 1.825800136430189013e-04
6.200000000000000000e+03 3.481829116935841739e-05 7.592244946863502264e-05 3.728861702256835997e-05 1.627116813324391842e-03 3.943372576031833887e-05 3.481829116935841739e-05 7.592244946863502264e-05 3.728861702256835997e-05 1.627116813324391842e-03 3.943372576031833887e-05
6.300000000000000000e+03 2.873850826290436089e-05 7.218543032649904490e-05 2.708974898268934339e-05 1.215584226883947849e-03 5.413842882262542844e-05 2.873850826290436089e-05 7.218543032649904490e-05 2.708974898268934339e-05 1.215584226883947849e-03 5.413842882262542844e-05
6.400000000000000000e+03 2.829293953254818916e-05 6.391596980392932892e-05 2.517942812119144946e-05 6.532727857120335102e-04 3.617743277573026717e-05 2.829293953254818916e-05 6.391596980392932892e-05 2.517942812119144946e-05 6.532727857120335102e-04 3.617743277573026717e-05
6.500000000000000000e+03 2.870106254704296589e-05 1.127144423662684858e-04 2.996974944835528731e-05 9.341710829176008701e-04 7.234357326524332166e-05 2.870106254704296589e-05 1.127144423662684858e-04 2.996974944835528731e-05 9.341710829176008701e-04 7.234357326524332166e-05
6.600000000000000000e+03 3.518031735438853502e-05 1.010867417789995670e-04 5.095178494229912758e-05 5.348365288227796555e-03 9.235216566594317555e-05 3.518031735438853502e-05 1.010867417789995670e-04 5.095178494229912758e-05 5.348365288227796555e-03 9.235216566594317555e-05
6.700000000000000000e+03 3.384272713446989655e-05 8.859398803906515241e-05 3.616471440182067454e-05 3.406248986721038818e-03 7.087290578056126833e-05 3.384272713446989655e-05 8.859398803906515241e-05 3.616471440182067454e-05 3.406248986721038818e-03 7.087290578056126833e-05
6.800000000000000000e+03 2.601923006295692176e-05 7.352352258749306202e-05 2.595329897303599864e-05 8.509917533956468105e-04 4.326507405494339764e-05 2.601923006295692176e-05 7.352352258749306202e-05 2.595329897303599864e-05 8.509917533956468105e-04 4.326507405494339764e-05
6.900000000000000000e+03 2.593493263702839613e-05 7.070789433782920241e-05 2.101371137541718781e-05 1.346767880022525787e-03 8.609057113062590361e-05 2.593493263702839613e-05 7.070789433782920241e-05 2.101371137541718781e-05 1.346767880022525787e-03 8.609057113062590361e-05
7.000000000000000000e+03 2.431818938930518925e-05 7.191832992248237133e-05 3.601822390919551253e-05 1.455963240005075932e-03 6.648933049291372299e-05 2.431818938930518925e-05 7.191832992248237133e-05 3.601822390919551253e-05 1.455963240005075932e-03 6.648933049291372299e-05
7.100000000000000000e+03 2.406187377346213907e-05 6.021736771799623966e-05 2.057523852272424847e-05 1.333214924670755863e-03 4.858234751736745238e-05 2.406187377346213907e-05 6.021736771799623966e-05 2.057523852272424847e-05 1.333214924670755863e-03 4.858234751736745238e-05
7.200000000000000000e+03 2.145546750398352742e-05 5.683927156496793032e-05 1.801146936486475170e-05 7.939263014122843742e-05 3.506025677779689431e-05 2.145546750398352742e-05 5.683927156496793032e-05 1.801146936486475170e-05 7.939263014122843742e-05 3.506025677779689431e-05
7.300000000000000000e+03 2.268977004860062152e-05 1.131377212004736066e-04 2.106281681335531175e-05 2.586717018857598305e-04 1.142621622420847416e-04 2.268977004860062152e-05 1.131377212004736066e-04 2.106281681335531175e-05 2.586717018857598305e-04 1.142621622420847416e-04
7.400000000000000000e+03 2.282412242493592203e-05 5.902222619624808431e-05 2.393104477960150689e-05 1.378243905492126942e-03 3.992813071818090975e-05 2.282412242493592203e-05 5.902222619624808431e-05 2.393104477960150689e-05 1.378243905492126942e-03 3.992813071818090975e-05
7.500000000000000000e+03 2.366645094298291951e-05 8.435105701209977269e-05 2.689253233256749809e-05 1.045973156578838825e-03 6.237337947823107243e-05 2.366645094298291951e-05 8.435105701209977269e-05 2.689253233256749809e-05 1.045973156578838825e-03 6.237337947823107243e-05
7.600000000000000000e+03 1.997291474253870547e-05 6.249233410926535726e-05 1.888937731564510614e-05 7.779324078001081944e-04 3.876151822623796761e-05 1.997291474253870547e-05 6.249233410926535726e-05 1.888937731564510614e-05 7.779324078001081944e-04 3.876151822623796761e-05
7.700000000000000000e+03 1.867515675257891417e-05 4.639609323930926621e-05 1.506755961599992588e-05 2.342109364690259099e-04 3.070998354814946651e-05 1.867515675257891417e-05 4.639609323930926621e-05 1.506755961599992588e-05 2.342109364690259099e-04 3.070998354814946651e-05
7.800000000000000000e+03 1.829556822485756129e-05 4.998556323698721826e-05 1.474533473810879514e-05 3.578840114641934633e-04 3.847729385597631335e-05 1.829556822485756129e-05 4.998556323698721826e-05 1.474533473810879514e-05 3.578840114641934633e-04 3.847729385597631335e-05
7.900000000000000000e+03 2.440828211547341198e-05 6.248870340641587973e-05 4.050186907988972962e-05 9.235316538251936436e-04 8.207084465539082885e-05 2.440828211547341198e-05 6.248870340641587973e-05 4.050186907988972962e-05 9.235316538251936436e-04 8.207084465539082885e-05
8.000000000000000000e+03 1.708860872895456851e-05 4.396312579046934843e-05 1.348572641290957108e-05 1.904837263282388449e-04 2.360771395615302026e-05 1.708860872895456851e-05 4.396312579046934843e-05 1.348572641290957108e-05 1.904837263282388449e-04 2.360771395615302026e-05
8.100000000000000000e+03 1.884722223621793091e-05 4.981265738024376333e-05 1.553069523652084172e-05 1.010507228784263134e-03 3.878087591147050261e-05 1.884722223621793091e-05 4.981265738024376333e-05 1.553069523652084172e-05 1.010507228784263134e-03 3.878087591147050261e-05
8.200000000000000000e+03 1.962367787200491875e-05 4.987968350178562105e-05 2.492342173354700208e-05 1.723548164591193199e-03 8.624270412838086486e-05 1.962367787200491875e-05 4.987968350178562105e-05 2.492342173354700208e-05 1.723548164591193199e-03 8.624270412838086486e-05
8.300000000000000000e+03 1.708978015813045204e-05 5.015008719055913389e-05 1.555426206323318183e-05 7.167077274061739445e-04 3.203193773515522480e-05 1.708978015813045204e-05 5.015008719055913389e-05 1.555426206323318183e-05 7.167077274061739445e-04 3.203193773515522480e-05
8.400000000000000000e+03 1.581624019308947027e-05 4.109764995519071817e-05 1.580040225235279649e-05 8.752003777772188187e-04 4.191164771327748895e-05 1.581624019308947027e-05 4.109764995519071817e-05 1.580040225235279649e-05 8.752003777772188187e-04 4.191164771327748895e-05
8.500000000000000000e+03 1.483221149101154879e-05 4.139073280384764075e-05 1.326878555119037628e-05 5.980101559543982148e-05 1.716156293696258217e-05 1.483221149101154879e-05 4.139073280384764075e-05 1.326878555119037628e-05 5.980101559543982148e-05 1.716156293696258217e-05
8.600000000000000000e+03 1.615876681171357632e-05 1.322049502050504088e-04 2.162373493774794042e-05 1.727106398902833462e-03 1.459600462112575769e-04 1.615876681171357632e-05 1.322049502050504088e-04 2.162373493774794042e-05 1.727106398902833462e-03 1.459600462112575769e-04
8.700000000000000000e+03 1.597345908521674573e-05 6.065778507036156952e-05 2.007642615353688598e-05 1.855465117841959000e-03 5.497866732184775174e-05 1.597345908521674573e-05 6.065778507036156952e-05 2.007642615353688598e-05 1.855465117841959000e-03 5.497866732184775174e-05
8.800000000000000000e+03 2.014019628404639661e-05 9.924638288794085383e-05 3.421708606765605509e-05 3.720356151461601257e-03 1.170994146377779543e-04 2.014019628404639661e-05 9.924638288794085383e-05 3.421708606765605509e-05 3.720356151461601257e-03 1.170994146377779543e-04
8.900000000000000000e+03 1.419479758624220267e-05 3.753923738258890808e-05 1.189595332107273862e-05 1.240972487721592188e-04 1.726371738186571747e-05 1.419479758624220267e-05 3.753923738258890808e-05 1.189595332107273862e-05 1.240972487721592188e-04 1.726371738186571747e-05
9.000000000000000000e+03 1.736495323712006211e-05 6.259675137698650360e-05 1.511052778369048610e-05 9.165839874185621738e-04 7.346743950620293617e-05 1.736495323712006211e-05 6.259675137698650360e-05 1.511052778369048610e-05 9.165839874185621738e-04 7.346743950620293617e-05
9.100000000000000000e+03 1.426583912689238787e-05 4.350428571342490613e-05 1.153373341367114335e-05 2.403069083811715245e-04 1.994800550164654851e-05 1.426583912689238787e-05 4.350428571342490613e-05 1.153373341367114335e-05 2.403069083811715245e-04 1.994800550164654851e-05
9.200000000000000000e+03 1.499968584539601579e-05 6.991872942307963967e-05 1.464201977796619758e-05 4.380213795229792595e-04 6.056813072063960135e-05 1.499968584539601579e-05 6.991872942307963967e-05 1.464201977796619758e-05 4.380213795229792595e-04 6.056813072063960135e-05
9.300000000000000000e+03 1.885654273792169988e-05 5.611393498838879168e-05 2.531205791456159204e-05 4.162848461419343948e-03 1.506193366367369890e-04 1.885654273792169988e-05 5.611393498838879168e-05 2.531205791456159204e-05 4.162848461419343948e-03 1.506193366367369890e-04
9.400000000000000000e+03 1.383843846269883215e-05 5.424553819466382265e-05 2.006225258810445666e-05 1.997536048293113708e-03 5.215807686909101903e-05 1.383843846269883215e-05 5.424553819466382265e-05 2.006225258810445666e-05 1.997536048293113708e-03 5.215807686909101903e-05
9.500000000000000000e+03 1.438931394659448415e-05 3.899879447999410331e-05 1.293569857807597145e-05 8.094204822555184364e-04 3.274441405665129423e-05 1.438931394659448415e-05 3.899879447999410331e-05 1.293569857807597145e-05 8.094204822555184364e-04 3.274441405665129423e-05
9.600000000000000000e+03 1.203117790282703936e-05 6.948420195840299129e-05 1.431512464478146285e-05 4.383917257655411959e-04 6.025399852660484612e-05 1.203117790282703936e-05 6.948420195840299129e-05 1.431512464478146285e-05 4.383917257655411959e-04 6.025399852660484612e-05
9.700000000000000000e+03 1.138883089879527688e-05 3.197168189217336476e-05 1.031016654451377690e-05 2.862314577214419842e-04 1.656420499784871936e-05 1.138883089879527688e-05 3.197168189217336476e-05 1.031016654451377690e-05 2.862314577214419842e-04 1.656420499784871936e-05
9.800000000000000000e+03 1.501063434261595830e-05 5.409367076936177909e-05 1.980785600608214736e-05 2.006254158914089203e-03 5.844655606779269874e-05 1.501063434261595830e-05 5.409367076936177909e-05 1.980785600608214736e-05 2.006254158914089203e-03 5.844655606779269874e-05
9.900000000000000000e+03 1.285078997170785442e-05 7.972733874339610338e-05 2.256557309010531753e-05 1.883909280877560377e-04 7.742679736111313105e-05 1.285078997170785442e-05 7.972733874339610338e-05 2.256557309010531753e-05 1.883909280877560377e-04 7.742679736111313105e-05
1.000000000000000000e+04 1.295443962590070441e-05 5.252038317848928273e-05 1.349381545878713951e-05 8.963253349065780640e-04 4.410357360029593110e-05 1.295443962590070441e-05 5.252038317848928273e-05 1.349381545878713951e-05 8.963253349065780640e-04 4.410357360029593110e-05
1.000000000000000000e+04 1.295443962590070441e-05 5.252038317848928273e-05 1.349381545878713951e-05 8.963253349065780640e-04 4.410357360029593110e-05 1.295443962590070441e-05 5.252038317848928273e-05 1.349381545878713951e-05 8.963253349065780640e-04 4.410357360029593110e-05
1.010000000000000000e+04 9.329090971732512116e-05 2.197134017478674650e-04 6.227639823919162154e-05 6.121805054135620594e-04 7.364917837549000978e-05 9.329090971732512116e-05 2.197134017478674650e-04 6.227639823919162154e-05 6.121805054135620594e-04 7.364917837549000978e-05
1.020000000000000000e+04 2.036132718785665929e-05 4.868590258411131799e-05 1.436765251128235832e-05 5.119169509271159768e-05 2.125437458744272590e-05 2.036132718785665929e-05 4.868590258411131799e-05 1.436765251128235832e-05 5.119169509271159768e-05 2.125437458744272590e-05
1.030000000000000000e+04 1.408536536473548040e-05 3.638674388639628887e-05 1.106702347897225991e-05 3.485775232547894120e-05 1.590248393767978996e-05 1.408536536473548040e-05 3.638674388639628887e-05 1.106702347897225991e-05 3.485775232547894120e-05 1.590248393767978996e-05
1.040000000000000000e+04 1.220233298226958141e-05 3.200394712621346116e-05 9.761658475326839834e-06 3.052179818041622639e-05 1.412915298715233803e-05 1.220233298226958141e-05 3.200394712621346116e-05 9.761658475326839834e-06 3.052179818041622639e-05 1.412915298715233803e-05
1.050000000000000000e+04 1.118349155149189755e-05 2.954635783680714667e-05 9.015295290737412870e-06 2.802417293423786759e-05 1.316761699854396284e-05 1.118349155149189755e-05 2.954635783680714667e-05 9.015295290737412870e-06 2.802417293423786759e-05 1.316761699854396284e-05
1.060000000000000000e+04 1.052170682669384405e-05 2.789957761706318706e-05 8.469977728964295238e-06 2.638843579916283488e-05 1.252049787581199780e-05 1.052170682669384405e-05 2.789957761706318706e-05 8.469977728964295238e-06 2.638843579916283488e-05 1.252049787581199780e-05
1.070000000000000000e+04 1.002290082396939397e-05 2.662772385519929230e-05 8.036749022721778601e-06 2.518745168345049024e-05 1.203117426484823227e-05 1.002290082396939397e-05 2.662772385519929230e-05 8.036749022721778601e-06 2.518745168345049024e-05 1.203117426484823227e-05
1.080000000000000000e+04 9.604027582099661231e-06 2.554472121119033545e-05 7.686970093345735222e-06 2.421579301881138235e-05 1.163103115686681122e-05 9.604027582099661231e-06 2.554472121119033545e-05 7.686970093345735222e-06 2.421579301881138235e-05 1.163103115686681122e-05
1.090000000000000000e+04 9.228098861058242619e-06 2.456786023685708642e-05 7.396391083602793515e-06 2.337543810426723212e-05 1.128416079154703766e-05 9.228098861058242619e-06 2.456786023685708642e-05 7.396391083602793515e-06 2.337543810426723212e-05 1.128416079154703766e-05
1.100000000000000000e+04 8.876633728505112231e-06 2.365753425692673773e-05 7.143920811358839273e-06 2.261418194393627346e-05 1.097069798561278731e-05 8.876633728505112231e-06 2.365753425692673773e-05 7.143920811358839273e-06 2.261418194393627346e-05 1.097069798561278731e-05
1.110000000000000000e+04 8.540592716599348933e-06 2.279306318087037653e-05 6.914108780620153993e-06 2.190426312154158950e-05 1.067948051058920100e-05 8.540592716599348933e-06 2.279306318087037653e-05 6.914108780620153993e-06 2.190426312154158950e-05 1.067948051058920100e-05
1.120000000000000000e+04 8.226380487030837685e-06 2.208761907240841538e-05 6.729299002472544089e-06 2.148886596842203289e-05 1.050220816978253424e-05 8.226380487030837685e-06 2.208761907240841538e-05 6.729299002472544089e-06 2.148886596842203289e-05 1.050220816978253424e-05
1.130000000000000000e+04 8.014503691811114550e-06 2.145754115190356970e-05 6.570361620106268674e-06 2.135228896804619581e-05 1.018650345940841362e-05 8.014503691811114550e-06 2.145754115190356970e-05 6.570361620106268674e-06 2.135228896804619581e-05 1.018650345940841362e-05
1.140000000000000000e+04 7.776836355333216488e-06 2.082479659293312579e-05 6.525911430799169466e-06 3.125323928543366492e-05 1.010345204122131690e-05 7.776836355333216488e-06 2.082479659293312579e-05 6.525911430799169466e-06 3.125323928543366492e-05 1.010345204122131690e-05
1.150000000000000000e+04 7.664905751880723983e-06 2.174183464376255870e-05 6.513298103527631611e-06 4.126998101128265262e-05 1.110664379666559398e-05 7.664905751880723983e-06 2.174183464376255870e-05 6.513298103527631611e-06 4.126998101128265262e-05 1.110664379666559398e-05
1.160000000000000000e+04 7.669166734558530152e-06 2.486273115209769458e-05 6.780372586945304647e-06 1.165000358014367521e-04 1.372815768263535574e-05 7.669166734558530152e-06 2.486273115209769458e-05 6.780372586945304647e-06 1.165000358014367521e-04 1.372815768263535574e-05
1.170000000000000000e+04 7.143125912989489734e-06 2.428999323456082493e-05 7.784499757690355182e-06 2.322990476386621594e-04 1.416490795236313716e-05 7.143125912989489734e-06 2.428999323456082493e-05 7.784499757690355182e-06 2.322990476386621594e-04 1.416490795236313716e-05
1.180000000000000000e+04 7.269552497746190056e-06 2.745435631368309259e-05 6.158009000500896946e-06 1.159227103926241398e-04 2.116659925377462059e-05 7.269552497746190056e-06 2.745435631368309259e-05 6.158009000500896946e-06 1.159227103926241398e-04 2.116659925377462059e-05
1.190000000000000000e+04 7.041960998321883380e-06 1.937275737873278558e-05 6.766909791622310877e-06 2.347014524275436997e-04 1.178532329504378140e-05 7.041960998321883380e-06 1.937275737873278558e-05 6.766909791622310877e-06 2.347014524275436997e-04 1.178532329504378140e-05
1.200000000000000000e+04 7.072545486153103411e-06 2.003711233555804938e-05 7.099275535438209772e-06 4.951477749273180962e-04 2.232908809673972428e-05 7.072545486153103411e-06 2.003711233555804938e-05 7.099275535438209772e-06 4.951477749273180962e-04 2.232908809673972428e-05
1.210000000000000000e+04 7.617714345542481169e-06 3.941010072594508529e-05 8.906661605578847229e-06 6.233965395949780941e-04 3.370506237843073905e-05 7.617714345542481169e-06 3.941010072594508529e-05 8.906661605578847229e-06 6.233965395949780941e-04 3.370506237843073905e-05
1.220000000000000000e+04 6.585398296010680497e-06 1.852233071986120194e-05 5.652736035699490458e-06 1.065608594217337668e-04 9.673070962890051305e-06 6.585398296010680497e-06 1.852233071986120194e-05 5.652736035699490458e-06 1.065608594217337668e-04 9.673070962890051305e-06
1.230000000000000000e+04 6.223523087101057172e-06 1.730126496113371104e-05 5.218805654294556007e-06 2.423579826427157968e-05 9.229307579516898841e-06 6.223523087101057172e-06 1.730126496113371104e-05 5.218805654294556007e-06 2.423579826427157968e-05 9.229307579516898841e-06
1.240000000000000000e+04 7.241850653372239321e-06 1.962703754543326795e-05 8.015653293114155531e-06 1.722511224215850234e-04 1.293109471589559689e-05 7.241850653372239321e-06 1.962703754543326795e-05 8.015653293114155531e-06 1.722511224215850234e-04 1.293109471589559689e-05
1.250000000000000000e+04 6.207851129147456959e-06 1.788693225535098463e-05 5.266168955131433904e-06 6.587263487745076418e-05 1.072650684363907203e-05 6.207851129147456959e-06 1.788693225535098463e-05 5.266168955131433904e-06 6.587263487745076418e-05 1.072650684363907203e-05
1.260000000000000000e+04 5.982276888971682638e-06 1.670368328632321209e-05 5.192093794903485104e-06 1.130497912527061999e-04 1.123733818531036377e-05 5.982276888971682638e-06 1.670368328632321209e-05 5.192093794903485104e-06 1.130497912527061999e-04 1.123733818531036377e-05
1.270000000000000000e+04 6.229530754353618249e-06 2.083207618852611631e-05 5.454289748740848154e-06 9.440390567760914564e-05 1.328652706433786079e-05 6.229530754353618249e-06 2.083207618852611631e-05 5.454289748740848154e-06 9.440390567760914564e-05 1.328652706433786079e-05
1.280000000000000000e+04 5.837965090904617682e-06 1.614315442566294223e-05 4.906755748379509896e-06 2.639715967234224081e-05 8.418751349381636828e-06 5.837965090904617682e-06 1.614315442566294223e-05 4.906755748379509896e-06 2.639715967234224081e-05 8.418751349381636828e-06
1.290000000000000000e+04 6.948838745302055031e-06 2.000359927478712052e-05 8.773319677857216448e-06 9.473550599068403244e-04 2.590722579043358564e-05 6.948838745302055031e-06 2.000359927478712052e-05 8.773319677857216448e-06 9.473550599068403244e-04 2.590722579043358564e-05
1.300000000000000000e+04 5.591894478129688650e-06 1.529347355244681239e-05 5.324149697116808966e-06 2.560508983151521534e-05 8.830780643620528281e-06 5.591894478129688650e-06 1.529347355244681239e-05 5.324149697116808966e-06 2.560508983151521534e-05 8.830780643620528281e-06
1.310000000000000000e+04 5.596151368081336841e-06 1.484729091316694394e-05 5.181666438147658482e-06 1.030238709063269198e-04 9.297888027504086494e-06 5.596151368081336841e-06 1.484729091316694394e-05 5.181666438147658482e-06 1.030238709063269198e-04 9.297888027504086494e-06
1.320000000000000000e+04 5.882830464543076232e-06 1.866512320702895522e-05 6.820970611443044618e-06 4.561743990052491426e-04 1.748578688420820981e-05 5.882830464543076232e-06 1.866512320702895522e-05 6.820970611443044618e-06 4.561743990052491426e-04 1.748578688420820981e-05
1.330000000000000000e+04 5.704460363631369546e-06 1.644732583372388035e-05 5.213608801568625495e-06 1.540025114081799984e-04 8.762652214500121772e-06 5.704460363631369546e-06 1.644732583372388035e-05 5.213608801568625495e-06 1.540025114081799984e-04 8.762652214500121772e-06
1.340000000000000000e+04 5.476960723171941936e-06 1.630207043490372598e-05 5.577569936576765031e-06 3.714971244335174561e-04 1.694127240625675768e-05 5.476960723171941936e-06 1.630207043490372598e-05 5.577569936576765031e-06 3.714971244335174561e-04 1.694127240625675768e-05
1.350000000000000000e+04 5.737922037951648235e-06 1.869845800683833659e-05 5.085438715468626469e-06 3.004855534527450800e-04 1.985448943742085248e-05 5.737922037951648235e-06 1.869845800683833659e-05 5.085438715468626469e-06 3.004855534527450800e-04 1.985448943742085248e-05
1.360000000000000000e+04 5.781089839729247615e-06 1.672741018410306424e-05 6.308609499683370814e-06 6.542134215123951435e-04 2.372712515352759510e-05 5.781089839729247615e-06 1.672741018410306424e-05 6.308609499683370814e-06 6.542134215123951435e-04 2.372712515352759510e-05
1.370000000000000000e+04 5.612335371552035213e-06 1.752348180161789060e-05 6.345561814669054002e-06 4.501959774643182755e-04 1.787567634892184287e-05 5.612335371552035213e-06 1.752348180161789060e-05 6.345561814669054002e-06 4.501959774643182755e-04 1.787567634892184287e-05
1.380000000000000000e+04 5.772301392426015809e-06 1.881804018921684474e-05 5.343889370124088600e-06 2.626605564728379250e-04 1.713262645353097469e-05 5.772301392426015809e-06 1.881804018921684474e-05 5.343889370124088600e-06 2.626605564728379250e-04 1.713262645353097469e-05
1.390000000000000000e+04 6.865308023407123983e-06 2.076160672004334629e-05 8.177079507731832564e-06 2.522071881685405970e-04 2.359419158892706037e-05 6.865308023407123983e-06 2.076160672004334629e-05 8.177079507731832564e-06 2.522071881685405970e-04 2.359419158892706037e-05
1.400000000000000000e+04 5.246778073342284188e-06 1.474376767873764038e-05 4.774045009980909526e-06 2.861567772924900055e-04 1.507907654740847647e-05 5.246778073342284188e-06 1.474376767873764038e-05 4.774045009980909526e-06 2.861567772924900055e-04 1.507907654740847647e-05
1.410000000000000000e+04 4.952088602294679731e-06 1.425344817107543349e-05 4.923286269331583753e-06 1.976230705622583628e-04 1.312929907726356760e-05 4.952088602294679731e-06 1.425344817107543349e-05 4.923286269331583753e-06 1.976230705622583628e-04 1.312929907726356760e-05
1.420000000000000000e+04 5.091872935736319050e-06 1.170136965811252594e-05 4.978012384526664391e-06 1.176994119305163622e-04 8.697087650944013149e-06 5.091872935736319050e-06 1.170136965811252594e-05 4.978012384526664391e-06 1.176994119305163622e-04 8.697087650944013149e-06
1.430000000000000000e+04 4.729983174911467358e-06 1.177101148641668260e-05 4.392732989799696952e-06 5.716647137887775898e-05 7.652732165297493339e-06 4.729983174911467358e-06 1.177101148641668260e-05 4.392732989799696952e-06 5.716647137887775898e-05 7.652732165297493339e-06
1.440000000000000000e+04 4.781555162480799481e-06 1.303340650338213891e-05 5.533981038752244785e-06 3.041489690076559782e-04 9.276231139665469527e-06 4.781555162480799481e-06 1.303340650338213891e-05 5.533981038752244785e-06 3.041489690076559782e-04 9.276231139665469527e-06
1.450000000000000000e+04 5.423015863925684243e-06 2.917961137427482754e-05 5.996871095703681931e-06 1.162792032118886709e-04 2.206870340160094202e-05 5.423015863925684243e-06 2.917961137427482754e-05 5.996871095703681931e-06 1.162792032118886709e-04 2.206870340160094202e-05
1.460000000000000000e+04 5.133102604304440320e-06 2.287465576955582947e-05 5.433935712062520906e-06 2.179633447667583823e-04 2.259804023196920753e-05 5.133102604304440320e-06 2.287465576955582947e-05 5.433935712062520906e-06 2.179633447667583823e-04 2.259804023196920753e-05
1.470000000000000000e+04 5.959884219919331372e-06 5.835730553371831775e-05 6.160843440738972276e-06 2.393124595982953906e-04 6.182713696034625173e-05 5.959884219919331372e-06 5.835730553371831775e-05 6.160843440738972276e-06 2.393124595982953906e-04 6.182713696034625173e-05
1.480000000000000000e+04 5.949999831500463188e-06 3.209499482181854546e-05 1.091963622457114980e-05 6.787934107705950737e-04 2.834419683495070785e-05 5.949999831500463188e-06 3.209499482181854546e-05 1.091963622457114980e-05 6.787934107705950737e-04 2.834419683495070785e-05
1.490000000000000000e+04 5.193106517253909260e-06 2.774457789200823754e-05 4.834606897929916158e-06 1.467477413825690746e-04 2.324399611097760499e-05 5.193106517253909260e-06 2.774457789200823754e-05 4.834606897929916158e-06 1.467477413825690746e-04 2.324399611097760499e-05
1.500000000000000000e+04 4.423281097842846066e-06 1.298439838137710467e-05 4.965881089447066188e-06 1.967620919458568096e-04 7.778143299219664186e-06 4.423281097842846066e-06 1.298439838137710467e-05 4.965881089447066188e-06 1.967620919458568096e-04 7.778143299219664186e-06
1.510000000000000000e+04 5.447765488497680053e-06 1.502091072325129062e-05 6.461753400799352676e-06 2.310057607246562839e-04 2.104849409079179168e-05 5.447765488497680053e-06 1.502091072325129062e-05 6.461753400799352676e-06 2.310057607246562839e-04 2.104849409079179168e-05
1.520000000000000000e+04 5.784655058960197493e-06 1.920379145303741097e-05 6.307769581326283514e-06 2.023917768383398652e-04 1.318912472925148904e-05 5.784655058960197493e-06 1.920379145303741097e-05 6.307769581326283514e-06 2.023917768383398652e-04 1.318912472925148904e-05
1.530000000000000000e+04 4.208840891806175932e-06 1.021081607177620754e-05 3.620217057687113993e-06 5.870700988452881575e-05 7.193371402536286041e-06 4.208840891806175932e-06 1.021081607177620754e-05 3.620217057687113993e-06 5.870700988452881575e-05 7.193371402536286041e-06
1.540000000000000000e+04 4.487425485422136262e-06 1.079394314729142934e-05 3.837351869151461869e-06 4.374285344965755939e-05 7.511277090088697150e-06 4.487425485422136262e-06 1.079394314729142934e-05 3.837351869151461869e-06 4.374285344965755939e-05 7.511277090088697150e-06
1.550000000000000000e+04 5.236141532805049792e-06 1.417931525793392211e-05 6.383058916981099173e-06 5.516601959243416786e-04 2.267621493956539780e-05 5.236141532805049792e-06 1.417931525793392211e-05 6.383058916981099173e-06 5.516601959243416786e-04 2.267621493956539780e-05
1.560000000000000000e+04 4.669892405217979103e-06 1.256017912965035066e-05 6.478354407590813935e-06 6.746061262674629688e-04 1.564531339681707323e-05 4.669892405217979103e-06 1.256017912965035066e-05 6.478354407590813935e-06 6.746061262674629688e-04 1.564531339681707323e-05
1.570000000000000000e+04 4.310255917516769841e-06 1.180535946332383901e-05 3.740676675079157576e-06 3.063163603655993938e-05 8.000331035873387009e-06 4.310255917516769841e-06 1.180535946332383901e-05 3.740676675079157576e-06 3.063163603655993938e-05 8.000331035873387009e-06
1.580000000000000000e+04 4.087239631189731881e-06 1.001577675197040662e-05 4.009402800875250250e-06 1.543048529129009694e-05 6.140920959296636283e-06 4.087239631189731881e-06 1.001577675197040662e-05 4.009402800875250250e-06 1.543048529129009694e-05 6.140920959296636283e-06
1.590000000000000000e+04 4.147800609644036740e-06 1.092968886950984597e-05 4.364078904472989962e-06 1.170641335193067789e-04 7.763667781546246260e-06 4.147800609644036740e-06 1.092968886950984597e-05 4.364078904472989962e-06 1.170641335193067789e-04 7.763667781546246260e-06
1.600000000000000000e+04 6.560115252796094865e-06 6.721913814544677734e-05 9.947263606591150165e-06 3.559250326361507177e-04 7.381044997600838542e-05 6.560115252796094865e-06 6.721913814544677734e-05 9.947263606591150165e-06 3.559250326361507177e-04 7.381044997600838542e-05
1.610000000000000000e+04 4.418858225108124316e-06 1.217143835674505681e-05 6.065212346584303305e-06 6.102232146076858044e-04 1.515447820565896109e-05 4.418858225108124316e-06 1.217143835674505681e-05 6.065212346584303305e-06 6.102232146076858044e-04 1.515447820565896109e-05
1.620000000000000000e+04 4.157557668804656714e-06 1.162667012977181002e-05 3.881911197822773829e-06 1.997482759179547429e-04 1.207217337650945410e-05 4.157557668804656714e-06 1.162667012977181002e-05 3.881911197822773829e-06 1.997482759179547429e-04 1.207217337650945410e-05
1.630000000000000000e+04 3.998750798928085715e-06 9.256973498850129545e-06 4.182109933026367798e-06 6.590815610252320766e-05 6.064749413781100884e-06 3.998750798928085715e-06 9.256973498850129545e-06 4.182109933026367798e-06 6.590815610252320766e-05 6.064749413781100884e-06
1.640000000000000000e+04 4.168672603555023670e-06 1.020345735014416277e-05 4.302288743929238990e-06 1.455618767067790031e-04 1.011868243949720636e-05 4.168672603555023670e-06 1.020345735014416277e-05 4.302288743929238990e-06 1.455618767067790031e-04 1.011868243949720636e-05
1.650000000000000000e+04 3.906918664142722264e-06 9.476299055677372962e-06 3.951828148274216801e-06 1.725018228171393275e-04 7.494683359254850075e-06 3.906918664142722264e-06 9.476299055677372962e-06 3.951828148274216801e-06 1.725018228171393275e-04 7.494683359254850075e-06
1.660000000000000000e+04 5.878841875528451055e-06 1.447080740035744384e-05 6.047513579687802121e-06 6.888011121191084385e-04 2.573896017565857619e-05 5.878841875528451055e-06 1.447080740035744384e-05 6.047513579687802121e-06 6.888011121191084385e-04 2.573896017565857619e-05
1.670000000000000000e+04 4.106799224246060476e-06 1.212259212479693815e-05 4.772386091644875705e-06 5.147888441570103168e-04 1.683758819126524031e-05 4.106799224246060476e-06 1.212259212479693815e-05 4.772386091644875705e-06 5.147888441570103168e-04 1.683758819126524031e-05
1.680000000000000000e+04 4.667184384743450209e-06 1.964332477655261755e-05 6.728609605488600209e-06 2.278208412462845445e-04 1.685741881374269724e-05 4.667184384743450209e-06 1.964332477655261755e-05 6.728609605488600209e-06 2.278208412462845445e-04 1.685741881374269724e-05
1.690000000000000000e+04 3.832688889815472066e-06 8.898549822333734483e-06 3.615717105276416987e-06 1.404128852300345898e-04 8.449061169812921435e-06 3.832688889815472066e-06 8.898549822333734483e-06 3.615717105276416987e-06 1.404128852300345898e-04 8.449061169812921435e-06
1.700000000000000000e+04 4.369660473457770422e-06 1.834361319197341800e-05 5.859812517883256078e-06 6.185774691402912140e-04 2.134372334694489837e-05 4.369660473457770422e-06 1.834361319197341800e-05 5.859812517883256078e-06 6.185774691402912140e-04 2.134372334694489837e-05
1.710000000000000000e+04 5.369288828660501167e-06 2.134572059730999172e-05 6.600008418899960816e-06 4.527357523329555988e-04 2.772304287645965815e-05 5.369288828660501167e-06 2.134572059730999172e-05 6.600008418899960816e-06 4.527357523329555988e-04 2.772304287645965815e-05
1.720000000000000000e+04 3.636332166934153065e-06 8.271537808468565345e-06 4.088937203050591052e-06 1.869018160505220294e-05 5.574111128225922585e-06 3.636332166934153065e-06 8.271537808468565345e-06 4.088937203050591052e-06 1.869018160505220294e-05 5.574111128225922585e-06
1.730000000000000000e+04 3.591801032598596066e-06 8.180039003491401672e-06 4.904587513010483235e-06 1.537061325507238507e-05 5.758750376116950065e-06 3.591801032598596066e-06 8.180039003491401672e-06 4.904587513010483235e-06 1.537061325507238507e-05 5.758750376116950065e-06
1.740000000000000000e+04 3.906302936229621992e-06 8.845000593282748014e-06 3.586607135730446316e-06 1.643731229705736041e-04 1.124754544434836134e-05 3.906302936229621992e-06 8.845000593282748014e-06 3.586607135730446316e-06 1.643731229705736041e-04 1.124754544434836134e-05
1.750000000000000000e+04 4.138691565458429977e-06 1.161726049758726731e-05 5.468132712849183008e-06 3.199019702151417732e-04 9.742944712343160063e-06 4.138691565458429977e-06 1.161726049758726731e-05 5.468132712849183008e-06 3.199019702151417732e-04 9.742944712343160063e-06
1.760000000000000000e+04 3.531119318722630851e-06 1.000980864773737267e-05 3.369430942257167771e-06 2.050940929620992392e-05 7.759497748338617384e-06 3.531119318722630851e-06 1.000980864773737267e-05 3.369430942257167771e-06 2.050940929620992392e-05 7.759497748338617384e-06
1.770000000000000000e+04 4.219602033117553219e-06 1.375437750539276749e-05 4.694817107520066202e-06 2.362419909331947565e-04 1.634843465581070632e-05 4.219602033117553219e-06 1.375437750539276749e-05 4.694817107520066202e-06 2.362419909331947565e-04 1.634843465581070632e-05
1.780000000000000000e+04 3.410110821278067306e-06 7.694065061514265835e-06 4.268149041308788583e-06 7.727150659775361419e-05 6.242217295948648825e-06 3.410110821278067306e-06 7.694065061514265835e-06 4.268149041308788583e-06 7.727150659775361419e-05 6.242217295948648825e-06
1.790000000000000000e+04 3.610771045714500360e-06 1.091117883333936334e-05 3.704255732372985221e-06 7.526969420723617077e-05 7.782799912092741579e-06 3.610771045714500360e-06 1.091117883333936334e-05 3.704255732372985221e-06 7.526969420723617077e-05 7.782799912092741579e-06
1.800000000000000000e+04 4.059621915075695142e-06 1.256081395695218816e-05 5.292707555781817064e-06 2.770870632957667112e-04 1.091238300432451069e-05 4.059621915075695142e-06 1.256081395695218816e-05 5.292707555781817064e-06 2.770870632957667112e-04 1.091238300432451069e-05
1.810000000000000000e+04 3.581900045901420526e-06 1.348880323348566890e-05 5.534229785553179681e-06 3.315360518172383308e-04 1.476552097301464528e-05 3.581900045901420526e-06 1.348880323348566890e-05 5.534229785553179681e-06 3.315360518172383308e-04 1.476552097301464528e-05
1.820000000000000000e+04 3.884852958435658365e-06 9.592728929419536144e-06 4.974059720552759245e-06 2.470647741574794054e-04 1.027702455758117139e-05 3.884852958435658365e-06 9.592728929419536144e-06 4.974059720552759245e-06 2.470647741574794054e-04 1.027702455758117139e-05
1.830000000000000000e+04 3.994365215476136655e-06 1.022816832119133323e-05 4.174140485702082515e-06 5.208292859606444836e-04 2.148204475815873593e-05 3.994365215476136655e-06 1.022816832119133323e-05 4.174140485702082515e-06 5.208292859606444836e-04 2.148204475815873593e-05
1.840000000000000000e+04 3.473289780231425539e-06 8.197735041903797537e-06 3.379631834832252935e-06 5.590831278823316097e-05 4.871159944741521031e-06 3.473289780231425539e-06 8.197735041903797537e-06 3.379631834832252935e-06 5.590831278823316097e-05 4.871159944741521031e-06
1.850000000000000000e+04 5.184840119909495115e-06 1.391156001773197204e-05 6.265145202632993460e-06 7.766768103465437889e-04 2.911532828875351697e-05 5.184840119909495115e-06 1.391156001773197204e-05 6.265145202632993460e-06 7.766768103465437889e-04 2.911532828875351697e-05
1.860000000000000000e+04 5.303812486090464517e-06 1.402716679876903072e-05 4.446636012289673090e-06 3.613901208154857159e-04 2.041710104094818234e-05 5.303812486090464517e-06 1.402716679876903072e-05 4.446636012289673090e-06 3.613901208154857159e-04 2.041710104094818234e-05
1.870000000000000000e+04 3.130854565824847668e-06 6.835336989752249792e-06 3.226619128327001818e-06 2.160672738682478666e-05 5.170368240214884281e-06 3.130854565824847668e-06 6.835336989752249792e-06 3.226619128327001818e-06 2.160672738682478666e-05 5.170368240214884281e-06
1.880000000000000000e+04 3.549177563400007784e-06 8.651476491650100797e-06 4.011408691440010443e-06 7.951345469336956739e-05 7.511327112297294661e-06 3.549177563400007784e-06 8.651476491650100797e-06 4.011408691440010443e-06 7.951345469336956739e-05 7.511327112297294661e-06
1.890000000000000000e+04 3.532129767336300574e-06 8.288393473776523024e-06 4.596323833538917825e-06 3.248631255701184273e-04 9.385059456690214574e-06 3.532129767336300574e-06 8.288393473776523024e-06 4.596323833538917825e-06 3.248631255701184273e-04 9.385059456690214574e-06
1.900000000000000000e+04 4.579475444188574329e-06 1.386200437991647050e-05 5.960299858998041600e-06 9.023649035952985287e-04 3.633577216533012688e-05 4.579475444188574329e-06 1.386200437991647050e-05 5.960299858998041600e-06 9.023649035952985287e-04 3.633577216533012688e-05
1.910000000000000000e+04 3.224819465685868636e-06 7.250937414937652647e-06 3.036403541045729071e-06 3.785457374760881066e-05 4.424260623636655509e-06 3.224819465685868636e-06 7.250937414937652647e-06 3.036403541045729071e-06 3.785457374760881066e-05 4.424260623636655509e-06
1.920000000000000000e+04 4.417446234583621845e-06 1.326033725490560755e-05 4.332389835326466709e-06 2.183093456551432610e-04 1.087562759494176134e-05 4.417446234583621845e-06 1.326033725490560755e-05 4.332389835326466709e-06 2.183093456551432610e-04 1.087562759494176134e-05
1.930000000000000000e+04 3.625873887358466163e-06 1.111815890908474103e-05 3.981468580604996532e-06 2.328261762158945203e-04 1.367333152302308008e-05 3.625873887358466163e-06 1.111815890908474103e-05 3.981468580604996532e-06 2.328261762158945203e-04 1.367333152302308008e-05
1.940000000000000000e+04 3.517865707181044854e-06 2.919515463872812688e-05 8.873576007317751646e-06 2.713727299124002457e-04 2.679087992873974144e-05 3.517865707181044854e-06 2.919515463872812688e-05 8.873576007317751646e-06 2.713727299124002457e-04 2.679087992873974144e-05
1.950000000000000000e+04 3.373695335540105589e-06 9.833703188633080572e-06 3.819784524239366874e-06 8.496066584484651685e-05 6.877087344037136063e-06 3.373695335540105589e-06 9.833703188633080572e-06 3.819784524239366874e-06 8.496066584484651685e-05 6.877087344037136063e-06
1.960000000000000000e+04 3.348383188495063223e-06 7.597628155053826049e-06 3.491415100143058226e-06 2.494324289727956057e-04 7.401163657050346956e-06 3.348383188495063223e-06 7.597628155053826049e-06 3.491415100143058226e-06 2.494324289727956057e-04 7.401163657050346956e-06
1.970000000000000000e+04 3.090684458584291860e-06 9.489845979260280728e-06 3.372081664565484971e-06 2.242349546577315778e-05 8.480787982989568263e-06 3.090684458584291860e-06 9.489845979260280728e-06 3.372081664565484971e-06 2.242349546577315778e-05 8.480787982989568263e-06
1.980000000000000000e+04 3.037964006580295973e-06 8.292131497000809759e-06 3.635040457083960064e-06 8.735360461287200451e-05 5.297558345773722976e-06 3.037964006580295973e-06 8.292131497000809759e-06 3.635040457083960064e-06 8.735360461287200451e-05 5.297558345773722976e-06
1.990000000000000000e+04 3.418968617552309297e-06 1.212340794154442847e-05 5.134063030709512532e-06 2.035531651927158237e-04 1.336734749202150851e-05 3.418968617552309297e-06 1.212340794154442847e-05 5.134063030709512532e-06 2.035531651927158237e-04 1.336734749202150851e-05
2.000000000000000000e+04 3.185172317898832262e-06 8.578382221458014101e-06 4.214326054352568462e-06 6.424163439078256488e-05 7.076498604874359444e-06 3.185172317898832262e-06 8.578382221458014101e-06 4.214326054352568462e-06 6.424163439078256488e-05 7.076498604874359444e-06
2.000000000000000000e+04 3.185172317898832262e-06 8.578382221458014101e-06 4.214326054352568462e-06 6.424163439078256488e-05 7.076498604874359444e-06 3.185172317898832262e-06 8.578382221458014101e-06 4.214326054352568462e-06 6.424163439078256488e-05 7.076498604874359444e-06
2.010000000000000000e+04 2.774726908683078364e-06 5.632716693071415648e-06 2.809446868923259899e-06 7.376854682661360130e-06 3.490154313112725504e-06 2.774726908683078364e-06 5.632716693071415648e-06 2.809446868923259899e-06 7.376854682661360130e-06 3.490154313112725504e-06
2.020000000000000000e+04 2.724491196204326116e-06 5.560009867622284219e-06 2.807645387292723171e-06 7.263827228598529473e-06 3.455393652984639630e-06 2.724491196204326116e-06 5.560009867622284219e-06 2.807645387292723171e-06 7.263827228598529473e-06 3.455393652984639630e-06
2.030000000000000000e+04 2.681198338905232958e-06 5.501324267243035138e-06 2.791313136185635813e-06 7.194563295342959464e-06 3.433523261264781468e-06 2.681198338905232958e-06 5.501324267243035138e-06 2.791313136185635813e-06 7.194563295342959464e-06 3.433523261264781468e-06
2.040000000000000000e+04 2.642692606968921609e-06 5.438786502054426819e-06 2.773039796011289582e-06 7.125770025595556945e-06 3.411163334021694027e-06 2.642692606968921609e-06 5.438786502054426819e-06 2.773039796011289582e-06 7.125770025595556945e-06 3.411163334021694027e-06
2.050000000000000000e+04 2.606372845548321493e-06 5.372025498218135908e-06 2.754801016635610722e-06 7.055165042402222753e-06 3.385209311090875417e-06 2.606372845548321493e-06 5.372025498218135908e-06 2.754801016635610722e-06 7.055165042402222753e-06 3.385209311090875417e-06
2.060000000000000000e+04 2.570076276242616586e-06 5.301461442286381498e-06 2.736647502388223074e-06 6.982466402405407280e-06 3.355814214955898933e-06 2.570076276242616586e-06 5.301461442286381498e-06 2.736647502388223074e-06 6.982466402405407280e-06 3.355814214955898933e-06
2.070000000000000000e+04 2.532989810788421892e-06 5.228057943895692006e-06 2.718358246056595817e-06 6.907166607561521232e-06 3.323437340441159904e-06 2.532989810788421892e-06 5.228057943895692006e-06 2.718358246056595817e-06 6.907166607561521232e-06 3.323437340441159904e-06
2.080000000000000000e+04 2.496859906386816874e-06 5.154050541023025289e-06 2.699121750993072055e-06 6.835180101916193962e-06 3.286820174253080040e-06 2.496859906386816874e-06 5.154050541023025289e-06 2.699121750993072055e-06 6.835180101916193962e-06 3.286820174253080040e-06
2.090000000000000000e+04 2.447789256621035747e-06 5.157836312719155103e-06 2.721300461416831240e-06 9.123325071414001286e-06 3.399244405954959802e-06 2.447789256621035747e-06 5.157836312719155103e-06 2.721300461416831240e-06 9.123325071414001286e-06 3.399244405954959802e-06
2.100000000000000000e+04 2.419964857836021110e-06 5.003492788091534749e-06 2.664955673026270233e-06 6.984184892644407228e-06 3.229911726521095261e-06 2.419964857836021110e-06 5.003492788091534749e-06 2.664955673026270233e-06 6.984184892644407228e-06 3.229911726521095261e-06
2.110000000000000000e+04 2.377672672082553618e-06 4.957426881446735933e-06 2.656615379237337038e-06 7.368358183157397434e-06 3.194537384842988104e-06 2.377672672082553618e-06 4.957426881446735933e-06 2.656615379237337038e-06 7.368358183157397434e-06 3.194537384842988104e-06
2.120000000000000000e+04 2.353820491407532245e-06 4.867694315180415288e-06 2.621952489789691754e-06 6.528622634505154565e-06 3.143881713185692206e-06 2.353820491407532245e-06 4.867694315180415288e-06 2.621952489789691754e-06 6.528622634505154565e-06 3.143881713185692206e-06
2.130000000000000000e+04 2.323855142094544135e-06 4.791162155015626922e-06 2.600683046694030054e-06 6.521795967273646966e-06 3.138208057862357236e-06 2.323855142094544135e-06 4.791162155015626922e-06 2.600683046694030054e-06 6.521795967273646966e-06 3.138208057862357236e-06
2.140000000000000000e+04 2.287282541146851145e-06 4.746976173919392750e-06 2.586859636721783318e-06 6.417508757294854149e-06 3.076881739616510458e-06 2.287282541146851145e-06 4.746976173919392750e-06 2.586859636721783318e-06 6.417508757294854149e-06 3.076881739616510458e-06
2.150000000000000000e+04 2.259060693177161738e-06 4.662464561988599598e-06 2.561934252298669890e-06 6.358038717735325918e-06 3.065724058615160175e-06 2.259060693177161738e-06 4.662464561988599598e-06 2.561934252298669890e-06 6.358038717735325918e-06 3.065724058615160175e-06
2.160000000000000000e+04 2.237382204839377664e-06 4.644744876713957638e-06 2.537753971409983933e-06 6.796305115130962804e-06 3.007481836903025396e-06 2.237382204839377664e-06 4.644744876713957638e-06 2.537753971409983933e-06 6.796305115130962804e-06 3.007481836903025396e-06
2.170000000000000000e+04 2.201496045017847791e-06 4.560573870548978448e-06 2.533805627535912208e-06 6.157873485790332779e-06 2.960350229841424152e-06 2.201496045017847791e-06 4.560573870548978448e-06 2.533805627535912208e-06 6.157873485790332779e-06 2.960350229841424152e-06
2.180000000000000000e+04 2.174654355258098803e-06 4.525724762061145157e-06 2.526715888961916789e-06 6.304418093350250274e-06 2.922833118645939976e-06 2.174654355258098803e-06 4.525724762061145157e-06 2.526715888961916789e-06 6.304418093350250274e-06 2.922833118645939976e-06
2.190000000000000000e+04 2.147623717974056490e-06 4.447700121090747416e-06 2.514207835702109151e-06 6.604634108953177929e-06 2.902031383200665005e-06 2.147623717974056490e-06 4.447700121090747416e-06 2.514207835702109151e-06 6.604634108953177929e-06 2.902031383200665005e-06
2.200000000000000000e+04 2.134983560608816333e-06 4.565427389024989679e-06 2.441235437800060026e-06 1.708517629595007747e-05 3.420778057261486538e-06 2.134983560608816333e-06 4.565427389024989679e-06 2.441235437800060026e-06 1.708517629595007747e-05 3.420778057261486538e-06
2.210000000000000000e+04 2.108039780068793334e-06 4.355049441073788330e-06 2.475660267009516247e-06 6.510021648864494637e-06 2.856206947399186902e-06 2.108039780068793334e-06 4.355049441073788330e-06 2.475660267009516247e-06 6.510021648864494637e-06 2.856206947399186902e-06
2.220000000000000000e+04 2.079931164189474657e-06 4.413030183059163392e-06 2.490989572834223509e-06 7.883319085522089154e-06 2.831187657648115419e-06 2.079931164189474657e-06 4.413030183059163392e-06 2.490989572834223509e-06 7.883319085522089154e-06 2.831187657648115419e-06
2.230000000000000000e+04 2.054710876109311357e-06 4.234169409755850211e-06 2.433344661767478101e-06 5.732077624998055398e-06 2.755669811449479312e-06 2.054710876109311357e-06 4.234169409755850211e-06 2.433344661767478101e-06 5.732077624998055398e-06 2.755669811449479312e-06
2.240000000000000000e+04 2.032872771451366134e-06 4.183536475466098636e-06 2.396966692685964517e-06 6.888700681884074584e-06 2.788706296996679157e-06 2.032872771451366134e-06 4.183536475466098636e-06 2.396966692685964517e-06 6.888700681884074584e-06 2.788706296996679157e-06
2.250000000000000000e+04 2.013096036534989253e-06 4.171836735622491688e-06 2.366872877246350981e-06 1.040582992573035881e-05 2.887741175072733313e-06 2.013096036534989253e-06 4.171836735622491688e-06 2.366872877246350981e-06 1.040582992573035881e-05 2.887741175072733313e-06
2.260000000000000000e+04 1.989156089621246792e-06 4.177490609436063096e-06 2.397079924776335247e-06 5.681942184310173616e-06 2.660703557921806350e-06 1.989156089621246792e-06 4.177490609436063096e-06 2.397079924776335247e-06 5.681942184310173616e-06 2.660703557921806350e-06
2.270000000000000000e+04 1.998006837311550044e-06 4.694963990914402530e-06 2.453134129609679803e-06 1.175716715806629509e-05 3.188955588484532200e-06 1.998006837311550044e-06 4.694963990914402530e-06 2.453134129609679803e-06 1.175716715806629509e-05 3.188955588484532200e-06
2.280000000000000000e+04 1.950745399881270714e-06 4.005324171885149553e-06 2.356450295337708667e-06 5.415380201156949624e-06 2.592864802863914520e-06 1.950745399881270714e-06 4.005324171885149553e-06 2.356450295337708667e-06 5.415380201156949624e-06 2.592864802863914520e-06
2.290000000000000000e+04 1.930274493133765645e-06 4.000326498498907313e-06 2.369605681451503187e-06 6.108332854637410492e-06 2.596477770566707477e-06 1.930274493133765645e-06 4.000326498498907313e-06 2.369605681451503187e-06 6.108332854637410492e-06 2.596477770566707477e-06
2.300000000000000000e+04 1.915330130941583775e-06 3.907539394276682287e-06 2.325963805560604669e-06 5.374431111704325303e-06 2.561967676228960045e-06 1.915330130941583775e-06 3.907539394276682287e-06 2.325963805560604669e-06 5.374431111704325303e-06 2.561967676228960045e-06
2.310000000000000000e+04 1.894718479888979346e-06 3.880566964653553441e-06 2.310169293195940554e-06 5.267128472041804343e-06 2.504468966435524635e-06 1.894718479888979346e-06 3.880566964653553441e-06 2.310169293195940554e-06 5.267128472041804343e-06 2.504468966435524635e-06
2.320000000000000000e+04 1.878736725302587729e-06 3.839634700852911919e-06 2.297962055308744311e-06 5.188011527934577316e-06 2.476543841112288646e-06 1.878736725302587729e-06 3.839634700852911919e-06 2.297962055308744311e-06 5.188011527934577316e-06 2.476543841112288646e-06
2.330000000000000000e+04 1.868262415882782079e-06 4.001568868261529133e-06 2.245851419502287172e-06 1.561940189276356250e-05 3.010162345162825659e-06 1.868262415882782079e-06 4.001568868261529133e-06 2.245851419502287172e-06 1.561940189276356250e-05 3.010162345162825659e-06
2.340000000000000000e+04 1.858903715401538648e-06 3.757195145226432942e-06 2.300099595231586136e-06 6.365907665895065293e-06 2.597364755274611525e-06 1.858903715401538648e-06 3.757195145226432942e-06 2.300099595231586136e-06 6.365907665895065293e-06 2.597364755274611525e-06
2.350000000000000000e+04 1.835731609389767982e-06 3.862626726913731545e-06 2.224359604952041991e-06 7.882715181040111929e-06 2.508258603484136984e-06 1.835731609389767982e-06 3.862626726913731545e-06 2.224359604952041991e-06 7.882715181040111929e-06 2.508258603484136984e-06
2.360000000000000000e+04 1.811775860005582217e-06 3.709209067892516032e-06 2.256045036119758151e-06 5.308696472638985142e-06 2.351844386794255115e-06 1.811775860005582217e-06 3.709209067892516032e-06 2.256045036119758151e-06 5.308696472638985142e-06 2.351844386794255115e-06
2.370000000000000000e+04 1.797403342607140075e-06 3.651591441666823812e-06 2.230317704743356444e-06 4.912814347335370257e-06 2.339572574783232994e-06 1.797403342607140075e-06 3.651591441666823812e-06 2.230317704743356444e-06 4.912814347335370257e-06 2.339572574783232994e-06
2.380000000000000000e+04 1.779918989086581860e-06 3.614666866269544698e-06 2.215849235653877258e-06 4.929966962663456798e-06 2.317636017323820852e-06 1.779918989086581860e-06 3.614666866269544698e-06 2.215849235653877258e-06 4.929966962663456798e-06 2.317636017323820852e-06
2.390000000000000000e+04 1.766663672242430039e-06 3.598483772293548100e-06 2.205217469963827170e-06 4.820164122065762058e-06 2.275137603646726348e-06 1.766663672242430039e-06 3.598483772293548100e-06 2.205217469963827170e-06 4.820164122065762058e-06 2.275137603646726348e-06
2.400000000000000000e+04 1.754520667418546509e-06 3.558213393262121826e-06 2.190200802942854352e-06 4.763348897540709004e-06 2.255573008369538002e-06 1.754520667418546509e-06 3.558213393262121826e-06 2.190200802942854352e-06 4.763348897540709004e-06 2.255573008369538002e-06
2.410000000000000000e+04 1.739293907121464144e-06 3.522536189848324284e-06 2.160668373107910156e-06 5.294308721204288304e-06 2.249315684821340255e-06 1.739293907121464144e-06 3.522536189848324284e-06 2.160668373107910156e-06 5.294308721204288304e-06 2.249315684821340255e-06
2.420000000000000000e+04 1.726378400235262234e-06 3.487126605250523426e-06 2.165986643376527354e-06 4.667248049372574314e-06 2.215390622950508259e-06 1.726378400235262234e-06 3.487126605250523426e-06 2.165986643376527354e-06 4.667248049372574314e-06 2.215390622950508259e-06
2.430000000000000000e+04 1.713563847260957118e-06 3.454221769061405212e-06 2.151364014935097657e-06 4.639665348804555833e-06 2.219708221673499793e-06 1.713563847260957118e-06 3.454221769061405212e-06 2.151364014935097657e-06 4.639665348804555833e-06 2.219708221673499793e-06
2.440000000000000000e+04 1.699777044450456742e-06 3.438412704781512730e-06 2.144329073416884057e-06 4.600679858413059264e-06 2.155582251361920498e-06 1.699777044450456742e-06 3.438412704781512730e-06 2.144329073416884057e-06 4.600679858413059264e-06 2.155582251361920498e-06
2.450000000000000000e+04 1.692380692475126125e-06 3.543015054674469866e-06 2.129030008291010745e-06 4.619718311005271971e-06 2.182851403631502762e-06 1.692380692475126125e-06 3.543015054674469866e-06 2.129030008291010745e-06 4.619718311005271971e-06 2.182851403631502762e-06
2.460000000000000000e+04 1.675671001066803001e-06 3.369859314261702821e-06 2.115413735737092793e-06 4.482599706534529105e-06 2.115115648848586716e-06 1.675671001066803001e-06 3.369859314261702821e-06 2.115413735737092793e-06 4.482599706534529105e-06 2.115115648848586716e-06
2.470000000000000000e+04 1.664080400587408803e-06 3.335396741022123024e-06 2.093533566949190572e-06 4.650760729418834671e-06 2.103471160808112472e-06 1.664080400587408803e-06 3.335396741022123024e-06 2.093533566949190572e-06 4.650760729418834671e-06 2.103471160808112472e-06
2.480000000000000000e+04 1.653186927796923555e-06 3.312049102532910183e-06 2.097914830301306210e-06 4.456202077562920749e-06 2.073714313155505806e-06 1.653186927796923555e-06 3.312049102532910183e-06 2.097914830301306210e-06 4.456202077562920749e-06 2.073714313155505806e-06
2.490000000000000000e+04 1.640302571104257368e-06 3.297558123449562117e-06 2.089175950459321029e-06 4.440597876964602619e-06 2.047597945420420729e-06 1.640302571104257368e-06 3.297558123449562117e-06 2.089175950459321029e-06 4.440597876964602619e-06 2.047597945420420729e-06
2.500000000000000000e+04 1.630061774449131917e-06 3.254510147598921321e-06 2.067059995169984177e-06 4.315963451517745852e-06 2.033184500760398805e-06 1.630061774449131917e-06 3.254510147598921321e-06 2.067059995169984177e-06 4.315963451517745852e-06 2.033184500760398805e-06
2.510000000000000000e+04 1.620219791220733896e-06 3.247842641940223984e-06 2.059356120298616588e-06 4.278584583516931161e-06 2.006252998398849741e-06 1.620219791220733896e-06 3.247842641940223984e-06 2.059356120298616588e-06 4.278584583516931161e-06 2.006252998398849741e-06
2.520000000000000000e+04 1.660448447182716336e-06 3.608949327826849185e-06 2.179656348744174466e-06 1.180740218842402101e-05 2.584895810286980122e-06 1.660448447182716336e-06 3.608949327826849185e-06 2.179656348744174466e-06 1.180740218842402101e-05 2.584895810286980122e-06
2.530000000000000000e+04 1.598883159203978721e-06 3.178452516294782981e-06 2.034129465755540878e-06 4.189810169918928295e-06 1.969522372746723704e-06 1.598883159203978721e-06 3.178452516294782981e-06 2.034129465755540878e-06 4.189810169918928295e-06 1.969522372746723704e-06
2.540000000000000000e+04 1.589667249390913639e-06 3.207215740985702723e-06 2.036809974015341140e-06 4.428281499713193625e-06 1.934146666826563887e-06 1.589667249390913639e-06 3.207215740985702723e-06 2.036809974015341140e-06 4.428281499713193625e-06 1.934146666826563887e-06
2.550000000000000000e+04 1.579343347657413688e-06 3.128966909571317956e-06 2.013019638980040327e-06 4.112176611670292914e-06 1.932914983626687899e-06 1.579343347657413688e-06 3.128966909571317956e-06 2.013019638980040327e-06 4.112176611670292914e-06 1.932914983626687899e-06
2.560000000000000000e+04 1.570507379256014246e-06 3.127207037323387340e-06 2.001965867748367600e-06 4.179303232376696542e-06 1.906705620058346540e-06 1.570507379256014246e-06 3.127207037323387340e-06 2.001965867748367600e-06 4.179303232376696542e-06 1.906705620058346540e-06
2.570000000000000000e+04 1.560734858685464133e-06 3.081296199525240809e-06 1.993167416003416292e-06 4.040360636281548068e-06 1.896816570479131769e-06 1.560734858685464133e-06 3.081296199525240809e-06 1.993167416003416292e-06 4.040360636281548068e-06 1.896816570479131769e-06
2.580000000000000000e+04 1.552870685372909065e-06 3.052091415156610310e-06 1.984001073651597835e-06 4.019448624603683129e-06 1.883646064015920274e-06 1.552870685372909065e-06 3.052091415156610310e-06 1.984001073651597835e-06 4.019448624603683129e-06 1.883646064015920274e-06
2.590000000000000000e+04 1.543170242257474456e-06 3.036701627934235148e-06 1.968969627341721207e-06 3.988527168985456228e-06 1.859866870290716179e-06 1.543170242257474456e-06 3.036701627934235148e-06 1.968969627341721207e-06 3.988527168985456228e-06 1.859866870290716179e-06
2.600000000000000000e+04 1.534056195851007942e-06 3.011007947861799039e-06 1.959392875505727716e-06 3.931877472496125847e-06 1.845317569859616924e-06 1.534056195851007942e-06 3.011007947861799039e-06 1.959392875505727716e-06 3.931877472496125847e-06 1.845317569859616924e-06
2.610000000000000000e+04 1.534980469841684680e-06 3.120368319287081249e-06 1.976946123249945231e-06 4.338636699685594067e-06 1.958482243935577571e-06 1.534980469841684680e-06 3.120368319287081249e-06 1.976946123249945231e-06 4.338636699685594067e-06 1.958482243935577571e-06
2.620000000000000000e+04 1.517568193776241969e-06 2.970355126308277249e-06 1.937718479894101620e-06 3.877291419485118240e-06 1.809729724300268572e-06 1.517568193776241969e-06 2.970355126308277249e-06 1.937718479894101620e-06 3.877291419485118240e-06 1.809729724300268572e-06
2.630000000000000000e+04 1.513440793132758699e-06 2.993762109326780774e-06 1.995349975913995877e-06 6.672013569186674431e-06 1.858073233051982243e-06 1.513440793132758699e-06 2.993762109326780774e-06 1.995349975913995877e-06 6.672013569186674431e-06 1.858073233051982243e-06
2.640000000000000000e+04 1.500315988778311294e-06 2.936141527243307792e-06 1.922352112160297111e-06 3.881270458805374801e-06 1.769197069734218530e-06 1.500315988778311294e-06 2.936141527243307792e-06 1.922352112160297111e-06 3.881270458805374801e-06 1.769197069734218530e-06
2.650000000000000000e+04 1.492994783802714664e-06 2.907077259806101210e-06 1.906750526359246578e-06 3.799806108872871846e-06 1.762728743415209465e-06 1.492994783802714664e-06 2.907077259806101210e-06 1.906750526359246578e-06 3.799806108872871846e-06 1.762728743415209465e-06
2.660000000000000000e+04 1.485501002207456622e-06 2.904027496697381139e-06 1.898129198707465548e-06 3.743741444850456901e-06 1.737583374961104710e-06 1.485501002207456622e-06 2.904027496697381139e-06 1.898129198707465548e-06 3.743741444850456901e-06 1.737583374961104710e-06
2.670000000000000000e+04 1.480224113947770093e-06 2.879022986235213466e-06 1.874344206953537650e-06 4.295247435948112980e-06 1.833552801144833211e-06 1.480224113947770093e-06 2.879022986235213466e-06 1.874344206953537650e-06 4.295247435948112980e-06 1.833552801144833211e-06
2.680000000000000000e+04 1.469299832024262287e-06 2.859011829059454612e-06 1.888619522105727810e-06 3.800399781539454125e-06 1.710970195745176170e-06 1.469299832024262287e-06 2.859011829059454612e-06 1.888619522105727810e-06 3.800399781539454125e-06 1.710970195745176170e-06
2.690000000000000000e+04 1.463188709749374539e-06 2.819707333401311189e-06 1.874933673207124230e-06 3.642027650130330585e-06 1.706943180579401087e-06 1.463188709749374539e-06 2.819707333401311189e-06 1.874933673207124230e-06 3.642027650130330585e-06 1.706943180579401087e-06
2.700000000000000000e+04 1.461247734368953388e-06 2.855288812497747131e-06 1.828576841944595799e-06 8.846619493851903826e-06 1.850567969086114317e-06 1.461247734368953388e-06 2.855288812497747131e-06 1.828576841944595799e-06 8.846619493851903826e-06 1.850567969086114317e-06
2.710000000000000000e+04 1.471940890951373149e-06 2.829811364790657535e-06 1.962594978976994753e-06 1.373714258079417050e-05 1.899123617477016523e-06 1.471940890951373149e-06 2.829811364790657535e-06 1.962594978976994753e-06 1.373714258079417050e-05 1.899123617477016523e-06
2.720000000000000000e+04 1.440157916476891842e-06 2.761796849881648086e-06 1.852116042755369563e-06 3.546530024323146790e-06 1.686119162513932679e-06 1.440157916476891842e-06 2.761796849881648086e-06 1.852116042755369563e-06 3.546530024323146790e-06 1.686119162513932679e-06
2.730000000000000000e+04 1.442009306629188359e-06 2.798140485538169742e-06 1.890212729449558537e-06 6.272517111938213930e-06 1.684777544141979888e-06 1.442009306629188359e-06 2.798140485538169742e-06 1.890212729449558537e-06 6.272517111938213930e-06 1.684777544141979888e-06
2.740000000000000000e+04 1.429022745469410438e-06 2.725716740314965136e-06 1.826378252189897466e-06 3.484247145024710335e-06 1.637458808545488864e-06 1.429022745469410438e-06 2.725716740314965136e-06 1.826378252189897466e-06 3.484247145024710335e-06 1.637458808545488864e-06
2.750000000000000000e+04 1.421596380168921314e-06 2.717977849897579290e-06 1.818192117752914783e-06 3.451868906267918646e-06 1.613168819858401548e-06 1.421596380168921314e-06 2.717977849897579290e-06 1.818192117752914783e-06 3.451868906267918646e-06 1.613168819858401548e-06
2.760000000000000000e+04 1.416346094629261643e-06 2.694149088711128570e-06 1.810479716368718073e-06 3.455714931988040917e-06 1.603476675882120617e-06 1.416346094629261643e-06 2.694149088711128570e-06 1.810479716368718073e-06 3.455714931988040917e-06 1.603476675882120617e-06
2.770000000000000000e+04 1.408480216014140751e-06 2.675495352377765812e-06 1.798727225832408294e-06 3.400742116355104372e-06 1.597123628016561270e-06 1.408480216014140751e-06 2.675495352377765812e-06 1.798727225832408294e-06 3.400742116355104372e-06 1.597123628016561270e-06
2.780000000000000000e+04 1.403862029292213265e-06 2.654460786288836971e-06 1.797200638975482434e-06 3.445461288720252924e-06 1.594560330886451993e-06 1.403862029292213265e-06 2.654460786288836971e-06 1.797200638975482434e-06 3.445461288720252924e-06 1.594560330886451993e-06
2.790000000000000000e+04 1.429968506272416562e-06 2.784399157462758012e-06 1.836296519286406692e-06 9.036311894305981696e-06 1.742806830407062080e-06 1.429968506272416562e-06 2.784399157462758012e-06 1.836296519286406692e-06 9.036311894305981696e-06 1.742806830407062080e-06
2.800000000000000000e+04 1.397240112055442296e-06 2.640047796376165934e-06 1.783833795343525708e-06 3.413118065509479493e-06 1.586671260156435892e-06 1.397240112055442296e-06 2.640047796376165934e-06 1.783833795343525708e-06 3.413118065509479493e-06 1.586671260156435892e-06
2.810000000000000000e+04 1.389923113492841367e-06 2.781390321615617722e-06 1.744515998325368855e-06 6.263036993914283812e-06 1.887003350020677317e-06 1.389923113492841367e-06 2.781390321615617722e-06 1.744515998325368855e-06 6.263036993914283812e-06 1.887003350020677317e-06
2.820000000000000000e+04 1.378857518830045592e-06 2.599979325168533251e-06 1.758094299475487787e-06 3.267891543146106414e-06 1.529633550489961635e-06 1.378857518830045592e-06 2.599979325168533251e-06 1.758094299475487787e-06 3.267891543146106414e-06 1.529633550489961635e-06
2.830000000000000000e+04 1.373480813526839484e-06 2.584967887742095627e-06 1.745146960274723824e-06 3.293324652986484580e-06 1.516947577329119667e-06 1.373480813526839484e-06 2.584967887742095627e-06 1.745146960274723824e-06 3.293324652986484580e-06 1.516947577329119667e-06
2.840000000000000000e+04 1.369056690236902796e-06 2.564454462117282674e-06 1.749847228893486317e-06 3.356932666065404192e-06 1.509621370132663287e-06 1.369056690236902796e-06 2.564454462117282674e-06 1.749847228893486317e-06 3.356932666065404192e-06 1.509621370132663287e-06
2.850000000000000000e+04 1.364289005323371384e-06 2.576683073129970580e-06 1.746507564348576125e-06 3.514704985718708485e-06 1.499961513218295295e-06 1.364289005323371384e-06 2.576683073129970580e-06 1.746507564348576125e-06 3.514704985718708485e-06 1.499961513218295295e-06
2.860000000000000000e+04 1.364231934530835133e-06 2.616070105432299897e-06 1.762435431373887695e-06 3.792444431383046322e-06 1.762294459695112891e-06 1.364231934530835133e-06 2.616070105432299897e-06 1.762435431373887695e-06 3.792444431383046322e-06 1.762294459695112891e-06
2.870000000000000000e+04 1.353049469798861537e-06 2.517275106583838351e-06 1.717300847303704359e-06 3.140309672744479030e-06 1.475978592679894064e-06 1.353049469798861537e-06 2.517275106583838351e-06 1.717300847303704359e-06 3.140309672744479030e-06 1.475978592679894064e-06
2.880000000000000000e+04 1.347943793916783761e-06 2.493317197149735875e-06 1.720502154967107344e-06 3.366830014783772640e-06 1.478541548749490175e-06 1.347943793916783761e-06 2.493317197149735875e-06 1.720502154967107344e-06 3.366830014783772640e-06 1.478541548749490175e-06
2.890000000000000000e+04 1.342347900390450377e-06 2.491006171112530865e-06 1.706718649074900895e-06 3.124737986581749283e-06 1.451496700610732660e-06 1.342347900390450377e-06 2.491006171112530865e-06 1.706718649074900895e-06 3.124737986581749283e-06 1.451496700610732660e-06
2.900000000000000000e+04 1.334362877969397232e-06 2.585388756415341049e-06 1.701690507616149262e-06 3.586602360883262008e-06 1.447384306629828643e-06 1.334362877969397232e-06 2.585388756415341049e-06 1.701690507616149262e-06 3.586602360883262008e-06 1.447384306629828643e-06
2.910000000000000000e+04 1.334659373242175207e-06 2.537412228775792755e-06 1.662441718508489430e-06 9.816766578296665102e-06 1.550271122141566593e-06 1.334659373242175207e-06 2.537412228775792755e-06 1.662441718508489430e-06 9.816766578296665102e-06 1.550271122141566593e-06
2.920000000000000000e+04 1.334022954324609600e-06 2.454712785038282163e-06 1.694884190328593832e-06 3.790613845922052860e-06 1.466960497964464594e-06 1.334022954324609600e-06 2.454712785038282163e-06 1.694884190328593832e-06 3.790613845922052860e-06 1.466960497964464594e-06
2.930000000000000000e+04 1.320791398029541597e-06 2.449917246849508956e-06 1.666641423980763648e-06 3.556414640115690418e-06 1.428523432878137100e-06 1.320791398029541597e-06 2.449917246849508956e-06 1.666641423980763648e-06 3.556414640115690418e-06 1.428523432878137100e-06
2.940000000000000000e+04 1.338258130090252962e-06 2.448884060868294910e-06 1.755260882418951951e-06 1.058826910593779758e-05 1.676854253673809581e-06 1.338258130090252962e-06 2.448884060868294910e-06 1.755260882418951951e-06 1.058826910593779758e-05 1.676854253673809581e-06
2.950000000000000000e+04 1.313368102273670956e-06 2.407011152172344737e-06 1.656516928960627411e-06 2.964549366879509762e-06 1.390044303661852609e-06 1.313368102273670956e-06 2.407011152172344737e-06 1.656516928960627411e-06 2.964549366879509762e-06 1.390044303661852609e-06
2.960000000000000000e+04 1.314366954829893075e-06 2.472754204063676298e-06 1.625686422812577803e-06 5.922340733377495781e-06 1.544334509162581526e-06 1.314366954829893075e-06 2.472754204063676298e-06 1.625686422812577803e-06 5.922340733377495781e-06 1.544334509162581526e-06
2.970000000000000000e+04 1.303052499679324683e-06 2.382490947638871148e-06 1.644063559069763869e-06 2.910308012360474095e-06 1.371025405205728021e-06 1.303052499679324683e-06 2.382490947638871148e-06 1.644063559069763869e-06 2.910308012360474095e-06 1.371025405205728021e-06
2.980000000000000000e+04 1.300631993217393756e-06 2.369415369685157202e-06 1.637380023566947784e-06 2.889643837988842279e-06 1.362485022582404781e-06 1.300631993217393756e-06 2.369415369685157202e-06 1.637380023566947784e-06 2.889643837988842279e-06 1.362485022582404781e-06
2.990000000000000000e+04 1.294401499762898311e-06 2.352159526708419435e-06 1.630444103284389712e-06 2.880077772715594620e-06 1.394951823385781609e-06 1.294401499762898311e-06 2.352159526708419435e-06 1.630444103284389712e-06 2.880077772715594620e-06 1.394951823385781609e-06
3.000000000000000000e+04 1.290004888687690254e-06 2.343921096326084808e-06 1.617760972294490784e-06 2.885595677071250975e-06 1.345211899206333328e-06 1.290004888687690254e-06 2.343921096326084808e-06 1.617760972294490784e-06 2.885595677071250975e-06 1.345211899206333328e-06
