# step, loss_train, loss_test, metrics_test
0.000000000000000000e+00 2.661414619069546461e-04 1.528000342659652233e-03 4.647900350391864777e-04 4.261887073516845703e+00 2.330630272626876831e-01 2.661414619069546461e-04 1.528000342659652233e-03 4.647900350391864777e-04 4.261887073516845703e+00 2.330630272626876831e-01
1.000000000000000000e+02 8.766624145209789276e-03 7.918895222246646881e-03 2.171375323086977005e-03 1.085667133331298828e+00 1.925546675920486450e-01 8.766624145209789276e-03 7.918895222246646881e-03 2.171375323086977005e-03 1.085667133331298828e+00 1.925546675920486450e-01
2.000000000000000000e+02 1.771969534456729889e-02 2.779816836118698120e-02 5.715623497962951660e-03 2.893421649932861328e-01 1.748309731483459473e-01 1.771969534456729889e-02 2.779816836118698120e-02 5.715623497962951660e-03 2.893421649932861328e-01 1.748309731483459473e-01
3.000000000000000000e+02 1.376056484878063202e-02 2.566509135067462921e-02 1.037641614675521851e-02 1.147847250103950500e-01 1.271938830614089966e-01 1.376056484878063202e-02 2.566509135067462921e-02 1.037641614675521851e-02 1.147847250103950500e-01 1.271938830614089966e-01
4.000000000000000000e+02 1.040707621723413467e-02 1.245643757283687592e-02 8.799427188932895660e-03 5.522822216153144836e-02 6.787453591823577881e-02 1.040707621723413467e-02 1.245643757283687592e-02 8.799427188932895660e-03 5.522822216153144836e-02 6.787453591823577881e-02
5.000000000000000000e+02 7.147220429033041000e-03 1.109380368143320084e-02 7.909977808594703674e-03 3.678159415721893311e-02 4.394465312361717224e-02 7.147220429033041000e-03 1.109380368143320084e-02 7.909977808594703674e-03 3.678159415721893311e-02 4.394465312361717224e-02
6.000000000000000000e+02 4.806284792721271515e-03 7.068974897265434265e-03 5.107926204800605774e-03 3.368671983480453491e-02 2.488452382385730743e-02 4.806284792721271515e-03 7.068974897265434265e-03 5.107926204800605774e-03 3.368671983480453491e-02 2.488452382385730743e-02
7.000000000000000000e+02 3.329028142616152763e-03 5.442203488200902939e-03 3.511711023747920990e-03 1.099110022187232971e-02 1.481968071311712265e-02 3.329028142616152763e-03 5.442203488200902939e-03 3.511711023747920990e-03 1.099110022187232971e-02 1.481968071311712265e-02
8.000000000000000000e+02 2.797578461468219757e-03 4.959695972502231598e-03 3.034959314391016960e-03 1.266653928905725479e-02 1.374439988285303116e-02 2.797578461468219757e-03 4.959695972502231598e-03 3.034959314391016960e-03 1.266653928905725479e-02 1.374439988285303116e-02
9.000000000000000000e+02 2.638427307829260826e-03 4.338480066508054733e-03 2.437622286379337311e-03 2.737196534872055054e-02 1.687622070312500000e-02 2.638427307829260826e-03 4.338480066508054733e-03 2.437622286379337311e-03 2.737196534872055054e-02 1.687622070312500000e-02
1.000000000000000000e+03 2.264571841806173325e-03 3.357739886268973351e-03 1.785396598279476166e-03 9.614231996238231659e-03 9.975363500416278839e-03 2.264571841806173325e-03 3.357739886268973351e-03 1.785396598279476166e-03 9.614231996238231659e-03 9.975363500416278839e-03
1.100000000000000000e+03 1.975378254428505898e-03 3.074563574045896530e-03 1.660343841649591923e-03 1.025323662906885147e-02 9.929277934134006500e-03 1.975378254428505898e-03 3.074563574045896530e-03 1.660343841649591923e-03 1.025323662906885147e-02 9.929277934134006500e-03
1.200000000000000000e+03 1.758604077622294426e-03 2.442728495225310326e-03 1.254686503671109676e-03 5.429171491414308548e-03 6.750530097633600235e-03 1.758604077622294426e-03 2.442728495225310326e-03 1.254686503671109676e-03 5.429171491414308548e-03 6.750530097633600235e-03
1.300000000000000000e+03 1.638246350921690464e-03 3.541817422956228256e-03 1.597045920789241791e-03 1.070265099406242371e-02 7.958157919347286224e-03 1.638246350921690464e-03 3.541817422956228256e-03 1.597045920789241791e-03 1.070265099406242371e-02 7.958157919347286224e-03
1.400000000000000000e+03 1.605224562808871269e-03 2.175386995077133179e-03 1.080726040527224541e-03 5.989975761622190475e-03 6.311726756393909454e-03 1.605224562808871269e-03 2.175386995077133179e-03 1.080726040527224541e-03 5.989975761622190475e-03 6.311726756393909454e-03
1.500000000000000000e+03 1.588544575497508049e-03 3.276793984696269035e-03 1.984416274353861809e-03 2.141518518328666687e-02 1.315113808959722519e-02 1.588544575497508049e-03 3.276793984696269035e-03 1.984416274353861809e-03 2.141518518328666687e-02 1.315113808959722519e-02
1.600000000000000000e+03 1.481815939769148827e-03 2.132262801751494408e-03 1.017646747641265392e-03 9.655875153839588165e-03 6.939159706234931946e-03 1.481815939769148827e-03 2.132262801751494408e-03 1.017646747641265392e-03 9.655875153839588165e-03 6.939159706234931946e-03
1.700000000000000000e+03 1.387455035001039505e-03 2.275377511978149414e-03 1.075325184501707554e-03 4.232582636177539825e-03 4.478595685213804245e-03 1.387455035001039505e-03 2.275377511978149414e-03 1.075325184501707554e-03 4.232582636177539825e-03 4.478595685213804245e-03
1.800000000000000000e+03 1.294666784815490246e-03 1.604395103640854359e-03 7.977476343512535095e-04 4.215033724904060364e-03 4.271006211638450623e-03 1.294666784815490246e-03 1.604395103640854359e-03 7.977476343512535095e-04 4.215033724904060364e-03 4.271006211638450623e-03
1.900000000000000000e+03 1.235280069522559643e-03 1.480528502725064754e-03 7.520669023506343365e-04 4.094137344509363174e-03 4.138123244047164917e-03 1.235280069522559643e-03 1.480528502725064754e-03 7.520669023506343365e-04 4.094137344509363174e-03 4.138123244047164917e-03
2.000000000000000000e+03 1.182555686682462692e-03 1.467243535444140434e-03 7.583777769468724728e-04 3.835893236100673676e-03 3.804195439442992210e-03 1.182555686682462692e-03 1.467243535444140434e-03 7.583777769468724728e-04 3.835893236100673676e-03 3.804195439442992210e-03
2.100000000000000000e+03 1.183827291242778301e-03 2.273779362440109253e-03 1.412638695910573006e-03 1.117312442511320114e-02 7.107180543243885040e-03 1.183827291242778301e-03 2.273779362440109253e-03 1.412638695910573006e-03 1.117312442511320114e-02 7.107180543243885040e-03
2.200000000000000000e+03 1.401090645231306553e-03 1.952210674062371254e-03 1.275197952054440975e-03 1.458979584276676178e-02 7.845125161111354828e-03 1.401090645231306553e-03 1.952210674062371254e-03 1.275197952054440975e-03 1.458979584276676178e-02 7.845125161111354828e-03
2.300000000000000000e+03 1.027142046950757504e-03 1.794434618204832077e-03 6.871935329400002956e-04 3.358419518917798996e-03 3.473077900707721710e-03 1.027142046950757504e-03 1.794434618204832077e-03 6.871935329400002956e-04 3.358419518917798996e-03 3.473077900707721710e-03
2.400000000000000000e+03 9.921770542860031128e-04 1.493454677984118462e-03 8.786078542470932007e-04 3.930199891328811646e-03 3.507700050249695778e-03 9.921770542860031128e-04 1.493454677984118462e-03 8.786078542470932007e-04 3.930199891328811646e-03 3.507700050249695778e-03
2.500000000000000000e+03 1.038439688272774220e-03 1.486442750319838524e-03 8.747524116188287735e-04 7.443937007337808609e-03 4.833027720451354980e-03 1.038439688272774220e-03 1.486442750319838524e-03 8.747524116188287735e-04 7.443937007337808609e-03 4.833027720451354980e-03
2.600000000000000000e+03 9.980336762964725494e-04 1.675459556281566620e-03 6.725555867888033390e-04 6.689501926302909851e-03 4.215529654175043106e-03 9.980336762964725494e-04 1.675459556281566620e-03 6.725555867888033390e-04 6.689501926302909851e-03 4.215529654175043106e-03
2.700000000000000000e+03 9.110152022913098335e-04 3.414448816329240799e-03 2.346500987187027931e-03 6.300457753241062164e-03 4.243800882250070572e-03 9.110152022913098335e-04 3.414448816329240799e-03 2.346500987187027931e-03 6.300457753241062164e-03 4.243800882250070572e-03
2.800000000000000000e+03 1.023835153318941593e-03 1.203232910484075546e-03 6.790978950448334217e-04 7.227128837257623672e-03 4.339950159192085266e-03 1.023835153318941593e-03 1.203232910484075546e-03 6.790978950448334217e-04 7.227128837257623672e-03 4.339950159192085266e-03
2.900000000000000000e+03 8.003007969819009304e-04 1.628663972951471806e-03 9.412740473635494709e-04 9.229520335793495178e-03 5.665540695190429688e-03 8.003007969819009304e-04 1.628663972951471806e-03 9.412740473635494709e-04 9.229520335793495178e-03 5.665540695190429688e-03
3.000000000000000000e+03 1.001272001303732395e-03 1.354129635728895664e-03 1.020610798150300980e-03 9.653030894696712494e-03 4.998835269361734390e-03 1.001272001303732395e-03 1.354129635728895664e-03 1.020610798150300980e-03 9.653030894696712494e-03 4.998835269361734390e-03
3.100000000000000000e+03 7.565759588032960892e-04 1.301329350098967552e-03 1.263131503947079182e-03 6.577067542821168900e-03 4.776540677994489670e-03 7.565759588032960892e-04 1.301329350098967552e-03 1.263131503947079182e-03 6.577067542821168900e-03 4.776540677994489670e-03
3.200000000000000000e+03 8.122020517475903034e-04 2.068065106868743896e-03 1.103419344872236252e-03 1.677550747990608215e-02 8.312276564538478851e-03 8.122020517475903034e-04 2.068065106868743896e-03 1.103419344872236252e-03 1.677550747990608215e-02 8.312276564538478851e-03
3.300000000000000000e+03 8.503862190991640091e-04 1.477843499742448330e-03 1.033274456858634949e-03 1.079004723578691483e-02 5.366902332752943039e-03 8.503862190991640091e-04 1.477843499742448330e-03 1.033274456858634949e-03 1.079004723578691483e-02 5.366902332752943039e-03
3.400000000000000000e+03 8.027036092244088650e-04 1.682871370576322079e-03 1.140591921284794807e-03 1.063774712383747101e-02 5.222983192652463913e-03 8.027036092244088650e-04 1.682871370576322079e-03 1.140591921284794807e-03 1.063774712383747101e-02 5.222983192652463913e-03
3.500000000000000000e+03 1.214183983393013477e-03 2.265856601297855377e-03 1.232806593179702759e-03 3.039374575018882751e-02 1.459111087024211884e-02 1.214183983393013477e-03 2.265856601297855377e-03 1.232806593179702759e-03 3.039374575018882751e-02 1.459111087024211884e-02
3.600000000000000000e+03 8.728936663828790188e-04 2.057087607681751251e-03 1.394278137013316154e-03 2.733545377850532532e-03 2.114881761372089386e-03 8.728936663828790188e-04 2.057087607681751251e-03 1.394278137013316154e-03 2.733545377850532532e-03 2.114881761372089386e-03
3.700000000000000000e+03 7.028751424513757229e-04 1.359729212708771229e-03 8.721335907466709614e-04 6.954507436603307724e-03 3.938348498195409775e-03 7.028751424513757229e-04 1.359729212708771229e-03 8.721335907466709614e-04 6.954507436603307724e-03 3.938348498195409775e-03
3.800000000000000000e+03 7.270452333614230156e-04 1.282285433262586594e-03 1.087501412257552147e-03 9.519437327980995178e-03 4.368579480797052383e-03 7.270452333614230156e-04 1.282285433262586594e-03 1.087501412257552147e-03 9.519437327980995178e-03 4.368579480797052383e-03
3.900000000000000000e+03 8.820560760796070099e-04 1.368627534247934818e-03 9.009116329252719879e-04 1.878075301647186279e-02 9.027177467942237854e-03 8.820560760796070099e-04 1.368627534247934818e-03 9.009116329252719879e-04 1.878075301647186279e-02 9.027177467942237854e-03
4.000000000000000000e+03 7.393169216811656952e-04 2.377048367634415627e-03 1.124477828852832317e-03 1.416759286075830460e-02 7.117017637938261032e-03 7.393169216811656952e-04 2.377048367634415627e-03 1.124477828852832317e-03 1.416759286075830460e-02 7.117017637938261032e-03
4.100000000000000000e+03 5.431863246485590935e-04 1.166147296316921711e-03 8.001411915756762028e-04 3.684536786749958992e-03 2.772063948214054108e-03 5.431863246485590935e-04 1.166147296316921711e-03 8.001411915756762028e-04 3.684536786749958992e-03 2.772063948214054108e-03
4.200000000000000000e+03 4.809183883480727673e-04 8.822497911751270294e-04 5.384059622883796692e-04 3.830712521448731422e-03 2.411735709756612778e-03 4.809183883480727673e-04 8.822497911751270294e-04 5.384059622883796692e-04 3.830712521448731422e-03 2.411735709756612778e-03
4.300000000000000000e+03 5.916069494560360909e-04 1.323221134953200817e-03 9.427068289369344711e-04 1.059807557612657547e-02 5.113752093166112900e-03 5.916069494560360909e-04 1.323221134953200817e-03 9.427068289369344711e-04 1.059807557612657547e-02 5.113752093166112900e-03
4.400000000000000000e+03 6.124582141637802124e-04 1.772320363670587540e-03 1.228656503371894360e-03 1.068904995918273926e-02 5.102255847305059433e-03 6.124582141637802124e-04 1.772320363670587540e-03 1.228656503371894360e-03 1.068904995918273926e-02 5.102255847305059433e-03
4.500000000000000000e+03 8.164160535670816898e-04 1.273929025046527386e-03 1.180312479846179485e-03 1.158326957374811172e-02 5.094393622130155563e-03 8.164160535670816898e-04 1.273929025046527386e-03 1.180312479846179485e-03 1.158326957374811172e-02 5.094393622130155563e-03
4.600000000000000000e+03 7.362905307672917843e-04 1.072641811333596706e-03 1.137717044912278652e-03 7.015653885900974274e-03 4.192916210740804672e-03 7.362905307672917843e-04 1.072641811333596706e-03 1.137717044912278652e-03 7.015653885900974274e-03 4.192916210740804672e-03
4.700000000000000000e+03 5.418355576694011688e-04 6.994128343649208546e-04 5.520185804925858974e-04 6.167364306747913361e-03 3.048345446586608887e-03 5.418355576694011688e-04 6.994128343649208546e-04 5.520185804925858974e-04 6.167364306747913361e-03 3.048345446586608887e-03
4.800000000000000000e+03 6.198227638378739357e-04 1.160572748631238937e-03 6.758004892617464066e-04 8.340810425579547882e-03 4.433730617165565491e-03 6.198227638378739357e-04 1.160572748631238937e-03 6.758004892617464066e-04 8.340810425579547882e-03 4.433730617165565491e-03
4.900000000000000000e+03 4.280423454474657774e-04 8.557089604437351227e-04 4.613098572008311749e-04 1.892023370601236820e-03 1.457055564969778061e-03 4.280423454474657774e-04 8.557089604437351227e-04 4.613098572008311749e-04 1.892023370601236820e-03 1.457055564969778061e-03
5.000000000000000000e+03 7.941712974570691586e-04 1.607628189958631992e-03 1.635160413570702076e-03 1.122783869504928589e-02 4.549992270767688751e-03 7.941712974570691586e-04 1.607628189958631992e-03 1.635160413570702076e-03 1.122783869504928589e-02 4.549992270767688751e-03
5.100000000000000000e+03 5.416573258116841316e-04 1.316800015047192574e-03 7.864225190132856369e-04 8.206401020288467407e-03 3.688077908009290695e-03 5.416573258116841316e-04 1.316800015047192574e-03 7.864225190132856369e-04 8.206401020288467407e-03 3.688077908009290695e-03
5.200000000000000000e+03 5.030604661442339420e-04 1.198162673972547054e-03 1.162876142188906670e-03 2.561132423579692841e-03 1.379929832182824612e-03 5.030604661442339420e-04 1.198162673972547054e-03 1.162876142188906670e-03 2.561132423579692841e-03 1.379929832182824612e-03
5.300000000000000000e+03 5.494735087268054485e-04 1.007538754492998123e-03 9.132658015005290508e-04 6.018587853759527206e-03 2.556177321821451187e-03 5.494735087268054485e-04 1.007538754492998123e-03 9.132658015005290508e-04 6.018587853759527206e-03 2.556177321821451187e-03
5.400000000000000000e+03 7.088200654834508896e-04 1.578187686391174793e-03 1.309303566813468933e-03 1.826169341802597046e-02 8.234325796365737915e-03 7.088200654834508896e-04 1.578187686391174793e-03 1.309303566813468933e-03 1.826169341802597046e-02 8.234325796365737915e-03
5.500000000000000000e+03 4.550647281575948000e-04 1.357463304884731770e-03 8.665548521094024181e-04 4.734968300908803940e-03 3.132411744445562363e-03 4.550647281575948000e-04 1.357463304884731770e-03 8.665548521094024181e-04 4.734968300908803940e-03 3.132411744445562363e-03
5.600000000000000000e+03 5.962999421171844006e-04 2.209971426054835320e-03 1.731130178086459637e-03 9.699782356619834900e-03 3.586068050935864449e-03 5.962999421171844006e-04 2.209971426054835320e-03 1.731130178086459637e-03 9.699782356619834900e-03 3.586068050935864449e-03
5.700000000000000000e+03 3.719647647812962532e-04 5.420641973614692688e-04 4.087476700078696012e-04 2.668165601789951324e-03 1.461386331357061863e-03 3.719647647812962532e-04 5.420641973614692688e-04 4.087476700078696012e-04 2.668165601789951324e-03 1.461386331357061863e-03
5.800000000000000000e+03 4.028699186164885759e-04 1.487158471718430519e-03 9.216293110512197018e-04 3.292418085038661957e-03 1.939289155416190624e-03 4.028699186164885759e-04 1.487158471718430519e-03 9.216293110512197018e-04 3.292418085038661957e-03 1.939289155416190624e-03
5.900000000000000000e+03 4.514513129834085703e-04 6.979281897656619549e-04 7.081500953063368797e-04 1.794144860468804836e-03 1.494009746238589287e-03 4.514513129834085703e-04 6.979281897656619549e-04 7.081500953063368797e-04 1.794144860468804836e-03 1.494009746238589287e-03
6.000000000000000000e+03 4.015424929093569517e-04 9.823896689340472221e-04 5.416821222752332687e-04 3.191269701346755028e-03 2.013958292081952095e-03 4.015424929093569517e-04 9.823896689340472221e-04 5.416821222752332687e-04 3.191269701346755028e-03 2.013958292081952095e-03
6.100000000000000000e+03 4.459022893570363522e-04 1.516495132818818092e-03 1.679133507423102856e-03 3.262356854975223541e-03 1.404926530085504055e-03 4.459022893570363522e-04 1.516495132818818092e-03 1.679133507423102856e-03 3.262356854975223541e-03 1.404926530085504055e-03
6.200000000000000000e+03 4.703658341895788908e-04 8.615537662990391254e-04 7.692103390581905842e-04 7.043270394206047058e-03 3.206165973097085953e-03 4.703658341895788908e-04 8.615537662990391254e-04 7.692103390581905842e-04 7.043270394206047058e-03 3.206165973097085953e-03
6.300000000000000000e+03 3.655490581877529621e-04 5.592247471213340759e-04 3.708491858560591936e-04 4.422680009156465530e-03 2.151476219296455383e-03 3.655490581877529621e-04 5.592247471213340759e-04 3.708491858560591936e-04 4.422680009156465530e-03 2.151476219296455383e-03
6.400000000000000000e+03 6.022712332196533680e-04 2.279794774949550629e-03 2.052336698397994041e-03 5.377639550715684891e-03 2.053593052551150322e-03 6.022712332196533680e-04 2.279794774949550629e-03 2.052336698397994041e-03 5.377639550715684891e-03 2.053593052551150322e-03
6.500000000000000000e+03 5.332919536158442497e-04 1.509093912318348885e-03 1.114237587898969650e-03 8.478851057589054108e-03 4.962186329066753387e-03 5.332919536158442497e-04 1.509093912318348885e-03 1.114237587898969650e-03 8.478851057589054108e-03 4.962186329066753387e-03
6.600000000000000000e+03 3.434882964938879013e-04 2.075965516269207001e-03 7.397853769361972809e-04 2.653101691976189613e-03 1.606277190148830414e-03 3.434882964938879013e-04 2.075965516269207001e-03 7.397853769361972809e-04 2.653101691976189613e-03 1.606277190148830414e-03
6.700000000000000000e+03 3.484091139398515224e-04 5.127270123921334743e-04 4.169977910351008177e-04 4.187965765595436096e-03 1.855908310972154140e-03 3.484091139398515224e-04 5.127270123921334743e-04 4.169977910351008177e-04 4.187965765595436096e-03 1.855908310972154140e-03
6.800000000000000000e+03 4.302448360249400139e-04 1.759846694767475128e-03 1.129777054302394390e-03 4.632056225091218948e-03 2.847892697900533676e-03 4.302448360249400139e-04 1.759846694767475128e-03 1.129777054302394390e-03 4.632056225091218948e-03 2.847892697900533676e-03
6.900000000000000000e+03 3.100816393271088600e-04 4.015967715531587601e-04 2.450391184538602829e-04 1.213802956044673920e-03 7.856995798647403717e-04 3.100816393271088600e-04 4.015967715531587601e-04 2.450391184538602829e-04 1.213802956044673920e-03 7.856995798647403717e-04
7.000000000000000000e+03 3.060495364479720592e-04 4.554899933282285929e-04 3.479690058156847954e-04 2.195545239374041557e-03 1.209009322337806225e-03 3.060495364479720592e-04 4.554899933282285929e-04 3.479690058156847954e-04 2.195545239374041557e-03 1.209009322337806225e-03
7.100000000000000000e+03 3.852644003927707672e-04 1.051316037774085999e-03 1.184406224638223648e-03 2.395897405222058296e-03 9.935768321156501770e-04 3.852644003927707672e-04 1.051316037774085999e-03 1.184406224638223648e-03 2.395897405222058296e-03 9.935768321156501770e-04
7.200000000000000000e+03 5.346413818188011646e-04 1.434863079339265823e-03 1.306560821831226349e-03 4.636907484382390976e-03 1.741677871905267239e-03 5.346413818188011646e-04 1.434863079339265823e-03 1.306560821831226349e-03 4.636907484382390976e-03 1.741677871905267239e-03
7.300000000000000000e+03 2.756667381618171930e-04 4.543727845884859562e-04 2.741305797826498747e-04 1.332666375674307346e-03 7.681123679503798485e-04 2.756667381618171930e-04 4.543727845884859562e-04 2.741305797826498747e-04 1.332666375674307346e-03 7.681123679503798485e-04
7.400000000000000000e+03 2.443129487801343203e-04 2.824058756232261658e-04 1.928442652570083737e-04 1.210795599035918713e-03 6.563153583556413651e-04 2.443129487801343203e-04 2.824058756232261658e-04 1.928442652570083737e-04 1.210795599035918713e-03 6.563153583556413651e-04
7.500000000000000000e+03 4.774844856001436710e-04 7.234326913021504879e-04 5.414061597548425198e-04 9.925219230353832245e-03 4.211174324154853821e-03 4.774844856001436710e-04 7.234326913021504879e-04 5.414061597548425198e-04 9.925219230353832245e-03 4.211174324154853821e-03
7.600000000000000000e+03 4.410715773701667786e-04 1.633434207178652287e-03 1.223928295075893402e-03 2.320725936442613602e-03 1.177101978100836277e-03 4.410715773701667786e-04 1.633434207178652287e-03 1.223928295075893402e-03 2.320725936442613602e-03 1.177101978100836277e-03
7.700000000000000000e+03 2.559902204666286707e-04 3.850421344395726919e-04 2.718860632739961147e-04 1.265375292859971523e-03 6.994705181568861008e-04 2.559902204666286707e-04 3.850421344395726919e-04 2.718860632739961147e-04 1.265375292859971523e-03 6.994705181568861008e-04
7.800000000000000000e+03 2.312347933184355497e-04 2.539077831897884607e-04 1.817885931814089417e-04 9.656602051109075546e-04 5.449409945867955685e-04 2.312347933184355497e-04 2.539077831897884607e-04 1.817885931814089417e-04 9.656602051109075546e-04 5.449409945867955685e-04
7.900000000000000000e+03 2.321249194210395217e-04 2.607953210826963186e-04 1.833858405007049441e-04 1.026299782097339630e-03 6.018464919179677963e-04 2.321249194210395217e-04 2.607953210826963186e-04 1.833858405007049441e-04 1.026299782097339630e-03 6.018464919179677963e-04
8.000000000000000000e+03 3.983198839705437422e-04 5.783992237411439419e-04 4.603568813763558865e-04 6.273146718740463257e-03 2.915436634793877602e-03 3.983198839705437422e-04 5.783992237411439419e-04 4.603568813763558865e-04 6.273146718740463257e-03 2.915436634793877602e-03
8.100000000000000000e+03 5.895723006688058376e-04 8.698173332959413528e-04 6.116662989370524883e-04 1.619429141283035278e-02 7.186172995716333389e-03 5.895723006688058376e-04 8.698173332959413528e-04 6.116662989370524883e-04 1.619429141283035278e-02 7.186172995716333389e-03
8.200000000000000000e+03 4.721779550891369581e-04 1.585460151545703411e-03 1.551939989440143108e-03 1.735163386911153793e-03 9.719522204250097275e-04 4.721779550891369581e-04 1.585460151545703411e-03 1.551939989440143108e-03 1.735163386911153793e-03 9.719522204250097275e-04
8.300000000000000000e+03 2.082136488752439618e-04 2.554444363340735435e-04 1.725076581351459026e-04 1.232094946317374706e-03 5.626273341476917267e-04 2.082136488752439618e-04 2.554444363340735435e-04 1.725076581351459026e-04 1.232094946317374706e-03 5.626273341476917267e-04
8.400000000000000000e+03 6.003382150083780289e-04 1.082457485608756542e-03 7.644749130122363567e-04 1.310014724731445312e-02 5.752190947532653809e-03 6.003382150083780289e-04 1.082457485608756542e-03 7.644749130122363567e-04 1.310014724731445312e-02 5.752190947532653809e-03
8.500000000000000000e+03 2.091417700285091996e-04 2.137762348866090178e-04 1.501826191088184714e-04 8.641513995826244354e-04 4.743362660519778728e-04 2.091417700285091996e-04 2.137762348866090178e-04 1.501826191088184714e-04 8.641513995826244354e-04 4.743362660519778728e-04
8.600000000000000000e+03 3.398023545742034912e-04 4.127633292227983475e-04 3.466612834017723799e-04 5.203751381486654282e-03 2.370849018916487694e-03 3.398023545742034912e-04 4.127633292227983475e-04 3.466612834017723799e-04 5.203751381486654282e-03 2.370849018916487694e-03
8.700000000000000000e+03 6.101324688643217087e-04 3.135747974738478661e-03 2.467176876962184906e-03 8.887093514204025269e-03 6.216742563992738724e-03 6.101324688643217087e-04 3.135747974738478661e-03 2.467176876962184906e-03 8.887093514204025269e-03 6.216742563992738724e-03
8.800000000000000000e+03 1.965025148820132017e-04 2.553501690272241831e-04 1.914621825562790036e-04 1.037149457260966301e-03 5.315656308084726334e-04 1.965025148820132017e-04 2.553501690272241831e-04 1.914621825562790036e-04 1.037149457260966301e-03 5.315656308084726334e-04
8.900000000000000000e+03 3.859488351736217737e-04 6.530774990096688271e-04 3.860731958411633968e-04 7.477551698684692383e-03 3.248332533985376358e-03 3.859488351736217737e-04 6.530774990096688271e-04 3.860731958411633968e-04 7.477551698684692383e-03 3.248332533985376358e-03
9.000000000000000000e+03 2.418031945126131177e-04 1.073868130333721638e-03 9.293698240071535110e-04 9.400680428370833397e-04 6.976749282330274582e-04 2.418031945126131177e-04 1.073868130333721638e-03 9.293698240071535110e-04 9.400680428370833397e-04 6.976749282330274582e-04
9.100000000000000000e+03 1.991684111999347806e-04 2.176719572162255645e-04 1.463428488932549953e-04 8.161663427017629147e-04 4.162519471719861031e-04 1.991684111999347806e-04 2.176719572162255645e-04 1.463428488932549953e-04 8.161663427017629147e-04 4.162519471719861031e-04
9.200000000000000000e+03 3.535774303600192070e-04 5.947656463831663132e-04 4.177025693934410810e-04 1.278297160752117634e-03 8.422023965977132320e-04 3.535774303600192070e-04 5.947656463831663132e-04 4.177025693934410810e-04 1.278297160752117634e-03 8.422023965977132320e-04
9.300000000000000000e+03 1.973525795619934797e-04 1.881658536149188876e-04 1.515099720563739538e-04 8.323368383571505547e-04 4.604250134434551001e-04 1.973525795619934797e-04 1.881658536149188876e-04 1.515099720563739538e-04 8.323368383571505547e-04 4.604250134434551001e-04
9.400000000000000000e+03 2.426926512271165848e-04 2.480364928487688303e-04 1.901011710288003087e-04 1.061280025169253349e-03 5.898236413486301899e-04 2.426926512271165848e-04 2.480364928487688303e-04 1.901011710288003087e-04 1.061280025169253349e-03 5.898236413486301899e-04
9.500000000000000000e+03 7.911237189546227455e-04 1.651381608098745346e-03 1.244508544914424419e-03 2.448714338243007660e-02 1.303456071764230728e-02 7.911237189546227455e-04 1.651381608098745346e-03 1.244508544914424419e-03 2.448714338243007660e-02 1.303456071764230728e-02
9.600000000000000000e+03 7.291582878679037094e-04 1.498014782555401325e-03 1.016292138956487179e-03 1.658584550023078918e-02 7.956247776746749878e-03 7.291582878679037094e-04 1.498014782555401325e-03 1.016292138956487179e-03 1.658584550023078918e-02 7.956247776746749878e-03
9.700000000000000000e+03 1.041303854435682297e-03 1.350805046968162060e-03 9.540274622850120068e-04 2.949776127934455872e-02 1.446605194360017776e-02 1.041303854435682297e-03 1.350805046968162060e-03 9.540274622850120068e-04 2.949776127934455872e-02 1.446605194360017776e-02
9.800000000000000000e+03 5.962442955933511257e-04 9.987904923036694527e-04 7.665506564080715179e-04 1.536172162741422653e-02 7.287766318768262863e-03 5.962442955933511257e-04 9.987904923036694527e-04 7.665506564080715179e-04 1.536172162741422653e-02 7.287766318768262863e-03
9.900000000000000000e+03 2.366937987972050905e-04 3.428584604989737272e-04 3.096024738624691963e-04 1.708502648398280144e-03 7.038518087938427925e-04 2.366937987972050905e-04 3.428584604989737272e-04 3.096024738624691963e-04 1.708502648398280144e-03 7.038518087938427925e-04
1.000000000000000000e+04 2.269448596052825451e-04 6.305156275629997253e-04 3.260377561673521996e-04 1.128016156144440174e-03 6.093307747505605221e-04 2.269448596052825451e-04 6.305156275629997253e-04 3.260377561673521996e-04 1.128016156144440174e-03 6.093307747505605221e-04
1.000000000000000000e+04 2.269448596052825451e-04 6.305156275629997253e-04 3.260377561673521996e-04 1.128016156144440174e-03 6.093307747505605221e-04 2.269448596052825451e-04 6.305156275629997253e-04 3.260377561673521996e-04 1.128016156144440174e-03 6.093307747505605221e-04
1.010000000000000000e+04 3.213264280930161476e-04 3.260922967456281185e-04 2.388163557043299079e-04 9.452256490476429462e-04 6.674398318864405155e-04 3.213264280930161476e-04 3.260922967456281185e-04 2.388163557043299079e-04 9.452256490476429462e-04 6.674398318864405155e-04
1.020000000000000000e+04 2.100135025102645159e-04 1.868914405349642038e-04 1.283007586607709527e-04 7.450985140167176723e-04 4.108698340132832527e-04 2.100135025102645159e-04 1.868914405349642038e-04 1.283007586607709527e-04 7.450985140167176723e-04 4.108698340132832527e-04
1.030000000000000000e+04 1.866555248852819204e-04 1.664557785261422396e-04 1.189882168546319008e-04 7.045865640975534916e-04 3.598690382204949856e-04 1.866555248852819204e-04 1.664557785261422396e-04 1.189882168546319008e-04 7.045865640975534916e-04 3.598690382204949856e-04
1.040000000000000000e+04 1.752111420501023531e-04 1.598225499037653208e-04 1.165660287369973958e-04 6.824580486863851547e-04 3.344593278598040342e-04 1.752111420501023531e-04 1.598225499037653208e-04 1.165660287369973958e-04 6.824580486863851547e-04 3.344593278598040342e-04
1.050000000000000000e+04 1.683423761278390884e-04 1.576472859596833587e-04 1.159532694146037102e-04 6.650846917182207108e-04 3.167343966197222471e-04 1.683423761278390884e-04 1.576472859596833587e-04 1.159532694146037102e-04 6.650846917182207108e-04 3.167343966197222471e-04
1.060000000000000000e+04 1.636032393435016274e-04 1.567931467434391379e-04 1.157669903477653861e-04 6.497430149465799332e-04 3.026212507393211126e-04 1.636032393435016274e-04 1.567931467434391379e-04 1.157669903477653861e-04 6.497430149465799332e-04 3.026212507393211126e-04
1.070000000000000000e+04 1.598576345713809133e-04 1.560183445690199733e-04 1.153973207692615688e-04 6.356326630339026451e-04 2.906000299844890833e-04 1.598576345713809133e-04 1.560183445690199733e-04 1.153973207692615688e-04 6.356326630339026451e-04 2.906000299844890833e-04
1.080000000000000000e+04 1.566017599543556571e-04 1.549510925542563200e-04 1.146588838309980929e-04 6.223849486559629440e-04 2.799264038912951946e-04 1.566017599543556571e-04 1.549510925542563200e-04 1.146588838309980929e-04 6.223849486559629440e-04 2.799264038912951946e-04
1.090000000000000000e+04 1.533795148134231567e-04 1.534978364361450076e-04 1.134803242166526616e-04 6.112018018029630184e-04 2.699137839954346418e-04 1.533795148134231567e-04 1.534978364361450076e-04 1.134803242166526616e-04 6.112018018029630184e-04 2.699137839954346418e-04
1.100000000000000000e+04 1.534418552182614803e-04 1.555039489176124334e-04 1.076130574801936746e-04 6.200852803885936737e-04 2.804342366289347410e-04 1.534418552182614803e-04 1.555039489176124334e-04 1.076130574801936746e-04 6.200852803885936737e-04 2.804342366289347410e-04
1.110000000000000000e+04 1.495004544267430902e-04 1.497352204751223326e-04 1.082391172531060874e-04 5.996472900733351707e-04 2.630570088513195515e-04 1.495004544267430902e-04 1.497352204751223326e-04 1.082391172531060874e-04 5.996472900733351707e-04 2.630570088513195515e-04
1.120000000000000000e+04 1.466886023990809917e-04 1.484836539020761847e-04 1.078446875908412039e-04 5.853476468473672867e-04 2.530187484808266163e-04 1.466886023990809917e-04 1.484836539020761847e-04 1.078446875908412039e-04 5.853476468473672867e-04 2.530187484808266163e-04
1.130000000000000000e+04 1.537208590889349580e-04 1.678254484431818128e-04 1.195154036395251751e-04 7.021401543170213699e-04 2.939793921541422606e-04 1.537208590889349580e-04 1.678254484431818128e-04 1.195154036395251751e-04 7.021401543170213699e-04 2.939793921541422606e-04
1.140000000000000000e+04 1.433175348211079836e-04 1.437670871382579207e-04 1.023579461616463959e-04 5.788861308246850967e-04 2.497233217582106590e-04 1.433175348211079836e-04 1.437670871382579207e-04 1.023579461616463959e-04 5.788861308246850967e-04 2.497233217582106590e-04
1.150000000000000000e+04 1.405045040883123875e-04 1.428041286999359727e-04 1.022550786728970706e-04 5.631197709590196609e-04 2.394494367763400078e-04 1.405045040883123875e-04 1.428041286999359727e-04 1.022550786728970706e-04 5.631197709590196609e-04 2.394494367763400078e-04
1.160000000000000000e+04 1.873118104413151741e-03 4.642480984330177307e-03 3.194476943463087082e-03 4.599180072546005249e-02 2.357560582458972931e-02 1.873118104413151741e-03 4.642480984330177307e-03 3.194476943463087082e-03 4.599180072546005249e-02 2.357560582458972931e-02
1.170000000000000000e+04 1.437681785319000483e-04 1.405389775754883885e-04 9.660148498369380832e-05 5.897664814256131649e-04 2.628641668707132339e-04 1.437681785319000483e-04 1.405389775754883885e-04 9.660148498369380832e-05 5.897664814256131649e-04 2.628641668707132339e-04
1.180000000000000000e+04 1.361765898764133453e-04 1.367106015095487237e-04 9.534195123706012964e-05 5.589656066149473190e-04 2.413867186987772584e-04 1.361765898764133453e-04 1.367106015095487237e-04 9.534195123706012964e-05 5.589656066149473190e-04 2.413867186987772584e-04
1.190000000000000000e+04 1.335733250016346574e-04 1.360019814455881715e-04 9.538746235193684697e-05 5.418765358626842499e-04 2.300506312167271972e-04 1.335733250016346574e-04 1.360019814455881715e-04 9.538746235193684697e-05 5.418765358626842499e-04 2.300506312167271972e-04
1.200000000000000000e+04 1.314021646976470947e-04 1.347512734355404973e-04 9.456806583330035210e-05 5.279252654872834682e-04 2.214876149082556367e-04 1.314021646976470947e-04 1.347512734355404973e-04 9.456806583330035210e-05 5.279252654872834682e-04 2.214876149082556367e-04
1.210000000000000000e+04 1.292854285566136241e-04 1.331491221208125353e-04 9.323340782430022955e-05 5.153503734618425369e-04 2.141999866580590606e-04 1.292854285566136241e-04 1.331491221208125353e-04 9.323340782430022955e-05 5.153503734618425369e-04 2.141999866580590606e-04
1.220000000000000000e+04 1.462871878175064921e-04 1.816023432184010744e-04 2.247010124847292900e-04 6.554356077685952187e-04 3.689307777676731348e-04 1.462871878175064921e-04 1.816023432184010744e-04 2.247010124847292900e-04 6.554356077685952187e-04 3.689307777676731348e-04
1.230000000000000000e+04 1.266136241611093283e-04 1.278858107980340719e-04 8.887526200851425529e-05 5.036807851865887642e-04 2.096749958582222462e-04 1.266136241611093283e-04 1.278858107980340719e-04 8.887526200851425529e-05 5.036807851865887642e-04 2.096749958582222462e-04
1.240000000000000000e+04 1.263268641196191311e-04 1.323779870290309191e-04 9.205617971019819379e-05 5.074867513030767441e-04 2.111441572196781635e-04 1.263268641196191311e-04 1.323779870290309191e-04 9.205617971019819379e-05 5.074867513030767441e-04 2.111441572196781635e-04
1.250000000000000000e+04 1.434828591300174594e-04 1.860257325461134315e-04 1.518492790637537837e-04 5.490499897859990597e-04 2.505496377125382423e-04 1.434828591300174594e-04 1.860257325461134315e-04 1.518492790637537837e-04 5.490499897859990597e-04 2.505496377125382423e-04
1.260000000000000000e+04 3.871865337714552879e-04 5.157053819857537746e-04 3.759629908017814159e-04 5.781548097729682922e-03 2.368656918406486511e-03 3.871865337714552879e-04 5.157053819857537746e-04 3.759629908017814159e-04 5.781548097729682922e-03 2.368656918406486511e-03
1.270000000000000000e+04 1.814874558476731181e-04 8.923180284909904003e-04 5.783631349913775921e-04 7.031942950561642647e-04 3.916291461791843176e-04 1.814874558476731181e-04 8.923180284909904003e-04 5.783631349913775921e-04 7.031942950561642647e-04 3.916291461791843176e-04
1.280000000000000000e+04 1.187236484838649631e-04 1.175034631160087883e-04 8.120170969050377607e-05 4.686901811510324478e-04 1.943136885529384017e-04 1.187236484838649631e-04 1.175034631160087883e-04 8.120170969050377607e-05 4.686901811510324478e-04 1.943136885529384017e-04
1.290000000000000000e+04 1.231427449965849519e-04 1.349167287116870284e-04 9.051729284692555666e-05 4.984988481737673283e-04 2.143745368812233210e-04 1.231427449965849519e-04 1.349167287116870284e-04 9.051729284692555666e-05 4.984988481737673283e-04 2.143745368812233210e-04
1.300000000000000000e+04 1.559711672598496079e-04 1.906619436340406537e-04 1.365145435556769371e-04 1.195209450088441372e-03 5.282409256324172020e-04 1.559711672598496079e-04 1.906619436340406537e-04 1.365145435556769371e-04 1.195209450088441372e-03 5.282409256324172020e-04
1.310000000000000000e+04 1.160647443612106144e-04 1.129065203713253140e-04 7.759495201753452420e-05 4.562526883091777563e-04 1.916557666845619678e-04 1.160647443612106144e-04 1.129065203713253140e-04 7.759495201753452420e-05 4.562526883091777563e-04 1.916557666845619678e-04
1.320000000000000000e+04 1.122110261349007487e-04 1.112184691010043025e-04 7.658964750589802861e-05 4.413487040437757969e-04 1.843719510361552238e-04 1.122110261349007487e-04 1.112184691010043025e-04 7.658964750589802861e-05 4.413487040437757969e-04 1.843719510361552238e-04
1.330000000000000000e+04 1.172291740658693016e-04 1.109148579416796565e-04 7.950578583404421806e-05 4.529113648459315300e-04 1.930555736180394888e-04 1.172291740658693016e-04 1.109148579416796565e-04 7.950578583404421806e-05 4.529113648459315300e-04 1.930555736180394888e-04
1.340000000000000000e+04 1.094886029022745788e-04 1.072594677680172026e-04 7.387506775557994843e-05 4.349293885752558708e-04 1.810595422284677625e-04 1.094886029022745788e-04 1.072594677680172026e-04 7.387506775557994843e-05 4.349293885752558708e-04 1.810595422284677625e-04
1.350000000000000000e+04 9.784270077943801880e-04 3.487638663500547409e-03 2.011714503169059753e-03 8.524191565811634064e-03 2.583663444966077805e-03 9.784270077943801880e-04 3.487638663500547409e-03 2.011714503169059753e-03 8.524191565811634064e-03 2.583663444966077805e-03
1.360000000000000000e+04 1.080035654013045132e-04 1.043445663526654243e-04 7.049876148812472820e-05 4.303487366996705532e-04 1.818286982597783208e-04 1.080035654013045132e-04 1.043445663526654243e-04 7.049876148812472820e-05 4.303487366996705532e-04 1.818286982597783208e-04
1.370000000000000000e+04 1.051607760018669069e-04 1.037072215694934130e-04 7.023983926046639681e-05 4.156670474912971258e-04 1.726603659335523844e-04 1.051607760018669069e-04 1.037072215694934130e-04 7.023983926046639681e-05 4.156670474912971258e-04 1.726603659335523844e-04
1.380000000000000000e+04 1.601199328433722258e-04 2.385724801570177078e-04 2.759862400125712156e-04 8.175702532753348351e-04 5.446840077638626099e-04 1.601199328433722258e-04 2.385724801570177078e-04 2.759862400125712156e-04 8.175702532753348351e-04 5.446840077638626099e-04
1.390000000000000000e+04 1.029410195769742131e-04 1.009017141768708825e-04 6.738828233210369945e-05 4.064921231474727392e-04 1.689253695076331496e-04 1.029410195769742131e-04 1.009017141768708825e-04 6.738828233210369945e-05 4.064921231474727392e-04 1.689253695076331496e-04
1.400000000000000000e+04 4.178775416221469641e-04 8.925008587539196014e-04 1.108109019696712494e-03 5.290310364216566086e-03 2.504166448488831520e-03 4.178775416221469641e-04 8.925008587539196014e-04 1.108109019696712494e-03 5.290310364216566086e-03 2.504166448488831520e-03
1.410000000000000000e+04 1.011997446767054498e-04 9.873919043457135558e-05 6.493462569778785110e-05 3.988692187704145908e-04 1.661982823861762881e-04 1.011997446767054498e-04 9.873919043457135558e-05 6.493462569778785110e-05 3.988692187704145908e-04 1.661982823861762881e-04
1.420000000000000000e+04 1.714993559289723635e-04 2.160303120035678148e-04 1.687315962044522166e-04 1.933577004820108414e-03 9.605303639546036720e-04 1.714993559289723635e-04 2.160303120035678148e-04 1.687315962044522166e-04 1.933577004820108414e-03 9.605303639546036720e-04
1.430000000000000000e+04 1.093288738047704101e-04 1.006575330393388867e-04 7.227366586448624730e-05 4.144429403822869062e-04 1.866631646407768130e-04 1.093288738047704101e-04 1.006575330393388867e-04 7.227366586448624730e-05 4.144429403822869062e-04 1.866631646407768130e-04
1.440000000000000000e+04 9.939836309058591723e-05 9.456728730583563447e-05 6.490570376627147198e-05 3.927077341359108686e-04 1.686596806393936276e-04 9.939836309058591723e-05 9.456728730583563447e-05 6.490570376627147198e-05 3.927077341359108686e-04 1.686596806393936276e-04
1.450000000000000000e+04 9.724172559799626470e-05 9.427046461496502161e-05 6.404484156519174576e-05 3.811832866631448269e-04 1.614507491467520595e-04 9.724172559799626470e-05 9.427046461496502161e-05 6.404484156519174576e-05 3.811832866631448269e-04 1.614507491467520595e-04
1.460000000000000000e+04 1.518099306849762797e-04 1.847958628786727786e-04 1.500076759839430451e-04 1.573732355609536171e-03 6.767737213522195816e-04 1.518099306849762797e-04 1.847958628786727786e-04 1.500076759839430451e-04 1.573732355609536171e-03 6.767737213522195816e-04
1.470000000000000000e+04 9.917072748066857457e-05 9.404296724824234843e-05 6.189092528074979782e-05 3.891668166033923626e-04 1.709244970697909594e-04 9.917072748066857457e-05 9.404296724824234843e-05 6.189092528074979782e-05 3.891668166033923626e-04 1.709244970697909594e-04
1.480000000000000000e+04 9.441808651899918914e-05 9.189423872157931328e-05 6.047116767149418592e-05 3.708249423652887344e-04 1.567711151437833905e-04 9.441808651899918914e-05 9.189423872157931328e-05 6.047116767149418592e-05 3.708249423652887344e-04 1.567711151437833905e-04
1.490000000000000000e+04 9.297692304244264960e-05 9.110272367252036929e-05 6.016291445121169090e-05 3.610750718507915735e-04 1.518674398539587855e-04 9.297692304244264960e-05 9.110272367252036929e-05 6.016291445121169090e-05 3.610750718507915735e-04 1.518674398539587855e-04
1.500000000000000000e+04 9.725257405079901218e-05 1.014794397633522749e-04 6.906704948050901294e-05 3.912725951522588730e-04 1.735953992465510964e-04 9.725257405079901218e-05 1.014794397633522749e-04 6.906704948050901294e-05 3.912725951522588730e-04 1.735953992465510964e-04
1.510000000000000000e+04 9.134069114224985242e-05 8.886453724699094892e-05 5.807833804283291101e-05 3.549611428752541542e-04 1.494078169343993068e-04 9.134069114224985242e-05 8.886453724699094892e-05 5.807833804283291101e-05 3.549611428752541542e-04 1.494078169343993068e-04
1.520000000000000000e+04 1.532388705527409911e-04 3.719861852005124092e-04 3.124851791653782129e-04 6.914247060194611549e-04 4.292048397473990917e-04 1.532388705527409911e-04 3.719861852005124092e-04 3.124851791653782129e-04 6.914247060194611549e-04 4.292048397473990917e-04
1.530000000000000000e+04 9.018736454891040921e-05 8.635486301500350237e-05 5.678252637153491378e-05 3.518876037560403347e-04 1.505827240180224180e-04 9.018736454891040921e-05 8.635486301500350237e-05 5.678252637153491378e-05 3.518876037560403347e-04 1.505827240180224180e-04
1.540000000000000000e+04 8.832360617816448212e-05 8.579220593674108386e-05 5.635920024360530078e-05 3.412594960536807775e-04 1.449537958251312375e-04 8.832360617816448212e-05 8.579220593674108386e-05 5.635920024360530078e-05 3.412594960536807775e-04 1.449537958251312375e-04
1.550000000000000000e+04 9.933450201060622931e-05 1.125898052123375237e-04 8.458270895062014461e-05 3.924324410036206245e-04 1.983617112273350358e-04 9.933450201060622931e-05 1.125898052123375237e-04 8.458270895062014461e-05 3.924324410036206245e-04 1.983617112273350358e-04
1.560000000000000000e+04 8.702081686351448298e-05 8.390727452933788300e-05 5.445555143523961306e-05 3.382985305506736040e-04 1.444568915758281946e-04 8.702081686351448298e-05 8.390727452933788300e-05 5.445555143523961306e-05 3.382985305506736040e-04 1.444568915758281946e-04
1.570000000000000000e+04 8.556922693969681859e-05 8.308635733556002378e-05 5.413568942458368838e-05 3.284853592049330473e-04 1.398899621563032269e-04 8.556922693969681859e-05 8.308635733556002378e-05 5.413568942458368838e-05 3.284853592049330473e-04 1.398899621563032269e-04
1.580000000000000000e+04 1.403473870595917106e-04 1.819686876842752099e-04 1.699210115475580096e-04 5.018838564865291119e-04 3.159214684274047613e-04 1.403473870595917106e-04 1.819686876842752099e-04 1.699210115475580096e-04 5.018838564865291119e-04 3.159214684274047613e-04
1.590000000000000000e+04 8.976256503956392407e-05 8.482374687446281314e-05 5.629123916151002049e-05 3.534615098033100367e-04 1.662688300712034106e-04 8.976256503956392407e-05 8.482374687446281314e-05 5.629123916151002049e-05 3.534615098033100367e-04 1.662688300712034106e-04
1.600000000000000000e+04 8.553024963475763798e-05 8.316177991218864918e-05 5.404272815212607384e-05 3.388433833606541157e-04 1.515624317107722163e-04 8.553024963475763798e-05 8.316177991218864918e-05 5.404272815212607384e-05 3.388433833606541157e-04 1.515624317107722163e-04
1.610000000000000000e+04 8.390058792429044843e-05 8.222336327889934182e-05 5.322866127244196832e-05 3.291417961008846760e-04 1.442199281882494688e-04 8.390058792429044843e-05 8.222336327889934182e-05 5.322866127244196832e-05 3.291417961008846760e-04 1.442199281882494688e-04
1.620000000000000000e+04 8.283623901661485434e-05 8.124097075778990984e-05 5.256234726402908564e-05 3.212999145034700632e-04 1.393297425238415599e-04 8.283623901661485434e-05 8.124097075778990984e-05 5.256234726402908564e-05 3.212999145034700632e-04 1.393297425238415599e-04
1.630000000000000000e+04 8.192453969968482852e-05 8.024380804272368550e-05 5.192184471525251865e-05 3.143689536955207586e-04 1.356372667942196131e-04 8.192453969968482852e-05 8.024380804272368550e-05 5.192184471525251865e-05 3.143689536955207586e-04 1.356372667942196131e-04
1.640000000000000000e+04 1.326491183135658503e-04 2.578134590294212103e-04 2.084990410367026925e-04 4.244484880473464727e-04 2.550519420765340328e-04 1.326491183135658503e-04 2.578134590294212103e-04 2.084990410367026925e-04 4.244484880473464727e-04 2.550519420765340328e-04
1.650000000000000000e+04 8.117677498375996947e-05 7.828509114915505052e-05 5.012030669604428113e-05 3.106709336861968040e-04 1.343144103884696960e-04 8.117677498375996947e-05 7.828509114915505052e-05 5.012030669604428113e-05 3.106709336861968040e-04 1.343144103884696960e-04
1.660000000000000000e+04 2.131543296854943037e-04 5.049247993156313896e-04 5.292971036396920681e-04 2.074918011203408241e-03 1.386279589496552944e-03 2.131543296854943037e-04 5.049247993156313896e-04 5.292971036396920681e-04 2.074918011203408241e-03 1.386279589496552944e-03
1.670000000000000000e+04 7.978648500284180045e-05 7.651055784663185477e-05 4.909953713649883866e-05 3.058987786062061787e-04 1.330837112618610263e-04 7.978648500284180045e-05 7.651055784663185477e-05 4.909953713649883866e-05 3.058987786062061787e-04 1.330837112618610263e-04
1.680000000000000000e+04 1.016350695863366127e-03 2.386126900091767311e-03 1.534899929538369179e-03 1.821643300354480743e-02 9.462359361350536346e-03 1.016350695863366127e-03 2.386126900091767311e-03 1.534899929538369179e-03 1.821643300354480743e-02 9.462359361350536346e-03
1.690000000000000000e+04 7.909424311947077513e-05 7.505628309445455670e-05 4.858824468101374805e-05 3.035910194739699364e-04 1.348219229839742184e-04 7.909424311947077513e-05 7.505628309445455670e-05 4.858824468101374805e-05 3.035910194739699364e-04 1.348219229839742184e-04
1.700000000000000000e+04 7.705319148954004049e-05 7.425023795804008842e-05 4.784096381627023220e-05 2.935408847406506538e-04 1.286928018089383841e-04 7.705319148954004049e-05 7.425023795804008842e-05 4.784096381627023220e-05 2.935408847406506538e-04 1.286928018089383841e-04
1.710000000000000000e+04 1.209482070407830179e-04 2.440420066704973578e-04 2.705626247916370630e-04 4.223564756102859974e-04 2.445035497657954693e-04 1.209482070407830179e-04 2.440420066704973578e-04 2.705626247916370630e-04 4.223564756102859974e-04 2.445035497657954693e-04
1.720000000000000000e+04 7.630284380866214633e-05 7.284910680027678609e-05 4.709416680270805955e-05 2.964217273984104395e-04 1.330997329205274582e-04 7.630284380866214633e-05 7.284910680027678609e-05 4.709416680270805955e-05 2.964217273984104395e-04 1.330997329205274582e-04
1.730000000000000000e+04 7.489325071219354868e-05 7.228089816635474563e-05 4.658977195504121482e-05 2.866661525331437588e-04 1.272991066798567772e-04 7.489325071219354868e-05 7.228089816635474563e-05 4.658977195504121482e-05 2.866661525331437588e-04 1.272991066798567772e-04
1.740000000000000000e+04 2.408099244348704815e-04 7.442207424901425838e-04 5.931517225690186024e-04 1.007338287308812141e-03 6.826022290624678135e-04 2.408099244348704815e-04 7.442207424901425838e-04 5.931517225690186024e-04 1.007338287308812141e-03 6.826022290624678135e-04
1.750000000000000000e+04 7.398914021905511618e-05 7.122593524400144815e-05 4.504916796577163041e-05 2.823638787958770990e-04 1.250266650458797812e-04 7.398914021905511618e-05 7.122593524400144815e-05 4.504916796577163041e-05 2.823638787958770990e-04 1.250266650458797812e-04
1.760000000000000000e+04 4.545021511148661375e-04 1.530245295725762844e-03 2.550857607275247574e-03 8.593808859586715698e-03 1.788847846910357475e-03 4.545021511148661375e-04 1.530245295725762844e-03 2.550857607275247574e-03 8.593808859586715698e-03 1.788847846910357475e-03
1.770000000000000000e+04 7.323752652155235410e-05 6.993531860643997788e-05 4.487159458221867681e-05 2.801916853059083223e-04 1.272284862352535129e-04 7.323752652155235410e-05 6.993531860643997788e-05 4.487159458221867681e-05 2.801916853059083223e-04 1.272284862352535129e-04
1.780000000000000000e+04 7.141883543226867914e-05 6.907222996233031154e-05 4.412204725667834282e-05 2.708106767386198044e-04 1.213604191434569657e-04 7.141883543226867914e-05 6.907222996233031154e-05 4.412204725667834282e-05 2.708106767386198044e-04 1.213604191434569657e-04
1.790000000000000000e+04 8.513785724062472582e-05 1.162020780611783266e-04 6.884205504320561886e-05 2.944380685221403837e-04 1.395399449393153191e-04 8.513785724062472582e-05 1.162020780611783266e-04 6.884205504320561886e-05 2.944380685221403837e-04 1.395399449393153191e-04
1.800000000000000000e+04 7.058613118715584278e-05 6.778499664505943656e-05 4.340262603363953531e-05 2.702157653402537107e-04 1.223717845277860761e-04 7.058613118715584278e-05 6.778499664505943656e-05 4.340262603363953531e-05 2.702157653402537107e-04 1.223717845277860761e-04
1.810000000000000000e+04 6.961182225495576859e-05 6.712535832775756717e-05 4.302473462303169072e-05 2.620796440169215202e-04 1.185492874355986714e-04 6.961182225495576859e-05 6.712535832775756717e-05 4.302473462303169072e-05 2.620796440169215202e-04 1.185492874355986714e-04
1.820000000000000000e+04 7.369568629655987024e-05 7.341799209825694561e-05 4.642321073333732784e-05 2.891572657972574234e-04 1.337027933914214373e-04 7.369568629655987024e-05 7.341799209825694561e-05 4.642321073333732784e-05 2.891572657972574234e-04 1.337027933914214373e-04
1.830000000000000000e+04 6.860048597445711493e-05 6.639573257416486740e-05 4.193174027022905648e-05 2.594473480712622404e-04 1.175652359961532056e-04 6.860048597445711493e-05 6.639573257416486740e-05 4.193174027022905648e-05 2.594473480712622404e-04 1.175652359961532056e-04
1.840000000000000000e+04 8.796431211521849036e-05 1.107466741814278066e-04 8.298669854411855340e-05 6.275007035583257675e-04 3.228082496207207441e-04 8.796431211521849036e-05 1.107466741814278066e-04 8.298669854411855340e-05 6.275007035583257675e-04 3.228082496207207441e-04
1.850000000000000000e+04 9.381322888657450676e-05 9.359768591821193695e-05 7.535733311669901013e-05 3.175598103553056717e-04 1.895916793728247285e-04 9.381322888657450676e-05 9.359768591821193695e-05 7.535733311669901013e-05 3.175598103553056717e-04 1.895916793728247285e-04
1.860000000000000000e+04 7.148921577027067542e-05 6.931375537533313036e-05 4.570070814224891365e-05 2.788276178762316704e-04 1.394541322952136397e-04 7.148921577027067542e-05 6.931375537533313036e-05 4.570070814224891365e-05 2.788276178762316704e-04 1.394541322952136397e-04
1.870000000000000000e+04 6.842149741714820266e-05 6.725111597916111350e-05 4.318564970162697136e-05 2.669973764568567276e-04 1.267286716029047966e-04 6.842149741714820266e-05 6.725111597916111350e-05 4.318564970162697136e-05 2.669973764568567276e-04 1.267286716029047966e-04
1.880000000000000000e+04 6.724736886098980904e-05 6.605545786442235112e-05 4.212561179883778095e-05 2.591215597931295633e-04 1.202351195388473570e-04 6.724736886098980904e-05 6.605545786442235112e-05 4.212561179883778095e-05 2.591215597931295633e-04 1.202351195388473570e-04
1.890000000000000000e+04 6.653501623077318072e-05 6.505258352262899280e-05 4.142467878409661353e-05 2.528204640839248896e-04 1.160522151621989906e-04 6.653501623077318072e-05 6.505258352262899280e-05 4.142467878409661353e-05 2.528204640839248896e-04 1.160522151621989906e-04
1.900000000000000000e+04 6.594362639589235187e-05 6.414961535483598709e-05 4.086943590664304793e-05 2.473268250469118357e-04 1.130261371145024896e-04 6.594362639589235187e-05 6.414961535483598709e-05 4.086943590664304793e-05 2.473268250469118357e-04 1.130261371145024896e-04
1.910000000000000000e+04 6.664504326181486249e-05 6.492421380244195461e-05 4.256001921021379530e-05 2.479226095601916313e-04 1.158116574515588582e-04 6.664504326181486249e-05 6.492421380244195461e-05 4.256001921021379530e-05 2.479226095601916313e-04 1.158116574515588582e-04
1.920000000000000000e+04 6.625556852668523788e-05 6.479240983026102185e-05 4.103698665858246386e-05 2.464208519086241722e-04 1.148287265095859766e-04 6.625556852668523788e-05 6.479240983026102185e-05 4.103698665858246386e-05 2.464208519086241722e-04 1.148287265095859766e-04
1.930000000000000000e+04 6.020091823302209377e-04 1.343879965133965015e-03 1.004306133836507797e-03 1.329140644520521164e-02 6.800475530326366425e-03 6.020091823302209377e-04 1.343879965133965015e-03 1.004306133836507797e-03 1.329140644520521164e-02 6.800475530326366425e-03
1.940000000000000000e+04 6.492823013104498386e-05 6.259890506044030190e-05 3.968886085203848779e-05 2.424013073323294520e-04 1.133929108618758619e-04 6.492823013104498386e-05 6.259890506044030190e-05 3.968886085203848779e-05 2.424013073323294520e-04 1.133929108618758619e-04
1.950000000000000000e+04 6.326491711661219597e-05 6.121520709712058306e-05 3.906428901245817542e-05 2.346111868973821402e-04 1.089236175175756216e-04 6.326491711661219597e-05 6.121520709712058306e-05 3.906428901245817542e-05 2.346111868973821402e-04 1.089236175175756216e-04
1.960000000000000000e+04 7.595709757879376411e-05 1.020831332425586879e-04 7.663861470064148307e-05 2.692274865694344044e-04 1.431842683814466000e-04 7.595709757879376411e-05 1.020831332425586879e-04 7.663861470064148307e-05 2.692274865694344044e-04 1.431842683814466000e-04
1.970000000000000000e+04 6.275741179706528783e-05 6.044912515790201724e-05 3.947738514398224652e-05 2.372391463723033667e-04 1.137395011028274894e-04 6.275741179706528783e-05 6.044912515790201724e-05 3.947738514398224652e-05 2.372391463723033667e-04 1.137395011028274894e-04
1.980000000000000000e+04 6.184179801493883133e-05 5.976561806164681911e-05 3.879132054862566292e-05 2.300405321875587106e-04 1.091447484213858843e-04 6.184179801493883133e-05 5.976561806164681911e-05 3.879132054862566292e-05 2.300405321875587106e-04 1.091447484213858843e-04
1.990000000000000000e+04 7.498834747821092606e-05 1.160292958957143128e-04 9.139022586168721318e-05 5.190161173231899738e-04 1.864862133515998721e-04 7.498834747821092606e-05 1.160292958957143128e-04 9.139022586168721318e-05 5.190161173231899738e-04 1.864862133515998721e-04
2.000000000000000000e+04 6.116146687418222427e-05 5.908859020564705133e-05 3.774444849113933742e-05 2.259089815197512507e-04 1.069819918484427035e-04 6.116146687418222427e-05 5.908859020564705133e-05 3.774444849113933742e-05 2.259089815197512507e-04 1.069819918484427035e-04
2.000000000000000000e+04 6.116146687418222427e-05 5.908859020564705133e-05 3.774444849113933742e-05 2.259089815197512507e-04 1.069819918484427035e-04 6.116146687418222427e-05 5.908859020564705133e-05 3.774444849113933742e-05 2.259089815197512507e-04 1.069819918484427035e-04
2.010000000000000000e+04 6.073919576010666788e-05 5.890045213163830340e-05 3.738373561645857990e-05 2.249093668069690466e-04 1.070347789209336042e-04 6.073919576010666788e-05 5.890045213163830340e-05 3.738373561645857990e-05 2.249093668069690466e-04 1.070347789209336042e-04
2.020000000000000000e+04 6.069783921702764928e-05 5.856880306964740157e-05 3.732561890501528978e-05 2.224960189778357744e-04 1.055971442838199437e-04 6.069783921702764928e-05 5.856880306964740157e-05 3.732561890501528978e-05 2.224960189778357744e-04 1.055971442838199437e-04
2.030000000000000000e+04 6.044277688488364220e-05 5.818888530484400690e-05 3.719625965459272265e-05 2.200459712184965611e-04 1.044091550284065306e-04 6.044277688488364220e-05 5.818888530484400690e-05 3.719625965459272265e-05 2.200459712184965611e-04 1.044091550284065306e-04
2.040000000000000000e+04 6.015018516336567700e-05 5.770829739049077034e-05 3.699148510349914432e-05 2.174401306547224522e-04 1.032254876918159425e-04 6.015018516336567700e-05 5.770829739049077034e-05 3.699148510349914432e-05 2.174401306547224522e-04 1.032254876918159425e-04
2.050000000000000000e+04 5.981777576380409300e-05 5.715613224310800433e-05 3.673814717330969870e-05 2.146747719962149858e-04 1.020488853100687265e-04 5.981777576380409300e-05 5.715613224310800433e-05 3.673814717330969870e-05 2.146747719962149858e-04 1.020488853100687265e-04
2.060000000000000000e+04 5.943135693087242544e-05 5.655096174450591207e-05 3.645609467639587820e-05 2.117634867317974567e-04 1.008903054753318429e-04 5.943135693087242544e-05 5.655096174450591207e-05 3.645609467639587820e-05 2.117634867317974567e-04 1.008903054753318429e-04
2.070000000000000000e+04 5.898481686017476022e-05 5.590244109043851495e-05 3.615236710174940526e-05 2.087214088533073664e-04 9.974943532142788172e-05 5.898481686017476022e-05 5.590244109043851495e-05 3.615236710174940526e-05 2.087214088533073664e-04 9.974943532142788172e-05
2.080000000000000000e+04 5.848118962603621185e-05 5.519008846022188663e-05 3.586975799407809973e-05 2.055757504422217607e-04 9.869404311757534742e-05 5.848118962603621185e-05 5.519008846022188663e-05 3.586975799407809973e-05 2.055757504422217607e-04 9.869404311757534742e-05
2.090000000000000000e+04 5.793604577775113285e-05 5.449316813610494137e-05 3.556875162757933140e-05 2.023595006903633475e-04 9.763457637745887041e-05 5.793604577775113285e-05 5.449316813610494137e-05 3.556875162757933140e-05 2.023595006903633475e-04 9.763457637745887041e-05
2.100000000000000000e+04 5.738078471040353179e-05 5.396088818088173866e-05 3.528164234012365341e-05 1.990929304156452417e-04 9.660868090577423573e-05 5.738078471040353179e-05 5.396088818088173866e-05 3.528164234012365341e-05 1.990929304156452417e-04 9.660868090577423573e-05
2.110000000000000000e+04 5.679703826899640262e-05 5.308152321958914399e-05 3.493425901979207993e-05 1.961718808161094785e-04 9.556852455716580153e-05 5.679703826899640262e-05 5.308152321958914399e-05 3.493425901979207993e-05 1.961718808161094785e-04 9.556852455716580153e-05
2.120000000000000000e+04 5.635918205371126533e-05 5.323684308677911758e-05 3.531506081344559789e-05 1.941571827046573162e-04 9.440315625397488475e-05 5.635918205371126533e-05 5.323684308677911758e-05 3.531506081344559789e-05 1.941571827046573162e-04 9.440315625397488475e-05
2.130000000000000000e+04 5.593041714746505022e-05 5.363661693991161883e-05 3.580091288313269615e-05 1.918741472763940692e-04 9.349843458039686084e-05 5.593041714746505022e-05 5.363661693991161883e-05 3.580091288313269615e-05 1.918741472763940692e-04 9.349843458039686084e-05
2.140000000000000000e+04 5.498837344930507243e-05 5.105824311613105237e-05 3.407055191928520799e-05 1.868697872851043940e-04 9.290501475334167480e-05 5.498837344930507243e-05 5.105824311613105237e-05 3.407055191928520799e-05 1.868697872851043940e-04 9.290501475334167480e-05
2.150000000000000000e+04 5.439313463284634054e-05 5.036987931816838682e-05 3.378947803867049515e-05 1.838725875131785870e-04 9.205943206325173378e-05 5.439313463284634054e-05 5.036987931816838682e-05 3.378947803867049515e-05 1.838725875131785870e-04 9.205943206325173378e-05
2.160000000000000000e+04 5.381073788157664239e-05 4.973209797753952444e-05 3.351564737386070192e-05 1.811819674912840128e-04 9.109191887546330690e-05 5.381073788157664239e-05 4.973209797753952444e-05 3.351564737386070192e-05 1.811819674912840128e-04 9.109191887546330690e-05
2.170000000000000000e+04 5.312788198352791369e-05 5.174534817342646420e-05 3.370429840288124979e-05 1.777510478859767318e-04 9.135855361819267273e-05 5.312788198352791369e-05 5.174534817342646420e-05 3.370429840288124979e-05 1.777510478859767318e-04 9.135855361819267273e-05
2.180000000000000000e+04 5.285557199385948479e-05 4.962834282196126878e-05 3.406512769288383424e-05 1.748994400259107351e-04 9.037182462634518743e-05 5.285557199385948479e-05 4.962834282196126878e-05 3.406512769288383424e-05 1.748994400259107351e-04 9.037182462634518743e-05
2.190000000000000000e+04 5.228474401519633830e-05 5.309738480718806386e-05 3.645042306743562222e-05 1.751796953612938523e-04 9.084270277526229620e-05 5.228474401519633830e-05 5.309738480718806386e-05 3.645042306743562222e-05 1.751796953612938523e-04 9.084270277526229620e-05
2.200000000000000000e+04 5.157945633982308209e-05 4.743301906273700297e-05 3.251866655773483217e-05 1.699975546216592193e-04 8.838541543809697032e-05 5.157945633982308209e-05 4.743301906273700297e-05 3.251866655773483217e-05 1.699975546216592193e-04 8.838541543809697032e-05
2.210000000000000000e+04 5.110017082188278437e-05 4.798699592356570065e-05 3.354851287440396845e-05 1.688837801339104772e-04 8.950282062869518995e-05 5.110017082188278437e-05 4.798699592356570065e-05 3.354851287440396845e-05 1.688837801339104772e-04 8.950282062869518995e-05
2.220000000000000000e+04 5.047548984293825924e-05 4.651226845453493297e-05 3.245752304792404175e-05 1.699550484772771597e-04 8.872784383129328489e-05 5.047548984293825924e-05 4.651226845453493297e-05 3.245752304792404175e-05 1.699550484772771597e-04 8.872784383129328489e-05
2.230000000000000000e+04 4.988039654563181102e-05 4.576556966640055180e-05 3.178522456437349319e-05 1.657316897762939334e-04 8.707711822353303432e-05 4.988039654563181102e-05 4.576556966640055180e-05 3.178522456437349319e-05 1.657316897762939334e-04 8.707711822353303432e-05
2.240000000000000000e+04 4.936007462674751878e-05 4.546273339656181633e-05 3.136375744361430407e-05 1.599523675395175815e-04 8.548003825126215816e-05 4.936007462674751878e-05 4.546273339656181633e-05 3.136375744361430407e-05 1.599523675395175815e-04 8.548003825126215816e-05
2.250000000000000000e+04 4.921115032630041242e-05 4.694821473094634712e-05 3.330400068080052733e-05 1.579373347340151668e-04 8.546754543203860521e-05 4.921115032630041242e-05 4.694821473094634712e-05 3.330400068080052733e-05 1.579373347340151668e-04 8.546754543203860521e-05
2.260000000000000000e+04 4.839543180423788726e-05 4.410243491292931139e-05 3.087497316300868988e-05 1.554877962917089462e-04 8.396046905545517802e-05 4.839543180423788726e-05 4.410243491292931139e-05 3.087497316300868988e-05 1.554877962917089462e-04 8.396046905545517802e-05
2.270000000000000000e+04 4.795573477167636156e-05 4.369451926322653890e-05 3.068356090807355940e-05 1.532676105853170156e-04 8.347729453817009926e-05 4.795573477167636156e-05 4.369451926322653890e-05 3.068356090807355940e-05 1.532676105853170156e-04 8.347729453817009926e-05
2.280000000000000000e+04 5.191602031118236482e-05 5.908091770834289491e-05 4.549876030068844557e-05 2.110944187734276056e-04 1.213968353113159537e-04 5.191602031118236482e-05 5.908091770834289491e-05 4.549876030068844557e-05 2.110944187734276056e-04 1.213968353113159537e-04
2.290000000000000000e+04 5.653704283758997917e-05 6.699403456877917051e-05 5.450089884107001126e-05 3.028885112144052982e-04 1.662674476392567158e-04 5.653704283758997917e-05 6.699403456877917051e-05 5.450089884107001126e-05 3.028885112144052982e-04 1.662674476392567158e-04
2.300000000000000000e+04 4.659514888771809638e-05 4.226527744322083890e-05 2.996009789058007300e-05 1.471423602197319269e-04 8.145409810822457075e-05 4.659514888771809638e-05 4.226527744322083890e-05 2.996009789058007300e-05 1.471423602197319269e-04 8.145409810822457075e-05
2.310000000000000000e+04 4.663587242248468101e-05 4.333912511356174946e-05 3.142797868349589407e-05 1.592368207639083266e-04 8.686864748597145081e-05 4.663587242248468101e-05 4.333912511356174946e-05 3.142797868349589407e-05 1.592368207639083266e-04 8.686864748597145081e-05
2.320000000000000000e+04 4.731320586870424449e-05 4.712487498181872070e-05 3.521542384987697005e-05 1.813475828384980559e-04 9.913912799675017595e-05 4.731320586870424449e-05 4.712487498181872070e-05 3.521542384987697005e-05 1.813475828384980559e-04 9.913912799675017595e-05
2.330000000000000000e+04 4.771641761180944741e-05 4.844439172302372754e-05 3.679336805362254381e-05 1.683864247752353549e-04 9.806724847294390202e-05 4.771641761180944741e-05 4.844439172302372754e-05 3.679336805362254381e-05 1.683864247752353549e-04 9.806724847294390202e-05
2.340000000000000000e+04 4.560232991934753954e-05 4.836962398258037865e-05 3.345035656820982695e-05 1.425984082743525505e-04 7.964460382936522365e-05 4.560232991934753954e-05 4.836962398258037865e-05 3.345035656820982695e-05 1.425984082743525505e-04 7.964460382936522365e-05
2.350000000000000000e+04 4.451378481462597847e-05 4.015054219053126872e-05 2.889354436774738133e-05 1.375689753331243992e-04 7.842052582418546081e-05 4.451378481462597847e-05 4.015054219053126872e-05 2.889354436774738133e-05 1.375689753331243992e-04 7.842052582418546081e-05
2.360000000000000000e+04 4.977858770871534944e-05 5.627086648019030690e-05 4.432183413882739842e-05 2.207963843829929829e-04 1.201320410473272204e-04 4.977858770871534944e-05 5.627086648019030690e-05 4.432183413882739842e-05 2.207963843829929829e-04 1.201320410473272204e-04
2.370000000000000000e+04 4.374137643026188016e-05 3.937312067137099802e-05 2.846959614544175565e-05 1.340840681223198771e-04 7.724708848400041461e-05 4.374137643026188016e-05 3.937312067137099802e-05 2.846959614544175565e-05 1.340840681223198771e-04 7.724708848400041461e-05
2.380000000000000000e+04 4.749756408273242414e-05 5.424322807812131941e-05 4.137076757615432143e-05 2.162310847779735923e-04 1.234808150911703706e-04 4.749756408273242414e-05 5.424322807812131941e-05 4.137076757615432143e-05 2.162310847779735923e-04 1.234808150911703706e-04
2.390000000000000000e+04 4.301250737626105547e-05 3.864840982714667916e-05 2.809767465805634856e-05 1.306060585193336010e-04 7.613325578859075904e-05 4.301250737626105547e-05 3.864840982714667916e-05 2.809767465805634856e-05 1.306060585193336010e-04 7.613325578859075904e-05
2.400000000000000000e+04 4.424373400979675353e-05 4.303696914575994015e-05 3.215263859601691365e-05 1.524709514342248440e-04 8.524478471372276545e-05 4.424373400979675353e-05 4.303696914575994015e-05 3.215263859601691365e-05 1.524709514342248440e-04 8.524478471372276545e-05
2.410000000000000000e+04 4.231244383845478296e-05 3.793018913711421192e-05 2.773100277408957481e-05 1.273931120522320271e-04 7.505718531319871545e-05 4.231244383845478296e-05 3.793018913711421192e-05 2.773100277408957481e-05 1.273931120522320271e-04 7.505718531319871545e-05
2.420000000000000000e+04 4.271075522410683334e-05 4.321128290030173957e-05 3.299731906736269593e-05 1.361031318083405495e-04 7.530366565333679318e-05 4.271075522410683334e-05 4.321128290030173957e-05 3.299731906736269593e-05 1.361031318083405495e-04 7.530366565333679318e-05
2.430000000000000000e+04 4.163213088759221137e-05 3.726056093000806868e-05 2.736319220275618136e-05 1.243518345290794969e-04 7.402841583825647831e-05 4.163213088759221137e-05 3.726056093000806868e-05 2.736319220275618136e-05 1.243518345290794969e-04 7.402841583825647831e-05
2.440000000000000000e+04 4.353870463091880083e-05 4.364251071820035577e-05 3.292599649284966290e-05 1.522819075034931302e-04 9.027888154378160834e-05 4.353870463091880083e-05 4.364251071820035577e-05 3.292599649284966290e-05 1.522819075034931302e-04 9.027888154378160834e-05
2.450000000000000000e+04 4.095909753232263029e-05 3.660260335891507566e-05 2.699646756809670478e-05 1.213445430039428174e-04 7.298568380065262318e-05 4.095909753232263029e-05 3.660260335891507566e-05 2.699646756809670478e-05 1.213445430039428174e-04 7.298568380065262318e-05
2.460000000000000000e+04 4.095927579328417778e-05 3.739652674994431436e-05 2.779045462375506759e-05 1.214624353451654315e-04 7.377512520179152489e-05 4.095927579328417778e-05 3.739652674994431436e-05 2.779045462375506759e-05 1.214624353451654315e-04 7.377512520179152489e-05
2.470000000000000000e+04 4.027852992294356227e-05 3.593545261537656188e-05 2.665356259967666119e-05 1.186793015222065151e-04 7.187252049334347248e-05 4.027852992294356227e-05 3.593545261537656188e-05 2.665356259967666119e-05 1.186793015222065151e-04 7.187252049334347248e-05
2.480000000000000000e+04 3.998905594926327467e-05 3.565754741430282593e-05 2.647299697855487466e-05 1.169768074760213494e-04 7.147729047574102879e-05 3.998905594926327467e-05 3.565754741430282593e-05 2.647299697855487466e-05 1.169768074760213494e-04 7.147729047574102879e-05
2.490000000000000000e+04 3.962655318900942802e-05 3.576967719709500670e-05 2.657097684277687222e-05 1.183378481073305011e-04 7.185833237599581480e-05 3.962655318900942802e-05 3.576967719709500670e-05 2.657097684277687222e-05 1.183378481073305011e-04 7.185833237599581480e-05
2.500000000000000000e+04 3.943539195461198688e-05 3.574068978196009994e-05 2.631230199767742306e-05 1.141524699050933123e-04 7.047371764201670885e-05 3.943539195461198688e-05 3.574068978196009994e-05 2.631230199767742306e-05 1.141524699050933123e-04 7.047371764201670885e-05
2.510000000000000000e+04 3.904333789250813425e-05 3.479480074020102620e-05 2.596806916699279100e-05 1.128463482018560171e-04 6.997278251219540834e-05 3.904333789250813425e-05 3.479480074020102620e-05 2.596806916699279100e-05 1.128463482018560171e-04 6.997278251219540834e-05
2.520000000000000000e+04 3.912831380148418248e-05 3.617797119659371674e-05 2.686090010683983564e-05 1.145439673564396799e-04 7.137139618862420321e-05 3.912831380148418248e-05 3.617797119659371674e-05 2.686090010683983564e-05 1.145439673564396799e-04 7.137139618862420321e-05
2.530000000000000000e+04 4.488346894504502416e-05 5.385198892327025533e-05 4.157549483352340758e-05 2.338232152396813035e-04 1.241329446202144027e-04 4.488346894504502416e-05 5.385198892327025533e-05 4.157549483352340758e-05 2.338232152396813035e-04 1.241329446202144027e-04
2.540000000000000000e+04 3.811271744780242443e-05 3.383799776202067733e-05 2.543684968259185553e-05 1.090119039872661233e-04 6.847488111816346645e-05 3.811271744780242443e-05 3.383799776202067733e-05 2.543684968259185553e-05 1.090119039872661233e-04 6.847488111816346645e-05
2.550000000000000000e+04 3.780212136916816235e-05 3.361450944794341922e-05 2.526151001802645624e-05 1.078074419638141990e-04 6.794604269089177251e-05 3.780212136916816235e-05 3.361450944794341922e-05 2.526151001802645624e-05 1.078074419638141990e-04 6.794604269089177251e-05
2.560000000000000000e+04 3.756834485102444887e-05 3.371962884557433426e-05 2.549066994106397033e-05 1.099135624826885760e-04 6.863462476758286357e-05 3.756834485102444887e-05 3.371962884557433426e-05 2.549066994106397033e-05 1.099135624826885760e-04 6.863462476758286357e-05
2.570000000000000000e+04 3.724311318364925683e-05 3.321065742056816816e-05 2.504257281543686986e-05 1.068504643626511097e-04 6.774817302357405424e-05 3.724311318364925683e-05 3.321065742056816816e-05 2.504257281543686986e-05 1.068504643626511097e-04 6.774817302357405424e-05
2.580000000000000000e+04 3.823616498266346753e-05 3.811161877820268273e-05 2.915889854193665087e-05 1.343359617749229074e-04 8.097371028270572424e-05 3.823616498266346753e-05 3.811161877820268273e-05 2.915889854193665087e-05 1.343359617749229074e-04 8.097371028270572424e-05
2.590000000000000000e+04 3.665922122308984399e-05 3.248541906941682100e-05 2.463310192979406565e-05 1.027552571031264961e-04 6.611902063013985753e-05 3.665922122308984399e-05 3.248541906941682100e-05 2.463310192979406565e-05 1.027552571031264961e-04 6.611902063013985753e-05
2.600000000000000000e+04 3.638178168330341578e-05 3.242457751184701920e-05 2.453959314152598381e-05 1.024033190333284438e-04 6.606677197851240635e-05 3.638178168330341578e-05 3.242457751184701920e-05 2.453959314152598381e-05 1.024033190333284438e-04 6.606677197851240635e-05
2.610000000000000000e+04 3.622135409386828542e-05 3.344982906128279865e-05 2.534541454224381596e-05 1.071875012712553144e-04 6.743208359694108367e-05 3.622135409386828542e-05 3.344982906128279865e-05 2.534541454224381596e-05 1.071875012712553144e-04 6.743208359694108367e-05
2.620000000000000000e+04 3.597684917622245848e-05 3.209876376786269248e-05 2.453816341585479677e-05 1.001952623482793570e-04 6.537802255479618907e-05 3.597684917622245848e-05 3.209876376786269248e-05 2.453816341585479677e-05 1.001952623482793570e-04 6.537802255479618907e-05
2.630000000000000000e+04 3.553110582288354635e-05 3.146394374198280275e-05 2.399358345428481698e-05 9.835498349275439978e-05 6.435474642785266042e-05 3.553110582288354635e-05 3.146394374198280275e-05 2.399358345428481698e-05 9.835498349275439978e-05 6.435474642785266042e-05
2.640000000000000000e+04 3.526717773638665676e-05 3.123429996776394546e-05 2.392319765931461006e-05 9.726171992952004075e-05 6.380777631420642138e-05 3.526717773638665676e-05 3.123429996776394546e-05 2.392319765931461006e-05 9.726171992952004075e-05 6.380777631420642138e-05
2.650000000000000000e+04 3.500597813399508595e-05 3.100114554399624467e-05 2.370144102314952761e-05 9.610010602045804262e-05 6.346498412312939763e-05 3.500597813399508595e-05 3.100114554399624467e-05 2.370144102314952761e-05 9.610010602045804262e-05 6.346498412312939763e-05
2.660000000000000000e+04 3.917268986697308719e-05 4.909382914775051177e-05 3.701288733282126486e-05 1.443426735932007432e-04 9.797655366128310561e-05 3.917268986697308719e-05 4.909382914775051177e-05 3.701288733282126486e-05 1.443426735932007432e-04 9.797655366128310561e-05
2.670000000000000000e+04 3.455304613453336060e-05 3.088926678174175322e-05 2.366916487517300993e-05 9.633263834984973073e-05 6.378891703207045794e-05 3.455304613453336060e-05 3.088926678174175322e-05 2.366916487517300993e-05 9.633263834984973073e-05 6.378891703207045794e-05
2.680000000000000000e+04 3.423523230594582856e-05 3.032273889402858913e-05 2.333464180992450565e-05 9.294673509430140257e-05 6.220173236215487123e-05 3.423523230594582856e-05 3.032273889402858913e-05 2.333464180992450565e-05 9.294673509430140257e-05 6.220173236215487123e-05
2.690000000000000000e+04 3.399712659302167594e-05 3.011483568116091192e-05 2.316639438504353166e-05 9.198078623740002513e-05 6.180230411700904369e-05 3.399712659302167594e-05 3.011483568116091192e-05 2.316639438504353166e-05 9.198078623740002513e-05 6.180230411700904369e-05
2.700000000000000000e+04 3.481087696854956448e-05 3.324019780848175287e-05 2.576268707343842834e-05 1.033406588248908520e-04 6.751557521056383848e-05 3.481087696854956448e-05 3.324019780848175287e-05 2.576268707343842834e-05 1.033406588248908520e-04 6.751557521056383848e-05
2.710000000000000000e+04 3.346221274114213884e-05 2.963658880617003888e-05 2.286121161887422204e-05 9.017983393277972937e-05 6.102670886320993304e-05 3.346221274114213884e-05 2.963658880617003888e-05 2.286121161887422204e-05 9.017983393277972937e-05 6.102670886320993304e-05
2.720000000000000000e+04 3.319419920444488525e-05 2.941718776128254831e-05 2.276178383908700198e-05 8.912922203307971358e-05 6.054725963622331619e-05 3.319419920444488525e-05 2.941718776128254831e-05 2.276178383908700198e-05 8.912922203307971358e-05 6.054725963622331619e-05
2.730000000000000000e+04 3.322166230645962059e-05 3.066439603571780026e-05 2.441875949443783611e-05 9.006381878862157464e-05 6.079736704123206437e-05 3.322166230645962059e-05 3.066439603571780026e-05 2.441875949443783611e-05 9.006381878862157464e-05 6.079736704123206437e-05
2.740000000000000000e+04 3.273687616456300020e-05 2.901253537856973708e-05 2.245160249003674835e-05 8.713783608982339501e-05 5.973738734610378742e-05 3.273687616456300020e-05 2.901253537856973708e-05 2.245160249003674835e-05 8.713783608982339501e-05 5.973738734610378742e-05
2.750000000000000000e+04 3.249854853493161500e-05 2.882396438508294523e-05 2.230629070254508406e-05 8.623974281363189220e-05 5.939241600572131574e-05 3.249854853493161500e-05 2.882396438508294523e-05 2.230629070254508406e-05 8.623974281363189220e-05 5.939241600572131574e-05
2.760000000000000000e+04 3.281050885561853647e-05 3.095269130426459014e-05 2.376052361796610057e-05 9.115920693147927523e-05 6.259221845539286733e-05 3.281050885561853647e-05 3.095269130426459014e-05 2.376052361796610057e-05 9.115920693147927523e-05 6.259221845539286733e-05
2.770000000000000000e+04 3.207973350072279572e-05 2.938747820735443383e-05 2.228839184681419283e-05 8.485512807965278625e-05 5.858503209310583770e-05 3.207973350072279572e-05 2.938747820735443383e-05 2.228839184681419283e-05 8.485512807965278625e-05 5.858503209310583770e-05
2.780000000000000000e+04 3.176450627506710589e-05 2.820159352268092334e-05 2.189897350035607815e-05 8.361071377294138074e-05 5.821460217703133821e-05 3.176450627506710589e-05 2.820159352268092334e-05 2.189897350035607815e-05 8.361071377294138074e-05 5.821460217703133821e-05
2.790000000000000000e+04 3.512353578116744757e-05 4.345962224761024117e-05 3.199552884325385094e-05 1.472818112233653665e-04 9.481530287303030491e-05 3.512353578116744757e-05 4.345962224761024117e-05 3.199552884325385094e-05 1.472818112233653665e-04 9.481530287303030491e-05
2.800000000000000000e+04 3.130691402475349605e-05 2.782742376439273357e-05 2.164562465623021126e-05 8.189299842342734337e-05 5.742622670368291438e-05 3.130691402475349605e-05 2.782742376439273357e-05 2.164562465623021126e-05 8.189299842342734337e-05 5.742622670368291438e-05
2.810000000000000000e+04 3.117649976047687232e-05 2.804131509037688375e-05 2.174557812395505607e-05 8.174194226739928126e-05 5.733720172429457307e-05 3.117649976047687232e-05 2.804131509037688375e-05 2.174557812395505607e-05 8.174194226739928126e-05 5.733720172429457307e-05
2.820000000000000000e+04 3.085224307142198086e-05 2.745255187619477510e-05 2.138083254976663738e-05 8.029973832890391350e-05 5.670277460012584925e-05 3.085224307142198086e-05 2.745255187619477510e-05 2.138083254976663738e-05 8.029973832890391350e-05 5.670277460012584925e-05
2.830000000000000000e+04 3.062916221097111702e-05 2.731048334680963308e-05 2.130227585439570248e-05 7.955208275234326720e-05 5.639356095343828201e-05 3.062916221097111702e-05 2.731048334680963308e-05 2.130227585439570248e-05 7.955208275234326720e-05 5.639356095343828201e-05
2.840000000000000000e+04 3.042349635506980121e-05 2.759926064754836261e-05 2.165444493584800512e-05 8.060613617999479175e-05 5.711723497370257974e-05 3.042349635506980121e-05 2.759926064754836261e-05 2.165444493584800512e-05 8.060613617999479175e-05 5.711723497370257974e-05
2.850000000000000000e+04 3.017006929439958185e-05 2.690719520614948124e-05 2.098842378472909331e-05 7.799065497238188982e-05 5.566583786276169121e-05 3.017006929439958185e-05 2.690719520614948124e-05 2.098842378472909331e-05 7.799065497238188982e-05 5.566583786276169121e-05
2.860000000000000000e+04 2.998700983880553395e-05 2.707100065890699625e-05 2.108361150021664798e-05 7.743221067357808352e-05 5.525831511477008462e-05 2.998700983880553395e-05 2.707100065890699625e-05 2.108361150021664798e-05 7.743221067357808352e-05 5.525831511477008462e-05
2.870000000000000000e+04 3.142514833598397672e-05 3.359146285220049322e-05 2.506188320694491267e-05 1.100554218282923102e-04 7.089335122145712376e-05 3.142514833598397672e-05 3.359146285220049322e-05 2.506188320694491267e-05 1.100554218282923102e-04 7.089335122145712376e-05
2.880000000000000000e+04 2.969971683342009783e-05 2.696727278816979378e-05 2.109594242938328534e-05 7.693516818108037114e-05 5.528009933186694980e-05 2.969971683342009783e-05 2.696727278816979378e-05 2.109594242938328534e-05 7.693516818108037114e-05 5.528009933186694980e-05
2.890000000000000000e+04 2.929911534010898322e-05 2.623357067932374775e-05 2.051627598120830953e-05 7.491875294363126159e-05 5.422323010861873627e-05 2.929911534010898322e-05 2.623357067932374775e-05 2.051627598120830953e-05 7.491875294363126159e-05 5.422323010861873627e-05
2.900000000000000000e+04 3.573813228285871446e-05 5.255595533526502550e-05 3.931195169570855796e-05 1.700883585726842284e-04 1.018104812828823924e-04 3.573813228285871446e-05 5.255595533526502550e-05 3.931195169570855796e-05 1.700883585726842284e-04 1.018104812828823924e-04
2.910000000000000000e+04 2.886501715693157166e-05 2.588303868833463639e-05 2.024274363066069782e-05 7.349007501034066081e-05 5.354132372303865850e-05 2.886501715693157166e-05 2.588303868833463639e-05 2.024274363066069782e-05 7.349007501034066081e-05 5.354132372303865850e-05
2.920000000000000000e+04 2.915711229434236884e-05 2.895568832173012197e-05 2.278521969856228679e-05 8.463870472041890025e-05 5.985518146189861000e-05 2.915711229434236884e-05 2.895568832173012197e-05 2.278521969856228679e-05 8.463870472041890025e-05 5.985518146189861000e-05
2.930000000000000000e+04 2.945520282082725316e-05 2.903929271269589663e-05 2.266386945848353207e-05 8.315453305840492249e-05 5.868960215593688190e-05 2.945520282082725316e-05 2.903929271269589663e-05 2.266386945848353207e-05 8.315453305840492249e-05 5.868960215593688190e-05
2.940000000000000000e+04 3.210005525033921003e-05 4.404196806717664003e-05 3.318663584650494158e-05 1.201039995066821575e-04 8.264651842182502151e-05 3.210005525033921003e-05 4.404196806717664003e-05 3.318663584650494158e-05 1.201039995066821575e-04 8.264651842182502151e-05
2.950000000000000000e+04 2.803380630211904645e-05 2.524521187297068536e-05 1.976812927750870585e-05 7.070666470099240541e-05 5.220304592512547970e-05 2.803380630211904645e-05 2.524521187297068536e-05 1.976812927750870585e-05 7.070666470099240541e-05 5.220304592512547970e-05
2.960000000000000000e+04 2.882448097807355225e-05 2.867165676434524357e-05 2.278236752317752689e-05 7.666285819141194224e-05 5.551987851504236460e-05 2.882448097807355225e-05 2.867165676434524357e-05 2.278236752317752689e-05 7.666285819141194224e-05 5.551987851504236460e-05
2.970000000000000000e+04 2.764095370366703719e-05 2.494506043149158359e-05 1.954980143636930734e-05 6.937002035556361079e-05 5.154660902917385101e-05 2.764095370366703719e-05 2.494506043149158359e-05 1.954980143636930734e-05 6.937002035556361079e-05 5.154660902917385101e-05
2.980000000000000000e+04 2.762277654255740345e-05 2.549469900259282440e-05 1.984649316000286490e-05 6.978051533224061131e-05 5.170493022887967527e-05 2.762277654255740345e-05 2.549469900259282440e-05 1.984649316000286490e-05 6.978051533224061131e-05 5.170493022887967527e-05
2.990000000000000000e+04 2.725292324612382799e-05 2.464859244355466217e-05 1.932569284690544009e-05 6.815521192038431764e-05 5.096090899314731359e-05 2.725292324612382799e-05 2.464859244355466217e-05 1.932569284690544009e-05 6.815521192038431764e-05 5.096090899314731359e-05
3.000000000000000000e+04 2.705222686927299947e-05 2.450143620080780238e-05 1.920644535857718438e-05 6.753618072252720594e-05 5.063759454060345888e-05 2.705222686927299947e-05 2.450143620080780238e-05 1.920644535857718438e-05 6.753618072252720594e-05 5.063759454060345888e-05
