# step, loss_train, loss_test, metrics_test
0.000000000000000000e+00 1.242985762655735016e-02 6.848065853118896484e-01 1.212779339402914047e-02 2.705804705619812012e-01 1.269653346389532089e-02 6.848065853118896484e-01 1.212779339402914047e-02 2.705804705619812012e-01
1.000000000000000000e+03 4.839277826249599457e-03 1.207815948873758316e-02 1.414117123931646347e-02 1.014244859106838703e-03 4.329510964453220367e-03 1.207815948873758316e-02 1.414117123931646347e-02 1.014244859106838703e-03
2.000000000000000000e+03 9.031880181282758713e-04 3.451580414548516273e-04 2.899755956605076790e-03 3.004163154400885105e-04 7.887054234743118286e-04 3.451580414548516273e-04 2.899755956605076790e-03 3.004163154400885105e-04
3.000000000000000000e+03 4.156359937041997910e-04 2.876468643080443144e-04 1.896642963401973248e-03 1.542240788694471121e-04 3.386338648851960897e-04 2.876468643080443144e-04 1.896642963401973248e-03 1.542240788694471121e-04
4.000000000000000000e+03 3.395965904928743839e-04 2.091818751068785787e-04 1.379109802655875683e-03 1.197584206238389015e-04 2.438787487335503101e-04 2.091818751068785787e-04 1.379109802655875683e-03 1.197584206238389015e-04
5.000000000000000000e+03 2.453407214488834143e-04 1.435279409633949399e-04 9.668117854744195938e-04 1.164692439488135278e-04 1.802145998226478696e-04 1.435279409633949399e-04 9.668117854744195938e-04 1.164692439488135278e-04
6.000000000000000000e+03 2.198430011048913002e-04 9.906206105370074511e-05 7.052266737446188927e-04 1.159307212219573557e-04 1.789375091902911663e-04 9.906206105370074511e-05 7.052266737446188927e-04 1.159307212219573557e-04
7.000000000000000000e+03 1.998035149881616235e-04 7.449590339092537761e-05 5.163954338058829308e-04 1.148565788753330708e-04 1.603169221198186278e-04 7.449590339092537761e-05 5.163954338058829308e-04 1.148565788753330708e-04
8.000000000000000000e+03 1.748344511725008488e-04 5.519329715752974153e-05 3.719310625456273556e-04 1.042318908730521798e-04 1.382271875627338886e-04 5.519329715752974153e-05 3.719310625456273556e-04 1.042318908730521798e-04
9.000000000000000000e+03 1.717749255476519465e-04 4.317891216487623751e-05 2.756378962658345699e-04 8.632579556433483958e-05 1.474844175390899181e-04 4.317891216487623751e-05 2.756378962658345699e-04 8.632579556433483958e-05
1.000000000000000000e+04 1.421232445864006877e-04 3.181769352522678673e-05 1.847380481194704771e-04 7.726559852017089725e-05 1.284131431020796299e-04 3.181769352522678673e-05 1.847380481194704771e-04 7.726559852017089725e-05
1.100000000000000000e+04 1.218600082211196423e-04 2.541605135775171220e-05 1.314612163696438074e-04 6.027088238624855876e-05 1.131682947743684053e-04 2.541605135775171220e-05 1.314612163696438074e-04 6.027088238624855876e-05
1.200000000000000000e+04 1.084058385458774865e-04 2.336673060199245811e-05 1.100935623981058598e-04 3.756574005819857121e-05 1.070297294063493609e-04 2.336673060199245811e-05 1.100935623981058598e-04 3.756574005819857121e-05
1.300000000000000000e+04 6.775800284231081605e-05 2.023072192969266325e-05 8.334060112247243524e-05 2.669063906068913639e-05 6.930773815838620067e-05 2.023072192969266325e-05 8.334060112247243524e-05 2.669063906068913639e-05
1.400000000000000000e+04 4.337766949902288616e-05 2.033509554166812450e-05 7.590819586766883731e-05 1.725961556076072156e-05 4.605902358889579773e-05 2.033509554166812450e-05 7.590819586766883731e-05 1.725961556076072156e-05
1.500000000000000000e+04 2.788978417811449617e-05 2.105440580635331571e-05 7.152249600039795041e-05 1.287227314605843276e-05 3.059536538785323501e-05 2.105440580635331571e-05 7.152249600039795041e-05 1.287227314605843276e-05
1.600000000000000000e+04 1.756818892317824066e-05 2.075178053928539157e-05 6.976996519370004535e-05 9.432236765860579908e-06 1.938006244017742574e-05 2.075178053928539157e-05 6.976996519370004535e-05 9.432236765860579908e-06
1.700000000000000000e+04 1.260165390704059973e-05 2.081148159049917012e-05 6.838320405222475529e-05 7.904760423116385937e-06 1.413779500580858439e-05 2.081148159049917012e-05 6.838320405222475529e-05 7.904760423116385937e-06
1.800000000000000000e+04 1.028459428198402748e-05 2.055713775916956365e-05 6.772446067770943046e-05 7.378849204542348161e-06 1.141983193519990891e-05 2.055713775916956365e-05 6.772446067770943046e-05 7.378849204542348161e-06
1.900000000000000000e+04 8.887303920346312225e-06 2.078060970234218985e-05 6.604960799450054765e-05 6.446566203521797433e-06 1.007778246275847778e-05 2.078060970234218985e-05 6.604960799450054765e-05 6.446566203521797433e-06
2.000000000000000000e+04 7.838792953407391906e-06 2.048119677056092769e-05 6.462250894401222467e-05 6.168256732053123415e-06 8.856721251504495740e-06 2.048119677056092769e-05 6.462250894401222467e-05 6.168256732053123415e-06
2.100000000000000000e+04 1.672356302151456475e-04 3.443866808083839715e-05 1.229117187904193997e-04 5.053513086750172079e-05 1.631134364288300276e-04 3.443866808083839715e-05 1.229117187904193997e-04 5.053513086750172079e-05
2.200000000000000000e+04 1.074808824341744184e-05 2.214601045125164092e-05 6.500473682535812259e-05 7.047572580631822348e-06 1.153214179794304073e-05 2.214601045125164092e-05 6.500473682535812259e-05 7.047572580631822348e-06
2.300000000000000000e+04 2.060121623799204826e-04 3.733843550435267389e-05 1.341834868071600795e-04 6.145796942291781306e-05 2.020937972702085972e-04 3.733843550435267389e-05 1.341834868071600795e-04 6.145796942291781306e-05
2.400000000000000000e+04 6.437939191528130323e-06 1.921179136843420565e-05 5.946675446466542780e-05 5.449615400721086189e-06 6.954107448109425604e-06 1.921179136843420565e-05 5.946675446466542780e-05 5.449615400721086189e-06
2.500000000000000000e+04 6.270146513998042792e-06 1.880255149444565177e-05 5.820136721013113856e-05 5.314954705681884661e-06 6.704269253532402217e-06 1.880255149444565177e-05 5.820136721013113856e-05 5.314954705681884661e-06
2.600000000000000000e+04 5.401368835009634495e-04 5.172295641386881471e-05 2.586280170362442732e-04 1.956889318535104394e-04 5.308332620188593864e-04 5.172295641386881471e-05 2.586280170362442732e-04 1.956889318535104394e-04
2.700000000000000000e+04 6.409064553736243397e-06 1.772310679371003062e-05 5.571662404690869153e-05 5.483750101120676845e-06 6.713420134474290535e-06 1.772310679371003062e-05 5.571662404690869153e-05 5.483750101120676845e-06
2.800000000000000000e+04 5.958688234386499971e-06 1.740342304401565343e-05 5.449125819723121822e-05 4.974596322426805273e-06 6.230905455595348030e-06 1.740342304401565343e-05 5.449125819723121822e-05 4.974596322426805273e-06
2.900000000000000000e+04 5.902830253035062924e-06 1.698578307696152478e-05 5.331303691491484642e-05 4.777022240887163207e-06 6.164215847093146294e-06 1.698578307696152478e-05 5.331303691491484642e-05 4.777022240887163207e-06
3.000000000000000000e+04 5.858133590663783252e-06 1.637780042074155062e-05 5.211477036937139928e-05 4.766599886352196336e-06 6.064531589800026268e-06 1.637780042074155062e-05 5.211477036937139928e-05 4.766599886352196336e-06
3.100000000000000000e+04 6.896073955431347713e-06 1.558656367706134915e-05 5.111944119562394917e-05 5.464609785121865571e-06 7.105291842890437692e-06 1.558656367706134915e-05 5.111944119562394917e-05 5.464609785121865571e-06
3.200000000000000000e+04 5.824354502692585811e-06 1.530876761535182595e-05 4.980149242328479886e-05 4.559190529107581824e-06 5.990936188027262688e-06 1.530876761535182595e-05 4.980149242328479886e-05 4.559190529107581824e-06
3.300000000000000000e+04 5.834514013258740306e-06 1.475812496209982783e-05 4.866641756962053478e-05 4.463464392756577581e-06 5.975099611532641575e-06 1.475812496209982783e-05 4.866641756962053478e-05 4.463464392756577581e-06
3.400000000000000000e+04 5.861316367372637615e-06 1.421890010533388704e-05 4.754424298880621791e-05 4.374922355054877698e-06 5.981329195492435247e-06 1.421890010533388704e-05 4.754424298880621791e-05 4.374922355054877698e-06
3.500000000000000000e+04 5.903172223042929545e-06 1.368014090985525399e-05 4.641677878680638969e-05 4.274345428711967543e-06 5.992752903694054112e-06 1.368014090985525399e-05 4.641677878680638969e-05 4.274345428711967543e-06
3.600000000000000000e+04 5.960388079984113574e-06 1.312641779804835096e-05 4.527695637079887092e-05 4.192178039374994114e-06 6.020668479322921485e-06 1.312641779804835096e-05 4.527695637079887092e-05 4.192178039374994114e-06
3.700000000000000000e+04 6.031297743902541697e-06 1.258090651390375569e-05 4.417092350195161998e-05 4.074511707585770637e-06 6.050679985492024571e-06 1.258090651390375569e-05 4.417092350195161998e-05 4.074511707585770637e-06
3.800000000000000000e+04 6.155090432002907619e-06 1.201463328470708802e-05 4.313202589401043952e-05 3.956681212002877146e-06 6.098265657783485949e-06 1.201463328470708802e-05 4.313202589401043952e-05 3.956681212002877146e-06
3.900000000000000000e+04 6.191092325025238097e-06 1.147953662439249456e-05 4.201320916763506830e-05 3.915846718882676214e-06 6.146528903627768159e-06 1.147953662439249456e-05 4.201320916763506830e-05 3.915846718882676214e-06
4.000000000000000000e+04 6.311495326372096315e-06 1.097484255296876654e-05 4.106952110305428505e-05 3.769070644921157509e-06 6.215661869646282867e-06 1.097484255296876654e-05 4.106952110305428505e-05 3.769070644921157509e-06
4.100000000000000000e+04 5.067060919827781618e-05 1.076943408406805247e-05 4.679431367549113929e-05 6.957775440241675824e-06 4.732935485662892461e-05 1.076943408406805247e-05 4.679431367549113929e-05 6.957775440241675824e-06
4.200000000000000000e+04 6.730856512149330229e-06 9.925564881996251643e-06 3.913937325705774128e-05 3.569090267774299718e-06 6.481060154328588396e-06 9.925564881996251643e-06 3.913937325705774128e-05 3.569090267774299718e-06
4.300000000000000000e+04 6.569686320290202275e-06 9.451581718167290092e-06 3.800537524512037635e-05 3.556152933015255257e-06 6.418784323614090681e-06 9.451581718167290092e-06 3.800537524512037635e-05 3.556152933015255257e-06
4.400000000000000000e+04 6.643838332820450887e-06 8.994746167445555329e-06 3.705564449774101377e-05 3.485158458715886809e-06 6.481808213720796630e-06 8.994746167445555329e-06 3.705564449774101377e-05 3.485158458715886809e-06
4.500000000000000000e+04 6.784990546293556690e-06 9.111600775213446468e-06 3.620148709160275757e-05 3.139816271868767217e-06 6.666850822512060404e-06 9.111600775213446468e-06 3.620148709160275757e-05 3.139816271868767217e-06
4.600000000000000000e+04 7.808148438925854862e-06 8.355611498700454831e-06 3.563852442312054336e-05 3.168258899677312002e-06 7.253685453179059550e-06 8.355611498700454831e-06 3.563852442312054336e-05 3.168258899677312002e-06
4.700000000000000000e+04 6.802944881201256067e-06 7.715894753346219659e-06 3.432478479226119816e-05 3.234983296351856552e-06 6.482309345301473513e-06 7.715894753346219659e-06 3.432478479226119816e-05 3.234983296351856552e-06
4.800000000000000000e+04 5.897939263377338648e-05 8.309669283335097134e-06 4.616496880771592259e-05 1.882678043330088258e-05 5.779686398454941809e-05 8.309669283335097134e-06 4.616496880771592259e-05 1.882678043330088258e-05
4.900000000000000000e+04 6.815263986936770380e-06 6.935478722880361602e-06 3.255520277889445424e-05 3.094904968747869134e-06 6.417484655685257167e-06 6.935478722880361602e-06 3.255520277889445424e-05 3.094904968747869134e-06
5.000000000000000000e+04 6.856881554995197803e-06 6.521438990603201091e-06 3.166590249747969210e-05 3.126374622297589667e-06 6.479091553046600893e-06 6.521438990603201091e-06 3.166590249747969210e-05 3.126374622297589667e-06
5.100000000000000000e+04 6.894254056533100083e-06 6.255440439417725429e-06 3.087020377279259264e-05 2.848034000635379925e-06 6.300441782514099032e-06 6.255440439417725429e-06 3.087020377279259264e-05 2.848034000635379925e-06
5.200000000000000000e+04 6.750102329533547163e-06 5.854171831742860377e-06 2.992514600919093937e-05 2.869092895707581192e-06 6.212128937477245927e-06 5.854171831742860377e-06 2.992514600919093937e-05 2.869092895707581192e-06
5.300000000000000000e+04 6.718039912811946124e-06 5.494807737704832107e-06 2.901107109209988266e-05 2.825890987878665328e-06 6.167405899759614840e-06 5.494807737704832107e-06 2.901107109209988266e-05 2.825890987878665328e-06
5.400000000000000000e+04 9.824858716456219554e-05 5.787888312625000253e-06 4.298470958019606769e-05 2.060865517705678940e-05 9.491066157352179289e-05 5.787888312625000253e-06 4.298470958019606769e-05 2.060865517705678940e-05
5.500000000000000000e+04 6.617774488404393196e-06 4.867439656663918868e-06 2.729779043875169009e-05 2.654142917890567333e-06 5.977970431558787823e-06 4.867439656663918868e-06 2.729779043875169009e-05 2.654142917890567333e-06
5.600000000000000000e+04 8.850378071656450629e-05 9.501793101662769914e-06 4.593661287799477577e-05 1.630376573302783072e-05 8.129270281642675400e-05 9.501793101662769914e-06 4.593661287799477577e-05 1.630376573302783072e-05
5.700000000000000000e+04 6.573689461220055819e-06 4.360941602499224246e-06 2.542259608162567019e-05 2.484516699041705579e-06 6.028942152624949813e-06 4.360941602499224246e-06 2.542259608162567019e-05 2.484516699041705579e-06
5.800000000000000000e+04 6.866524927318096161e-06 4.159837317274650559e-06 2.465464967826846987e-05 2.299933385074837133e-06 6.217393092811107635e-06 4.159837317274650559e-06 2.465464967826846987e-05 2.299933385074837133e-06
5.900000000000000000e+04 6.851958914921851829e-06 3.919519713235786185e-06 2.373612005612812936e-05 2.226373453595442697e-06 6.277366082940716296e-06 3.919519713235786185e-06 2.373612005612812936e-05 2.226373453595442697e-06
6.000000000000000000e+04 6.885042239446192980e-06 3.728884621523320675e-06 2.286372364324051887e-05 2.141543973266379908e-06 6.381705134117510170e-06 3.728884621523320675e-06 2.286372364324051887e-05 2.141543973266379908e-06
6.100000000000000000e+04 7.326033028220990673e-06 3.214457365174894221e-06 2.199204755015671253e-05 2.832665586538496427e-06 6.833181942056398839e-06 3.214457365174894221e-06 2.199204755015671253e-05 2.832665586538496427e-06
6.200000000000000000e+04 6.607052000617841259e-06 3.160945880154031329e-06 2.096398384310305119e-05 2.132183226422057487e-06 6.231390671018743888e-06 3.160945880154031329e-06 2.096398384310305119e-05 2.132183226422057487e-06
6.300000000000000000e+04 6.644390396104427055e-06 2.942621449619764462e-06 2.013870107475668192e-05 2.072627466986887157e-06 6.307708645181264728e-06 2.942621449619764462e-06 2.013870107475668192e-05 2.072627466986887157e-06
6.400000000000000000e+04 3.553736314643174410e-05 3.938338522857520729e-06 2.463863347657024860e-05 4.963369519828120247e-06 3.393242513993754983e-05 3.938338522857520729e-06 2.463863347657024860e-05 4.963369519828120247e-06
6.500000000000000000e+04 6.792370186303742230e-06 2.525903255445882678e-06 1.892127511382568628e-05 2.754673460003687069e-06 6.428842425520997494e-06 2.525903255445882678e-06 1.892127511382568628e-05 2.754673460003687069e-06
6.600000000000000000e+04 7.152836587920319289e-06 2.581434955573058687e-06 1.784754749678540975e-05 1.773120402503991500e-06 7.033123893052106723e-06 2.581434955573058687e-06 1.784754749678540975e-05 1.773120402503991500e-06
6.700000000000000000e+04 6.602976100111845881e-06 2.370020865782862529e-06 1.693473313935101032e-05 1.780008460627868772e-06 6.463012141466606408e-06 2.370020865782862529e-06 1.693473313935101032e-05 1.780008460627868772e-06
6.800000000000000000e+04 6.624815796385519207e-06 2.249339559057261795e-06 1.623986463528126478e-05 1.700201778476184700e-06 6.569497600139584392e-06 2.249339559057261795e-06 1.623986463528126478e-05 1.700201778476184700e-06
6.900000000000000000e+04 6.528619906021049246e-06 2.102676262438762933e-06 1.548280306451488286e-05 1.683413302089320496e-06 6.495245997939491645e-06 2.102676262438762933e-06 1.548280306451488286e-05 1.683413302089320496e-06
7.000000000000000000e+04 6.510297225759131834e-06 1.982753019547089934e-06 1.483241976529825479e-05 1.630829729037941433e-06 6.546852091560140252e-06 1.982753019547089934e-06 1.483241976529825479e-05 1.630829729037941433e-06
7.100000000000000000e+04 1.561372482683509588e-04 3.695590294228168204e-06 3.124528302578255534e-05 1.514884752396028489e-05 1.487274712417274714e-04 3.695590294228168204e-06 3.124528302578255534e-05 1.514884752396028489e-05
7.200000000000000000e+04 6.323963589238701388e-06 1.793333808564057108e-06 1.350600905425380915e-05 1.566617356729693711e-06 6.448522071877960116e-06 1.793333808564057108e-06 1.350600905425380915e-05 1.566617356729693711e-06
7.300000000000000000e+04 6.263865088840248063e-06 1.736186732159694657e-06 1.286326278204796836e-05 1.484765562054235488e-06 6.484532605099957436e-06 1.736186732159694657e-06 1.286326278204796836e-05 1.484765562054235488e-06
7.400000000000000000e+04 6.162708814372308552e-06 1.660568273109674919e-06 1.227492066391278058e-05 1.448647935831104405e-06 6.445761755458079278e-06 1.660568273109674919e-06 1.227492066391278058e-05 1.448647935831104405e-06
7.500000000000000000e+04 6.411019057850353420e-06 3.647391622507711872e-06 1.315086410613730550e-05 1.824422611207410228e-06 7.037757313810288906e-06 3.647391622507711872e-06 1.315086410613730550e-05 1.824422611207410228e-06
7.600000000000000000e+04 5.969102403469150886e-06 1.535768888061284088e-06 1.113902726501692086e-05 1.365607317893591244e-06 6.394620868377387524e-06 1.535768888061284088e-06 1.113902726501692086e-05 1.365607317893591244e-06
7.700000000000000000e+04 7.501379968744004145e-06 1.700918346614344046e-06 1.097925542126176879e-05 1.316388079430907965e-06 8.287734999612439424e-06 1.700918346614344046e-06 1.097925542126176879e-05 1.316388079430907965e-06
7.800000000000000000e+04 7.117061613826081157e-06 1.344811153103364632e-06 1.024595985654741526e-05 1.676352667345781811e-06 7.283321792783681303e-06 1.344811153103364632e-06 1.024595985654741526e-05 1.676352667345781811e-06
7.900000000000000000e+04 1.216214150190353394e-05 1.770521976141026244e-06 1.069952850230038166e-05 1.690855810920766089e-06 1.312849872192600742e-05 1.770521976141026244e-06 1.069952850230038166e-05 1.690855810920766089e-06
8.000000000000000000e+04 1.735306068439967930e-05 1.254547328244370874e-06 9.996062544814776629e-06 2.598704213596647605e-06 1.626099401619285345e-05 1.254547328244370874e-06 9.996062544814776629e-06 2.598704213596647605e-06
8.100000000000000000e+04 5.369504378904821351e-06 1.307445359088887926e-06 8.774053640081547201e-06 1.207804075420426670e-06 6.187783128552837297e-06 1.307445359088887926e-06 8.774053640081547201e-06 1.207804075420426670e-06
8.200000000000000000e+04 5.229253474681172520e-06 1.293754394282586873e-06 8.376905498153064400e-06 1.180075059892260469e-06 6.097080586187075824e-06 1.293754394282586873e-06 8.376905498153064400e-06 1.180075059892260469e-06
8.300000000000000000e+04 5.403512204793514684e-06 1.318621571044786833e-06 8.082369276962708682e-06 1.110083076127921231e-06 6.468015726568410173e-06 1.318621571044786833e-06 8.082369276962708682e-06 1.110083076127921231e-06
8.400000000000000000e+04 1.077275646821362898e-05 1.585705376783153042e-06 8.521468771505169570e-06 1.474982241234101821e-06 1.211757808050606400e-05 1.585705376783153042e-06 8.521468771505169570e-06 1.474982241234101821e-06
8.500000000000000000e+04 5.717216936318436638e-06 1.309860294895770494e-06 7.373256266873795539e-06 1.070302005246048793e-06 7.027887477306649089e-06 1.309860294895770494e-06 7.373256266873795539e-06 1.070302005246048793e-06
8.600000000000000000e+04 4.788806108990684152e-06 1.209064066642895341e-06 6.931401003384962678e-06 1.074183728633215651e-06 5.959403097222093493e-06 1.209064066642895341e-06 6.931401003384962678e-06 1.074183728633215651e-06
8.700000000000000000e+04 4.676647222368046641e-06 1.194848891827859916e-06 6.605973339901538566e-06 1.065007950273866300e-06 5.885101472813403234e-06 1.194848891827859916e-06 6.605973339901538566e-06 1.065007950273866300e-06
8.800000000000000000e+04 5.464628429763251916e-06 4.184044883004389703e-06 8.183239515346940607e-06 1.753498395373753738e-06 6.804860277043189853e-06 4.184044883004389703e-06 8.183239515346940607e-06 1.753498395373753738e-06
8.900000000000000000e+04 5.217833404458360747e-06 1.302571035921573639e-06 7.080835985107114539e-06 2.349071564822224900e-06 6.583230060641653836e-06 1.302571035921573639e-06 7.080835985107114539e-06 2.349071564822224900e-06
9.000000000000000000e+04 4.381779490358894691e-06 1.168421022157417610e-06 5.799703558295732364e-06 1.011286030916380696e-06 5.783932920166989788e-06 1.168421022157417610e-06 5.799703558295732364e-06 1.011286030916380696e-06
9.100000000000000000e+04 4.325060672272229567e-06 1.157692395281628706e-06 5.556746600632322952e-06 9.942931455952930264e-07 5.803175554319750518e-06 1.157692395281628706e-06 5.556746600632322952e-06 9.942931455952930264e-07
9.200000000000000000e+04 1.658615838096011430e-05 1.182981122838100418e-06 6.226096047612372786e-06 1.455089432056411169e-06 1.759550468705128878e-05 1.182981122838100418e-06 6.226096047612372786e-06 1.455089432056411169e-06
9.300000000000000000e+04 4.189473202131921425e-06 1.166127503893221729e-06 5.099979716760572046e-06 9.554141797707416117e-07 5.758338375017046928e-06 1.166127503893221729e-06 5.099979716760572046e-06 9.554141797707416117e-07
9.400000000000000000e+04 3.065804776269942522e-05 1.973398411792004481e-06 8.079828148765955120e-06 3.299347554275300354e-06 3.126611773041076958e-05 1.973398411792004481e-06 8.079828148765955120e-06 3.299347554275300354e-06
9.500000000000000000e+04 4.229586920700967312e-06 1.128263534155848902e-06 4.741717475553741679e-06 9.531075875202077441e-07 5.918077476962935179e-06 1.128263534155848902e-06 4.741717475553741679e-06 9.531075875202077441e-07
9.600000000000000000e+04 4.078573965671239421e-06 1.179648506877128966e-06 4.542123406281461939e-06 9.151910376203886699e-07 5.781846539321122691e-06 1.179648506877128966e-06 4.542123406281461939e-06 9.151910376203886699e-07
9.700000000000000000e+04 3.930397269868990406e-06 1.127477048612490762e-06 4.378695848572533578e-06 9.378569529872038402e-07 5.532781415240606293e-06 1.127477048612490762e-06 4.378695848572533578e-06 9.378569529872038402e-07
9.800000000000000000e+04 3.800681497523328289e-06 1.137022763941786252e-06 4.216975412418833002e-06 9.339746043224295136e-07 5.361598596209660172e-06 1.137022763941786252e-06 4.216975412418833002e-06 9.339746043224295136e-07
9.900000000000000000e+04 1.084635550796519965e-05 1.243723090738058090e-05 1.258674819837324321e-05 5.994347702653612942e-06 1.149945092038251460e-05 1.243723090738058090e-05 1.258674819837324321e-05 5.994347702653612942e-06
1.000000000000000000e+05 3.636484279923024587e-06 1.142928226727235597e-06 3.936890152544947341e-06 9.098783380068198312e-07 5.295767550705932081e-06 1.142928226727235597e-06 3.936890152544947341e-06 9.098783380068198312e-07
1.010000000000000000e+05 3.579058557079406455e-06 1.141913571700570174e-06 3.789332822634605691e-06 9.017931006383150816e-07 5.251990387478144839e-06 1.141913571700570174e-06 3.789332822634605691e-06 9.017931006383150816e-07
1.020000000000000000e+05 3.545761046552797779e-06 1.092893626264412887e-06 3.704631353684817441e-06 9.311100370723579545e-07 5.254185452940873802e-06 1.092893626264412887e-06 3.704631353684817441e-06 9.311100370723579545e-07
1.030000000000000000e+05 3.452312284935032949e-06 1.135786192207888234e-06 3.561570792953716591e-06 8.925757128963596188e-07 5.139680979482363909e-06 1.135786192207888234e-06 3.561570792953716591e-06 8.925757128963596188e-07
1.040000000000000000e+05 3.175514939357526600e-05 1.203750912281975616e-06 4.398394139570882544e-06 2.015815198319614865e-06 3.058474976569414139e-05 1.203750912281975616e-06 4.398394139570882544e-06 2.015815198319614865e-06
1.050000000000000000e+05 4.512122541200369596e-05 2.139382786481291987e-06 3.986297087976709008e-06 1.305231990045285784e-06 4.106663254788145423e-05 2.139382786481291987e-06 3.986297087976709008e-06 1.305231990045285784e-06
1.060000000000000000e+05 3.683717750391224399e-06 1.284426048187015112e-06 3.257020580349490047e-06 8.110865223898144905e-07 5.169576979824341834e-06 1.284426048187015112e-06 3.257020580349490047e-06 8.110865223898144905e-07
1.070000000000000000e+05 3.207760073564713821e-06 1.133358409788343124e-06 3.165604539390187711e-06 8.740327643863565754e-07 4.883324891125084832e-06 1.133358409788343124e-06 3.165604539390187711e-06 8.740327643863565754e-07
1.080000000000000000e+05 1.735766709316521883e-04 1.297628614338464104e-06 1.595611865923274308e-05 1.537791104055941105e-05 1.593682973179966211e-04 1.297628614338464104e-06 1.595611865923274308e-05 1.537791104055941105e-05
1.090000000000000000e+05 3.091033477176097222e-06 1.131348540184262674e-06 2.996459215864888392e-06 8.656920158500724938e-07 4.747406819660682231e-06 1.131348540184262674e-06 2.996459215864888392e-06 8.656920158500724938e-07
1.100000000000000000e+05 3.031417008969583549e-06 1.121024297390249558e-06 2.926055458374321461e-06 8.709862981959304307e-07 4.653702944779070094e-06 1.121024297390249558e-06 2.926055458374321461e-06 8.709862981959304307e-07
1.110000000000000000e+05 4.310229087423067540e-06 4.797443580173421651e-06 5.328832230588886887e-06 2.116548330377554521e-06 5.804864485980942845e-06 4.797443580173421651e-06 5.328832230588886887e-06 2.116548330377554521e-06
1.120000000000000000e+05 2.914337756010354497e-06 1.131308522417384665e-06 2.798147988869459368e-06 8.537588769286230672e-07 4.504652679315768182e-06 1.131308522417384665e-06 2.798147988869459368e-06 8.537588769286230672e-07
1.130000000000000000e+05 6.455248694692272693e-06 9.703902605906478129e-07 3.222596205887384713e-06 1.583458356435585301e-06 7.167232524807332084e-06 9.703902605906478129e-07 3.222596205887384713e-06 1.583458356435585301e-06
1.140000000000000000e+05 2.810028490785043687e-06 1.125029370996344369e-06 2.649611815286334604e-06 8.511235591868171468e-07 4.402314516482874751e-06 1.125029370996344369e-06 2.649611815286334604e-06 8.511235591868171468e-07
1.150000000000000000e+05 2.979045348183717579e-06 1.370013592350005638e-06 2.577622581156902015e-06 7.414693072860245593e-07 4.484555574890691787e-06 1.370013592350005638e-06 2.577622581156902015e-06 7.414693072860245593e-07
1.160000000000000000e+05 1.492946557846153155e-05 1.363218984806735534e-06 3.529082050590659492e-06 1.524000936115044169e-06 1.649903424549847841e-05 1.363218984806735534e-06 3.529082050590659492e-06 1.524000936115044169e-06
1.170000000000000000e+05 2.865096575987990946e-06 1.148411683971062303e-06 2.504400754332891665e-06 8.266887334684724919e-07 4.545970114122610539e-06 1.148411683971062303e-06 2.504400754332891665e-06 8.266887334684724919e-07
1.180000000000000000e+05 2.687776941456831992e-06 1.139507617153867614e-06 2.429669393677613698e-06 8.275168852378556039e-07 4.277329935575835407e-06 1.139507617153867614e-06 2.429669393677613698e-06 8.275168852378556039e-07
1.190000000000000000e+05 2.766237457763054408e-06 1.087569785340747330e-06 2.385371317359386012e-06 8.552576105103071313e-07 4.402773811307270080e-06 1.087569785340747330e-06 2.385371317359386012e-06 8.552576105103071313e-07
1.200000000000000000e+05 2.685744902919395827e-06 1.120323076975182630e-06 2.320172370673390105e-06 8.327828027177019976e-07 4.302863089833408594e-06 1.120323076975182630e-06 2.320172370673390105e-06 8.327828027177019976e-07
1.210000000000000000e+05 2.458028575347270817e-06 1.117376768888789229e-06 2.266852789034601301e-06 8.344504749402403831e-07 3.934446795028634369e-06 1.117376768888789229e-06 2.266852789034601301e-06 8.344504749402403831e-07
1.220000000000000000e+05 5.889361091249156743e-06 1.023422441903676372e-06 2.498643652870669030e-06 1.243299493580707349e-06 6.554710580530809239e-06 1.023422441903676372e-06 2.498643652870669030e-06 1.243299493580707349e-06
1.230000000000000000e+05 2.467446847731480375e-06 1.162425292022817302e-06 2.184720869990997016e-06 8.033467224777268711e-07 3.986831870861351490e-06 1.162425292022817302e-06 2.184720869990997016e-06 8.033467224777268711e-07
1.240000000000000000e+05 2.332664053028565831e-06 1.049106799655419309e-06 2.159444647986674681e-06 8.945698368734156247e-07 3.767637053897487931e-06 1.049106799655419309e-06 2.159444647986674681e-06 8.945698368734156247e-07
1.250000000000000000e+05 2.277001613038009964e-06 1.100845679502526764e-06 2.097336619044654071e-06 8.345654123331769370e-07 3.717864728969288990e-06 1.100845679502526764e-06 2.097336619044654071e-06 8.345654123331769370e-07
1.260000000000000000e+05 2.238579099866910838e-06 1.113747998715552967e-06 2.048086116701597348e-06 8.208810982068825979e-07 3.647203129730769433e-06 1.113747998715552967e-06 2.048086116701597348e-06 8.208810982068825979e-07
1.270000000000000000e+05 2.225962816737592220e-06 1.098888560591149144e-06 2.018668283199076541e-06 8.335793495461985003e-07 3.579082203941652551e-06 1.098888560591149144e-06 2.018668283199076541e-06 8.335793495461985003e-07
1.280000000000000000e+05 2.075264455925207585e-05 1.125031417359423358e-06 2.718774567256332375e-06 1.499005520599894226e-06 2.206165299867279828e-05 1.125031417359423358e-06 2.718774567256332375e-06 1.499005520599894226e-06
1.290000000000000000e+05 2.376587190155987628e-06 1.092304387384501752e-06 1.960609324669349007e-06 8.561432878195773810e-07 3.578830728656612337e-06 1.092304387384501752e-06 1.960609324669349007e-06 8.561432878195773810e-07
1.300000000000000000e+05 2.192019383073784411e-05 7.137392458389513195e-06 9.793850949790794402e-06 6.770878826500847936e-06 2.130359280272386968e-05 7.137392458389513195e-06 9.793850949790794402e-06 6.770878826500847936e-06
1.310000000000000000e+05 2.036176965702907182e-06 1.134160015681118239e-06 1.870281721494393423e-06 7.963157031554146670e-07 3.356598881509853527e-06 1.134160015681118239e-06 1.870281721494393423e-06 7.963157031554146670e-07
1.320000000000000000e+05 1.999854248424526304e-06 1.116148951041395776e-06 1.834995600802358240e-06 8.056536557887739036e-07 3.328851107653463259e-06 1.116148951041395776e-06 1.834995600802358240e-06 8.056536557887739036e-07
1.330000000000000000e+05 9.375930858368519694e-06 1.173359692074882332e-06 2.067775767500279471e-06 8.825939517009828705e-07 1.279328535019885749e-05 1.173359692074882332e-06 2.067775767500279471e-06 8.825939517009828705e-07
1.340000000000000000e+05 7.689461199333891273e-06 1.092518232326256111e-06 2.030184532486600801e-06 1.002320118459465448e-06 9.001886610349174589e-06 1.092518232326256111e-06 2.030184532486600801e-06 1.002320118459465448e-06
1.350000000000000000e+05 2.062499261228367686e-04 2.523377361285383813e-06 1.354506275674793869e-05 1.281064487557159737e-05 2.047342713922262192e-04 2.523377361285383813e-06 1.354506275674793869e-05 1.281064487557159737e-05
1.360000000000000000e+05 1.889427721835090779e-06 1.091411149900523014e-06 1.742293534334748983e-06 8.182136070900014602e-07 3.073625748584163375e-06 1.091411149900523014e-06 1.742293534334748983e-06 8.182136070900014602e-07
1.370000000000000000e+05 1.832769953580282163e-06 1.106808440454187803e-06 1.701206429061130621e-06 7.997608690857305191e-07 3.087568529736017808e-06 1.106808440454187803e-06 1.701206429061130621e-06 7.997608690857305191e-07
1.380000000000000000e+05 1.794189756765263155e-06 1.093733089874149300e-06 1.687237613623437937e-06 8.064879466473939829e-07 3.010947921211482026e-06 1.093733089874149300e-06 1.687237613623437937e-06 8.064879466473939829e-07
1.390000000000000000e+05 7.370697403530357406e-06 1.358507233817363158e-06 2.133043153662583791e-06 1.177837702925899066e-06 8.626650014775805175e-06 1.358507233817363158e-06 2.133043153662583791e-06 1.177837702925899066e-06
1.400000000000000000e+05 3.667421651698532514e-06 1.043303200276568532e-06 1.771571078279521316e-06 9.898571988742332906e-07 4.294470727472798899e-06 1.043303200276568532e-06 1.771571078279521316e-06 9.898571988742332906e-07
1.410000000000000000e+05 1.390432680636877194e-05 1.283677647734293714e-06 2.286403287143912166e-06 1.442338202650716994e-06 1.523148421256337315e-05 1.283677647734293714e-06 2.286403287143912166e-06 1.442338202650716994e-06
1.420000000000000000e+05 1.672216967563144863e-06 1.097213157663645688e-06 1.584496089890308212e-06 7.961818937474163249e-07 2.815912466758163646e-06 1.097213157663645688e-06 1.584496089890308212e-06 7.961818937474163249e-07
1.430000000000000000e+05 1.965001138160005212e-05 1.197654114548640791e-06 2.272814981552073732e-06 1.409003743901848793e-06 1.941200753208249807e-05 1.197654114548640791e-06 2.272814981552073732e-06 1.409003743901848793e-06
1.440000000000000000e+05 9.034603863256052136e-06 1.134099989030801225e-06 1.673153519732295536e-06 9.140248948824591935e-07 9.808303730096668005e-06 1.134099989030801225e-06 1.673153519732295536e-06 9.140248948824591935e-07
1.450000000000000000e+05 2.706404848140664399e-05 2.818149823724525049e-06 1.704633746157924179e-06 3.365554164247441804e-07 2.611716990941204131e-05 2.818149823724525049e-06 1.704633746157924179e-06 3.365554164247441804e-07
1.460000000000000000e+05 1.569331971040810458e-06 1.097229414881439880e-06 1.506999410594289657e-06 7.870086164984968491e-07 2.670008598215645179e-06 1.097229414881439880e-06 1.506999410594289657e-06 7.870086164984968491e-07
1.470000000000000000e+05 1.541948790872993413e-06 1.170948166873131413e-06 1.477010755479568616e-06 7.495680165447993204e-07 2.610691581139690243e-06 1.170948166873131413e-06 1.477010755479568616e-06 7.495680165447993204e-07
1.480000000000000000e+05 1.535439196231891401e-06 1.055901975632878020e-06 1.492414639869821258e-06 8.155047908076085150e-07 2.562645477155456319e-06 1.055901975632878020e-06 1.492414639869821258e-06 8.155047908076085150e-07
1.490000000000000000e+05 1.576597469465923496e-06 1.129362544816103764e-06 1.458939550502691418e-06 7.669167416679556482e-07 2.708182364585809410e-06 1.129362544816103764e-06 1.458939550502691418e-06 7.669167416679556482e-07
1.500000000000000000e+05 1.463688931835349649e-06 1.085051621885213535e-06 1.435880335520778317e-06 7.883627404225990176e-07 2.473632093824562617e-06 1.085051621885213535e-06 1.435880335520778317e-06 7.883627404225990176e-07
1.510000000000000000e+05 1.446761871193302795e-06 1.081194341168156825e-06 1.418100396222143900e-06 7.903205414550029673e-07 2.421426415821770206e-06 1.081194341168156825e-06 1.418100396222143900e-06 7.903205414550029673e-07
1.520000000000000000e+05 1.418636088601488154e-06 1.082399421648005955e-06 1.405418743161135353e-06 7.857345281081506982e-07 2.401361371084931307e-06 1.082399421648005955e-06 1.405418743161135353e-06 7.857345281081506982e-07
1.530000000000000000e+05 1.401626718688930850e-06 1.097240101444185711e-06 1.391151954521774314e-06 7.735376357231871225e-07 2.355484411964425817e-06 1.097240101444185711e-06 1.391151954521774314e-06 7.735376357231871225e-07
1.540000000000000000e+05 9.091942956729326397e-06 9.687497595223248936e-07 1.925177457451354712e-06 1.460998760194343049e-06 8.561235517845489085e-06 9.687497595223248936e-07 1.925177457451354712e-06 1.460998760194343049e-06
1.550000000000000000e+05 1.493972035859769676e-06 1.056952896760776639e-06 1.381763354402210098e-06 7.917577704574796371e-07 2.544416020100470632e-06 1.056952896760776639e-06 1.381763354402210098e-06 7.917577704574796371e-07
1.560000000000000000e+05 1.332705096501740627e-06 1.083558458958577830e-06 1.346404360447195359e-06 7.775836365908617154e-07 2.245011501145199873e-06 1.083558458958577830e-06 1.346404360447195359e-06 7.775836365908617154e-07
1.570000000000000000e+05 1.374104385831742547e-06 9.499712518845626619e-07 1.514329255769553129e-06 1.026133986670174636e-06 2.240422190880053677e-06 9.499712518845626619e-07 1.514329255769553129e-06 1.026133986670174636e-06
1.580000000000000000e+05 8.086248271865770221e-06 2.575388634795672260e-06 6.501466032204916701e-06 6.033715180819854140e-06 7.550331247330177575e-06 2.575388634795672260e-06 6.501466032204916701e-06 6.033715180819854140e-06
1.590000000000000000e+05 1.272996200896159280e-06 1.066797949533793144e-06 1.310086531702836510e-06 7.829999049135949463e-07 2.138542413376853801e-06 1.066797949533793144e-06 1.310086531702836510e-06 7.829999049135949463e-07
1.600000000000000000e+05 4.391675611259415746e-05 8.495684596709907055e-06 9.510268682788591832e-06 5.783286724181380123e-06 4.306389746489003301e-05 8.495684596709907055e-06 9.510268682788591832e-06 5.783286724181380123e-06
1.610000000000000000e+05 1.429163717148185242e-06 1.839028982431045733e-06 1.615532369214633945e-06 8.177988775059930049e-07 2.296709226357052103e-06 1.839028982431045733e-06 1.615532369214633945e-06 8.177988775059930049e-07
1.620000000000000000e+05 1.464228830627689604e-06 1.135055072154500522e-06 1.296013124374439940e-06 7.631323910572973546e-07 2.349154783587437123e-06 1.135055072154500522e-06 1.296013124374439940e-06 7.631323910572973546e-07
1.630000000000000000e+05 1.201287659569061361e-06 1.059855321727809496e-06 1.270292273147788364e-06 7.771861874061869457e-07 2.002804194489726797e-06 1.059855321727809496e-06 1.270292273147788364e-06 7.771861874061869457e-07
1.640000000000000000e+05 6.422004844353068620e-06 4.577633717417484149e-06 7.520007329731015489e-06 6.135116109362570569e-06 6.823715011705644429e-06 4.577633717417484149e-06 7.520007329731015489e-06 6.135116109362570569e-06
1.650000000000000000e+05 1.164968921330000740e-06 1.055541702044138219e-06 1.240810320268792566e-06 7.792149858687480446e-07 1.957379936357028782e-06 1.055541702044138219e-06 1.240810320268792566e-06 7.792149858687480446e-07
1.660000000000000000e+05 1.160044348580413498e-06 9.655902886152034625e-07 1.304972784055280499e-06 8.742867976252455264e-07 1.915882421599235386e-06 9.655902886152034625e-07 1.304972784055280499e-06 8.742867976252455264e-07
1.670000000000000000e+05 6.740453954989789054e-06 1.367480126646114513e-05 1.375277588522294536e-05 9.612243047740776092e-06 7.488685241696657613e-06 1.367480126646114513e-05 1.375277588522294536e-05 9.612243047740776092e-06
1.680000000000000000e+05 1.115486725211667363e-06 1.058000634657219052e-06 1.213651103171287104e-06 7.721257588855223730e-07 1.861829332483466715e-06 1.058000634657219052e-06 1.213651103171287104e-06 7.721257588855223730e-07
1.690000000000000000e+05 1.369512915516679641e-06 9.224328323398367502e-07 1.459353484278835822e-06 1.090871137421345338e-06 2.121630586771061644e-06 9.224328323398367502e-07 1.459353484278835822e-06 1.090871137421345338e-06
1.700000000000000000e+05 1.084070390788838267e-06 1.039814151226892136e-06 1.199853727484878618e-06 7.801128845130733680e-07 1.798382186279923189e-06 1.039814151226892136e-06 1.199853727484878618e-06 7.801128845130733680e-07
1.710000000000000000e+05 1.069927520802593790e-06 1.047681394084065687e-06 1.190049601973441895e-06 7.723867838649312034e-07 1.769398977558012120e-06 1.047681394084065687e-06 1.190049601973441895e-06 7.723867838649312034e-07
1.720000000000000000e+05 1.079498929357214365e-06 1.061205580299429130e-06 1.168733206213801168e-06 7.655645504200947471e-07 1.824049604692845605e-06 1.061205580299429130e-06 1.168733206213801168e-06 7.655645504200947471e-07
1.730000000000000000e+05 2.238548631794401444e-06 9.181364930554991588e-07 1.259201098946505226e-06 8.930948069973965175e-07 3.395473186174058355e-06 9.181364930554991588e-07 1.259201098946505226e-06 8.930948069973965175e-07
1.740000000000000000e+05 1.050808123181923293e-06 1.086700308405852411e-06 1.148985461441043299e-06 7.445419214491266757e-07 1.682287006588012446e-06 1.086700308405852411e-06 1.148985461441043299e-06 7.445419214491266757e-07
1.750000000000000000e+05 1.010259666145429946e-06 1.035365244206332136e-06 1.150548655459715519e-06 7.746835990474210121e-07 1.672604412306100130e-06 1.035365244206332136e-06 1.150548655459715519e-06 7.746835990474210121e-07
1.760000000000000000e+05 1.122716980717086699e-06 1.144229599958634935e-06 1.131921862906892784e-06 7.163673672039294615e-07 1.694876573310466483e-06 1.144229599958634935e-06 1.131921862906892784e-06 7.163673672039294615e-07
1.770000000000000000e+05 9.844975465966854244e-07 1.032308659887348767e-06 1.132710053752816748e-06 7.726615649517043494e-07 1.610879508007201366e-06 1.032308659887348767e-06 1.132710053752816748e-06 7.726615649517043494e-07
1.780000000000000000e+05 1.651606453378917649e-06 3.319676579849328846e-06 2.825606998158036731e-06 1.818876171455485746e-06 2.334092869205051102e-06 3.319676579849328846e-06 2.825606998158036731e-06 1.818876171455485746e-06
1.790000000000000000e+05 6.253222090890631080e-05 9.097277597902575508e-07 4.236460881656967103e-06 4.339317001722520217e-06 5.698032691725529730e-05 9.097277597902575508e-07 4.236460881656967103e-06 4.339317001722520217e-06
1.800000000000000000e+05 9.517930266156326979e-07 1.012754523799230810e-06 1.127443510995362885e-06 7.756970603622903582e-07 1.553259494357916992e-06 1.012754523799230810e-06 1.127443510995362885e-06 7.756970603622903582e-07
1.810000000000000000e+05 9.382588359585497528e-07 1.064898697222815827e-06 1.100133204090525396e-06 7.493873113162408117e-07 1.564223339300951920e-06 1.064898697222815827e-06 1.100133204090525396e-06 7.493873113162408117e-07
1.820000000000000000e+05 1.534413240733556449e-05 1.117699321184772998e-05 1.525521929579554126e-05 1.203704050567466766e-05 1.464605156797915697e-05 1.117699321184772998e-05 1.525521929579554126e-05 1.203704050567466766e-05
1.830000000000000000e+05 4.960837031831033528e-06 9.202954629472515080e-07 1.394621449435362592e-06 1.145004489444545470e-06 4.578675998345715925e-06 9.202954629472515080e-07 1.394621449435362592e-06 1.145004489444545470e-06
1.840000000000000000e+05 9.009529549075523391e-07 9.993146932174568065e-07 1.093213882086274680e-06 7.841202318559226114e-07 1.438659410268883221e-06 9.993146932174568065e-07 1.093213882086274680e-06 7.841202318559226114e-07
1.850000000000000000e+05 9.378470622323220596e-07 9.831338729782146402e-07 1.091483795789827127e-06 7.953341309985262342e-07 1.496297727499040775e-06 9.831338729782146402e-07 1.091483795789827127e-06 7.953341309985262342e-07
1.860000000000000000e+05 6.775542260584188625e-06 1.414640337316086516e-06 1.645932229621394072e-06 1.299038331126212142e-06 7.545264452346600592e-06 1.414640337316086516e-06 1.645932229621394072e-06 1.299038331126212142e-06
1.870000000000000000e+05 1.194226797451847233e-06 1.050750597642036155e-06 1.058533825926133431e-06 7.475596817130281124e-07 1.578209776198491454e-06 1.050750597642036155e-06 1.058533825926133431e-06 7.475596817130281124e-07
1.880000000000000000e+05 1.187133329949574545e-05 9.148710091722023208e-07 1.650363287808431778e-06 1.472929170631687157e-06 1.065035303327022120e-05 9.148710091722023208e-07 1.650363287808431778e-06 1.472929170631687157e-06
1.890000000000000000e+05 3.780274710152298212e-06 1.185736323350283783e-06 1.052406901180802379e-06 6.834906116637284867e-07 3.920332346751820296e-06 1.185736323350283783e-06 1.052406901180802379e-06 6.834906116637284867e-07
1.900000000000000000e+05 1.449871660952339880e-06 9.947699481926974840e-07 1.081847813111380674e-06 7.948914344524382614e-07 1.702117742752307095e-06 9.947699481926974840e-07 1.081847813111380674e-06 7.948914344524382614e-07
1.910000000000000000e+05 8.676955189912405331e-07 9.850076594375423156e-07 1.046461193254799582e-06 7.811671594026847742e-07 1.424615902578807436e-06 9.850076594375423156e-07 1.046461193254799582e-06 7.811671594026847742e-07
1.920000000000000000e+05 1.280677679460495710e-06 8.991947311187686864e-07 1.177174226540955715e-06 9.541558938508387655e-07 1.576030626893043518e-06 8.991947311187686864e-07 1.177174226540955715e-06 9.541558938508387655e-07
1.930000000000000000e+05 5.592302386503433809e-06 1.048118519975105301e-06 1.209228003062889911e-06 9.717576858747634105e-07 6.332556040433701128e-06 1.048118519975105301e-06 1.209228003062889911e-06 9.717576858747634105e-07
1.940000000000000000e+05 8.000282036846328992e-07 1.205086959998880047e-06 1.037813831317180302e-06 7.130360586415918078e-07 1.292679371545091271e-06 1.205086959998880047e-06 1.037813831317180302e-06 7.130360586415918078e-07
1.950000000000000000e+05 8.924843655222503003e-07 9.552073834129259922e-07 1.052474772222922184e-06 8.049367465901013929e-07 1.266244453290710226e-06 9.552073834129259922e-07 1.052474772222922184e-06 8.049367465901013929e-07
1.960000000000000000e+05 1.321977720181166660e-06 1.115023337661114056e-06 1.016100895867566578e-06 7.288300594154861756e-07 1.840682784859382082e-06 1.115023337661114056e-06 1.016100895867566578e-06 7.288300594154861756e-07
1.970000000000000000e+05 1.262463592865969986e-05 1.319522311860055197e-06 1.723486661830975208e-06 1.560502823849674314e-06 1.305044497712515295e-05 1.319522311860055197e-06 1.723486661830975208e-06 1.560502823849674314e-06
1.980000000000000000e+05 7.727594493189826608e-07 9.821648063734755851e-07 1.010825599223608151e-06 7.697137220930017065e-07 1.182008531941391993e-06 9.821648063734755851e-07 1.010825599223608151e-06 7.697137220930017065e-07
1.990000000000000000e+05 7.297473416656430345e-07 9.815154271564097144e-07 1.001203372652526014e-06 7.698854460613802075e-07 1.179687387775629759e-06 9.815154271564097144e-07 1.001203372652526014e-06 7.698854460613802075e-07
2.000000000000000000e+05 1.706187845229578670e-06 1.712545099508133717e-06 3.237795908717089333e-06 2.915385721280472353e-06 1.891708961920812726e-06 1.712545099508133717e-06 3.237795908717089333e-06 2.915385721280472353e-06
2.010000000000000000e+05 7.047729468467878178e-06 4.002768037025816739e-06 4.360661932878429070e-06 3.590710321077494882e-06 7.471697699656942859e-06 4.002768037025816739e-06 4.360661932878429070e-06 3.590710321077494882e-06
2.020000000000000000e+05 2.948817382275592536e-06 8.963279469753615558e-07 1.587741962794098072e-06 1.498635128882597201e-06 3.583192437872639857e-06 8.963279469753615558e-07 1.587741962794098072e-06 1.498635128882597201e-06
2.030000000000000000e+05 7.159476353990612552e-07 9.543192618366447277e-07 9.953533890438848175e-07 7.809061344232759438e-07 1.132087390942615457e-06 9.543192618366447277e-07 9.953533890438848175e-07 7.809061344232759438e-07
2.040000000000000000e+05 6.876301199554291088e-07 9.329384056400158443e-07 9.967970981961116195e-07 8.014444574655499309e-07 1.105904857467976399e-06 9.329384056400158443e-07 9.967970981961116195e-07 8.014444574655499309e-07
2.050000000000000000e+05 8.347178663825616241e-07 8.575291872148227412e-07 1.097675067285308614e-06 9.450344009565014858e-07 1.283114443140220828e-06 8.575291872148227412e-07 1.097675067285308614e-06 9.450344009565014858e-07
2.060000000000000000e+05 8.710069892003957648e-07 9.864379535429179668e-07 9.731934369483496994e-07 7.706503879489901010e-07 1.386444864692748524e-06 9.864379535429179668e-07 9.731934369483496994e-07 7.706503879489901010e-07
2.070000000000000000e+05 7.600687581543752458e-07 8.640122928227356169e-07 1.086369024960731622e-06 9.210007760884764139e-07 1.089721536118304357e-06 8.640122928227356169e-07 1.086369024960731622e-06 9.210007760884764139e-07
2.080000000000000000e+05 6.678011459371191449e-07 9.613729616830823943e-07 9.662248885433655232e-07 7.680431508561014198e-07 1.044117880155681632e-06 9.613729616830823943e-07 9.662248885433655232e-07 7.680431508561014198e-07
2.090000000000000000e+05 6.458301413658773527e-07 9.607607580619514920e-07 9.599219765732414089e-07 7.675127449147112202e-07 1.045107296704372857e-06 9.607607580619514920e-07 9.599219765732414089e-07 7.675127449147112202e-07
2.100000000000000000e+05 1.039021640281134751e-06 1.045181420522567350e-06 9.522821642349299509e-07 7.107623218871594872e-07 1.283244955629925244e-06 1.045181420522567350e-06 9.522821642349299509e-07 7.107623218871594872e-07
2.110000000000000000e+05 4.319808067521080375e-05 8.579799555263889488e-07 3.134058943032869138e-06 3.170822765241609886e-06 4.218288813717663288e-05 8.579799555263889488e-07 3.134058943032869138e-06 3.170822765241609886e-06
2.120000000000000000e+05 6.586047334167233203e-07 9.599535815141280182e-07 9.502854254606063478e-07 7.658852609893074259e-07 1.092425350179837551e-06 9.599535815141280182e-07 9.502854254606063478e-07 7.658852609893074259e-07
2.130000000000000000e+05 6.322329682006966323e-07 9.484745646659575868e-07 9.512042424830724485e-07 7.691425025768694468e-07 9.876746389636537060e-07 9.484745646659575868e-07 9.512042424830724485e-07 7.691425025768694468e-07
2.140000000000000000e+05 6.309283435257384554e-06 8.784455189925211016e-07 1.255493202734214719e-06 1.072897021003882401e-06 6.397842753358418122e-06 8.784455189925211016e-07 1.255493202734214719e-06 1.072897021003882401e-06
2.150000000000000000e+05 2.746107384155038744e-05 8.533672257726721000e-07 2.175915597035782412e-06 2.188319740525912493e-06 2.450061037961859256e-05 8.533672257726721000e-07 2.175915597035782412e-06 2.188319740525912493e-06
2.160000000000000000e+05 2.599861772978329100e-06 8.728424631954112556e-07 1.726278014757554047e-06 1.629575194783683401e-06 2.368482000747462735e-06 8.728424631954112556e-07 1.726278014757554047e-06 1.629575194783683401e-06
2.170000000000000000e+05 1.644666554057039320e-06 9.555712949804728851e-07 9.567683036948437802e-07 8.118298637782572769e-07 2.187785412388620898e-06 9.555712949804728851e-07 9.567683036948437802e-07 8.118298637782572769e-07
2.180000000000000000e+05 5.840854555572150275e-07 9.405203513779269997e-07 9.287102216148923617e-07 7.688362870794662740e-07 9.511981033938354813e-07 9.405203513779269997e-07 9.287102216148923617e-07 7.688362870794662740e-07
2.190000000000000000e+05 5.795062065772071946e-07 9.307923392043448985e-07 9.289357763009320479e-07 7.746677397335588466e-07 9.465550192544469610e-07 9.307923392043448985e-07 9.289357763009320479e-07 7.746677397335588466e-07
2.200000000000000000e+05 6.990562155806401279e-07 9.904346143230213784e-07 9.192332868224184494e-07 7.544718982899212278e-07 1.150277057604398578e-06 9.904346143230213784e-07 9.192332868224184494e-07 7.544718982899212278e-07
2.210000000000000000e+05 5.729926328967849258e-07 9.759281738297431730e-07 9.154139775091607589e-07 7.482687465198978316e-07 9.555360520607791841e-07 9.759281738297431730e-07 9.154139775091607589e-07 7.482687465198978316e-07
2.220000000000000000e+05 3.188085884175961837e-06 9.956000894817407243e-07 1.010658820632670540e-06 8.931969546210893895e-07 3.712631496455287561e-06 9.956000894817407243e-07 1.010658820632670540e-06 8.931969546210893895e-07
2.230000000000000000e+05 5.816769999000825919e-07 9.861893204288207926e-07 9.055237342181499116e-07 7.455427635250089224e-07 9.781319931789766997e-07 9.861893204288207926e-07 9.055237342181499116e-07 7.455427635250089224e-07
2.240000000000000000e+05 5.506465754478995223e-07 9.355535439681261778e-07 9.098968121179495938e-07 7.648404789506457746e-07 9.121804396272636950e-07 9.355535439681261778e-07 9.098968121179495938e-07 7.648404789506457746e-07
2.250000000000000000e+05 5.742371058659045957e-07 8.923521477299800608e-07 9.319815035269130021e-07 8.019433153094723821e-07 8.802442152955336496e-07 8.923521477299800608e-07 9.319815035269130021e-07 8.019433153094723821e-07
2.260000000000000000e+05 8.777742550591938198e-06 1.396806624143209774e-06 1.480009018450800795e-06 1.285184680455131456e-06 1.046469151333440095e-05 1.396806624143209774e-06 1.480009018450800795e-06 1.285184680455131456e-06
2.270000000000000000e+05 5.375461000767245423e-07 9.410622965333459433e-07 9.003592822409700602e-07 7.575246740998409223e-07 8.796276915745693259e-07 9.410622965333459433e-07 9.003592822409700602e-07 7.575246740998409223e-07
2.280000000000000000e+05 4.831670594285242260e-05 2.330120196347706951e-06 4.611144959199009463e-06 4.850246568821603432e-06 4.678160257753916085e-05 2.330120196347706951e-06 4.611144959199009463e-06 4.850246568821603432e-06
2.290000000000000000e+05 1.243828883161768317e-04 9.325956398242851719e-07 5.132621481607202441e-06 5.717244221159489825e-06 1.152831246145069599e-04 9.325956398242851719e-07 5.132621481607202441e-06 5.717244221159489825e-06
2.300000000000000000e+05 5.194404479880176950e-07 9.202376531902700663e-07 8.949109542299993336e-07 7.682195359848265070e-07 8.611526141066860873e-07 9.202376531902700663e-07 8.949109542299993336e-07 7.682195359848265070e-07
2.310000000000000000e+05 5.158619842404732481e-07 9.189802199216501322e-07 8.927866588237520773e-07 7.672013566661917139e-07 8.497277121932711452e-07 9.189802199216501322e-07 8.927866588237520773e-07 7.672013566661917139e-07
2.320000000000000000e+05 3.952714178012683988e-05 1.276297098229406402e-06 2.510453214199515060e-06 2.659622396095073782e-06 3.880410076817497611e-05 1.276297098229406402e-06 2.510453214199515060e-06 2.659622396095073782e-06
2.330000000000000000e+05 7.774139589855622035e-07 8.869161547409021296e-07 9.226285442309745122e-07 8.016936590138357133e-07 9.847453839029185474e-07 8.869161547409021296e-07 9.226285442309745122e-07 8.016936590138357133e-07
2.340000000000000000e+05 6.081755145714851096e-06 9.043748718795541208e-07 1.090063960873521864e-06 9.739076176629168913e-07 5.581340701610315591e-06 9.043748718795541208e-07 1.090063960873521864e-06 9.739076176629168913e-07
2.350000000000000000e+05 5.286311761665274389e-07 8.835498306325462181e-07 9.011669135361444205e-07 7.908270163170527667e-07 8.223088343584095128e-07 8.835498306325462181e-07 9.011669135361444205e-07 7.908270163170527667e-07
2.360000000000000000e+05 3.841127636405872181e-06 6.674037194898119196e-06 6.258633675315650180e-06 4.944406555296154693e-06 3.816614025708986446e-06 6.674037194898119196e-06 6.258633675315650180e-06 4.944406555296154693e-06
2.370000000000000000e+05 9.732507351145613939e-06 5.288464308250695467e-06 4.367304427432827652e-06 3.606291102187242359e-06 1.055228494806215167e-05 5.288464308250695467e-06 4.367304427432827652e-06 3.606291102187242359e-06
2.380000000000000000e+05 5.239236315901507623e-07 1.006851334750535898e-06 8.664239317113242578e-07 7.286861887223494705e-07 8.890921208148938604e-07 1.006851334750535898e-06 8.664239317113242578e-07 7.286861887223494705e-07
2.390000000000000000e+05 4.825096198146638926e-07 9.265997391594282817e-07 8.673187608110310975e-07 7.551342378064873628e-07 8.072975106188096106e-07 9.265997391594282817e-07 8.673187608110310975e-07 7.551342378064873628e-07
2.400000000000000000e+05 4.778646598424529657e-07 9.012422310661349911e-07 8.740284442865231540e-07 7.696938268964004237e-07 8.126525585794297513e-07 9.012422310661349911e-07 8.740284442865231540e-07 7.696938268964004237e-07
2.410000000000000000e+05 1.475387875871092547e-06 1.545145664749725256e-06 1.154274059445015155e-06 8.831407853904238436e-07 2.069046104224980809e-06 1.545145664749725256e-06 1.154274059445015155e-06 8.831407853904238436e-07
2.420000000000000000e+05 8.945639251578541007e-07 1.160521492238331120e-06 8.588736477577185724e-07 6.640385095124656800e-07 1.109204731619684026e-06 1.160521492238331120e-06 8.588736477577185724e-07 6.640385095124656800e-07
2.430000000000000000e+05 4.653431915357941762e-07 8.931496608965971973e-07 8.685584020895475987e-07 7.730118340987246484e-07 7.906168093541054986e-07 8.931496608965971973e-07 8.685584020895475987e-07 7.730118340987246484e-07
2.440000000000000000e+05 4.866531639891036320e-07 8.895107725948037114e-07 8.771750117375631817e-07 7.699716775277920533e-07 8.124192731884249952e-07 8.895107725948037114e-07 8.771750117375631817e-07 7.699716775277920533e-07
2.450000000000000000e+05 4.583601196372910636e-07 9.154634881269885227e-07 8.525423140781640541e-07 7.576431926281657070e-07 7.913137096693390049e-07 9.154634881269885227e-07 8.525423140781640541e-07 7.576431926281657070e-07
2.460000000000000000e+05 5.589507509284885600e-06 4.979956429451704025e-06 3.517677669151453301e-06 2.168482296838192269e-06 5.715497536584734917e-06 4.979956429451704025e-06 3.517677669151453301e-06 2.168482296838192269e-06
2.470000000000000000e+05 7.572945150968735106e-07 8.755943667893006932e-07 8.833156357468396891e-07 7.926935268187662587e-07 9.376480534228903707e-07 8.755943667893006932e-07 8.833156357468396891e-07 7.926935268187662587e-07
2.480000000000000000e+05 5.720448257306998130e-07 8.852188102537184022e-07 8.651664984427043237e-07 7.773358561280474532e-07 8.169897682819282636e-07 8.852188102537184022e-07 8.651664984427043237e-07 7.773358561280474532e-07
2.490000000000000000e+05 8.308153951475105714e-07 1.070983444151352160e-06 8.641894737593247555e-07 7.264912369464582298e-07 1.267004790861392394e-06 1.070983444151352160e-06 8.641894737593247555e-07 7.264912369464582298e-07
2.500000000000000000e+05 4.493665812788094627e-07 9.165101459984725807e-07 8.387608545490365941e-07 7.529806111961079296e-07 7.618774588991072960e-07 9.165101459984725807e-07 8.387608545490365941e-07 7.529806111961079296e-07
2.510000000000000000e+05 5.510983555723214522e-06 1.480055743741104379e-06 1.420575017618830316e-06 1.238912204826192465e-06 6.573703103640582412e-06 1.480055743741104379e-06 1.420575017618830316e-06 1.238912204826192465e-06
2.520000000000000000e+05 7.734182645435794257e-07 9.198339512295206077e-07 8.485767466481775045e-07 7.429494530697411392e-07 1.042300823428377043e-06 9.198339512295206077e-07 8.485767466481775045e-07 7.429494530697411392e-07
2.530000000000000000e+05 4.404195408369560027e-07 9.345649800707178656e-07 8.292865913972491398e-07 7.452473482771893032e-07 7.845715117582585663e-07 9.345649800707178656e-07 8.292865913972491398e-07 7.452473482771893032e-07
2.540000000000000000e+05 6.298018888628575951e-07 9.846875173025182448e-07 8.480375868202827405e-07 7.542024604845209979e-07 1.033079797707614489e-06 9.846875173025182448e-07 8.480375868202827405e-07 7.542024604845209979e-07
2.550000000000000000e+05 2.799605454129050486e-06 1.069945255949278362e-06 8.684701242600567639e-07 7.454171964127453975e-07 3.439915872149867937e-06 1.069945255949278362e-06 8.684701242600567639e-07 7.454171964127453975e-07
2.560000000000000000e+05 1.349387457594275475e-05 9.838436199061106890e-07 1.238297045347280800e-06 1.296442974307865370e-06 1.369838901155162603e-05 9.838436199061106890e-07 1.238297045347280800e-06 1.296442974307865370e-06
2.570000000000000000e+05 6.622586079174652696e-05 9.194462222694710363e-07 5.463311936182435602e-06 6.084048436605371535e-06 6.061542080715298653e-05 9.194462222694710363e-07 5.463311936182435602e-06 6.084048436605371535e-06
2.580000000000000000e+05 4.477637673971912591e-07 9.087499961424327921e-07 8.241995601565577090e-07 7.501893719563668128e-07 7.440308991135680117e-07 9.087499961424327921e-07 8.241995601565577090e-07 7.501893719563668128e-07
2.590000000000000000e+05 4.311847874305385631e-07 8.878969879333453719e-07 8.258894013124518096e-07 7.662811754016729537e-07 7.803621429047780111e-07 8.878969879333453719e-07 8.258894013124518096e-07 7.662811754016729537e-07
2.600000000000000000e+05 7.000001005508238450e-07 9.236485425390128512e-07 8.297195108752930537e-07 7.495460749851190485e-07 1.112236191147530917e-06 9.236485425390128512e-07 8.297195108752930537e-07 7.495460749851190485e-07
2.610000000000000000e+05 1.368185280625766609e-06 9.071313229469524231e-07 8.505267032887786627e-07 7.566210342702106573e-07 1.446910118829691783e-06 9.071313229469524231e-07 8.505267032887786627e-07 7.566210342702106573e-07
2.620000000000000000e+05 3.219061454728944227e-06 8.308409746859979350e-07 8.942415661294944584e-07 8.223473173529782798e-07 4.002372861577896401e-06 8.308409746859979350e-07 8.942415661294944584e-07 8.223473173529782798e-07
2.630000000000000000e+05 4.655419729715504218e-07 8.895411838238942437e-07 8.173490755325474311e-07 7.648247901670401916e-07 8.340065846823563334e-07 8.895411838238942437e-07 8.173490755325474311e-07 7.648247901670401916e-07
2.640000000000000000e+05 3.879073574353242293e-06 8.181657449313206598e-07 1.037081233334902208e-06 9.929178759193746373e-07 3.668945964818703942e-06 8.181657449313206598e-07 1.037081233334902208e-06 9.929178759193746373e-07
2.650000000000000000e+05 4.074524326824757736e-07 8.884981070877984166e-07 8.123491284095507581e-07 7.615807930960727390e-07 7.497289402635942679e-07 8.884981070877984166e-07 8.123491284095507581e-07 7.615807930960727390e-07
2.660000000000000000e+05 4.599761496137944050e-07 8.726161695449263789e-07 8.106600262181018479e-07 7.748044481559190899e-07 8.271942988358205184e-07 8.726161695449263789e-07 8.106600262181018479e-07 7.748044481559190899e-07
2.670000000000000000e+05 4.543259638012386858e-05 1.593094907548220363e-06 3.126593128399690613e-06 3.638107045844662935e-06 4.365693166619166732e-05 1.593094907548220363e-06 3.126593128399690613e-06 3.638107045844662935e-06
2.680000000000000000e+05 3.450520671322010458e-05 9.988913234337815084e-07 1.414360099261102732e-06 1.331041630692197941e-06 3.397513501113280654e-05 9.988913234337815084e-07 1.414360099261102732e-06 1.331041630692197941e-06
2.690000000000000000e+05 3.920555400327430107e-07 8.671730711284908466e-07 8.081750593191827647e-07 7.736938982816354837e-07 7.144483902266074438e-07 8.671730711284908466e-07 8.081750593191827647e-07 7.736938982816354837e-07
2.700000000000000000e+05 3.950842994981940137e-07 9.090336448025482241e-07 7.922159852569166105e-07 7.488463324989425018e-07 7.379502449111896567e-07 9.090336448025482241e-07 7.922159852569166105e-07 7.488463324989425018e-07
2.710000000000000000e+05 4.570156875161046628e-07 8.647979257148108445e-07 8.099395358840411063e-07 7.747024710624828003e-07 7.564643738078302704e-07 8.647979257148108445e-07 8.099395358840411063e-07 7.747024710624828003e-07
2.720000000000000000e+05 3.850484233680617763e-07 8.783445650806243066e-07 7.957384582368831616e-07 7.642522632522741333e-07 7.175792688940418884e-07 8.783445650806243066e-07 7.957384582368831616e-07 7.642522632522741333e-07
2.730000000000000000e+05 3.840336546545586316e-07 8.837751011014916003e-07 7.914183015600428917e-07 7.606495842082949821e-07 7.195377520474721678e-07 8.837751011014916003e-07 7.914183015600428917e-07 7.606495842082949821e-07
2.740000000000000000e+05 6.555522759299492463e-06 4.051697032991796732e-06 5.748872354160994291e-06 5.081676590634742752e-06 6.860682333353906870e-06 4.051697032991796732e-06 5.748872354160994291e-06 5.081676590634742752e-06
2.750000000000000000e+05 1.167542177427094430e-05 1.467729634896386415e-05 1.935320324264466763e-05 1.646143573452718556e-05 9.835701348492875695e-06 1.467729634896386415e-05 1.935320324264466763e-05 1.646143573452718556e-05
2.760000000000000000e+05 1.775824057403951883e-05 9.220225933859182987e-07 1.218664465341134928e-06 1.346872750218608417e-06 1.778834484866820276e-05 9.220225933859182987e-07 1.218664465341134928e-06 1.346872750218608417e-06
2.770000000000000000e+05 3.995650956767349271e-07 8.883475288712361362e-07 7.819135703357460443e-07 7.588501489408372436e-07 7.580724741274025291e-07 8.883475288712361362e-07 7.819135703357460443e-07 7.588501489408372436e-07
2.780000000000000000e+05 3.909845531779865269e-07 8.284013119919109158e-07 8.078828841462382115e-07 8.026926252568955533e-07 7.344843879764084704e-07 8.284013119919109158e-07 8.078828841462382115e-07 8.026926252568955533e-07
2.790000000000000000e+05 2.061322220470174216e-06 8.327580758304975461e-07 8.767802341935748700e-07 8.588217497162986547e-07 2.006910335694556125e-06 8.327580758304975461e-07 8.767802341935748700e-07 8.588217497162986547e-07
2.800000000000000000e+05 5.553240498556988314e-07 8.319805147039005533e-07 7.940104183035145979e-07 7.987227377270755824e-07 9.463803962717065588e-07 8.319805147039005533e-07 7.940104183035145979e-07 7.987227377270755824e-07
2.810000000000000000e+05 4.778836228069849312e-06 8.357691854143922683e-07 9.744222779772826470e-07 9.332164836450829171e-07 5.061233423475641757e-06 8.357691854143922683e-07 9.744222779772826470e-07 9.332164836450829171e-07
2.820000000000000000e+05 2.132198460458312184e-06 7.786593414493836462e-07 9.478791298533906229e-07 9.703401246952125803e-07 2.593848194010206498e-06 7.786593414493836462e-07 9.478791298533906229e-07 9.703401246952125803e-07
2.830000000000000000e+05 3.518917310429969802e-06 7.998769433470442891e-07 9.806519756239140406e-07 9.934132094713277183e-07 3.304380243207560852e-06 7.998769433470442891e-07 9.806519756239140406e-07 9.934132094713277183e-07
2.840000000000000000e+05 1.058468001247092616e-06 8.861479727784171700e-07 7.809422868376714177e-07 7.946212008391739801e-07 1.486643213866045699e-06 8.861479727784171700e-07 7.809422868376714177e-07 7.946212008391739801e-07
2.850000000000000000e+05 4.680749725594068877e-07 8.379007567782537080e-07 7.788422635712777264e-07 7.899722618276427966e-07 8.386238050661631860e-07 8.379007567782537080e-07 7.788422635712777264e-07 7.899722618276427966e-07
2.860000000000000000e+05 3.616287926888617221e-07 8.389094432459387463e-07 7.822333714102569502e-07 7.868273996791685931e-07 6.976816848691669293e-07 8.389094432459387463e-07 7.822333714102569502e-07 7.868273996791685931e-07
2.870000000000000000e+05 5.036252787249395624e-06 8.173844321390788537e-07 8.452307156403549016e-07 9.136172707258083392e-07 5.394610525399912149e-06 8.173844321390788537e-07 8.452307156403549016e-07 9.136172707258083392e-07
2.880000000000000000e+05 1.087545456357474905e-06 8.589351523369259667e-07 7.755901378914131783e-07 8.020822974685870577e-07 1.515694066256401129e-06 8.589351523369259667e-07 7.755901378914131783e-07 8.020822974685870577e-07
2.890000000000000000e+05 4.061872687088907696e-07 8.586793001086334698e-07 7.666636179237684701e-07 7.714363619015784934e-07 7.046236305541242473e-07 8.586793001086334698e-07 7.666636179237684701e-07 7.714363619015784934e-07
2.900000000000000000e+05 6.715565177728421986e-06 8.535014899280213285e-07 9.843047337199095637e-07 9.841983228398021311e-07 6.201658379723085091e-06 8.535014899280213285e-07 9.843047337199095637e-07 9.841983228398021311e-07
2.910000000000000000e+05 3.080650003539631143e-06 1.880686568256351165e-06 1.002181534204282798e-06 7.091334737197030336e-07 3.828464741673087701e-06 1.880686568256351165e-06 1.002181534204282798e-06 7.091334737197030336e-07
2.920000000000000000e+05 1.881191792563186027e-06 8.454182420791767072e-07 8.252621341853227932e-07 8.319064477291249204e-07 1.932542318172636442e-06 8.454182420791767072e-07 8.252621341853227932e-07 8.319064477291249204e-07
2.930000000000000000e+05 3.578797134196065599e-07 8.723982887204329018e-07 7.484844104510557372e-07 7.591761459480039775e-07 6.828822165516612586e-07 8.723982887204329018e-07 7.484844104510557372e-07 7.591761459480039775e-07
2.940000000000000000e+05 3.474432901384716388e-07 8.670950819578138180e-07 7.477144094991672318e-07 7.633205427737266291e-07 6.884375238769280259e-07 8.670950819578138180e-07 7.477144094991672318e-07 7.633205427737266291e-07
2.950000000000000000e+05 7.837567750357266050e-07 8.028592901609954424e-07 8.222758651754702441e-07 8.570416412112535909e-07 9.706561741040786728e-07 8.028592901609954424e-07 8.222758651754702441e-07 8.570416412112535909e-07
2.960000000000000000e+05 4.515632667789759580e-07 8.285945796160376631e-07 7.699920843151630834e-07 8.000706657185219228e-07 7.149751581891905516e-07 8.285945796160376631e-07 7.699920843151630834e-07 8.000706657185219228e-07
2.970000000000000000e+05 5.760051635661511682e-07 8.810623057797783986e-07 7.373201356131175999e-07 7.691022574363159947e-07 9.767371693669701926e-07 8.810623057797783986e-07 7.373201356131175999e-07 7.691022574363159947e-07
2.980000000000000000e+05 5.529881264010327868e-07 8.191004212676489260e-07 7.570898787889746018e-07 8.021534654290007893e-07 9.478233096160693094e-07 8.191004212676489260e-07 7.570898787889746018e-07 8.021534654290007893e-07
2.990000000000000000e+05 1.336457535217050463e-05 9.155930911219911650e-07 1.048237550094199833e-06 1.206223942062933929e-06 1.337598041573073715e-05 9.155930911219911650e-07 1.048237550094199833e-06 1.206223942062933929e-06
3.000000000000000000e+05 4.276411118553369306e-07 8.652544352116819937e-07 7.352077773248311132e-07 7.670089416933478788e-07 8.096222359199600760e-07 8.652544352116819937e-07 7.352077773248311132e-07 7.670089416933478788e-07
