0 [6.0000e-01]
100 [6.1327e-01]
200 [6.3348e-01]
300 [6.2072e-01]
400 [6.0169e-01]
500 [5.8026e-01]
600 [5.5754e-01]
700 [5.3336e-01]
800 [5.0867e-01]
900 [4.8452e-01]
1000 [4.6073e-01]
1100 [4.4162e-01]
1200 [4.2904e-01]
1300 [4.2150e-01]
1400 [4.1747e-01]
1500 [4.1567e-01]
1600 [4.1537e-01]
1700 [4.1622e-01]
1800 [4.1806e-01]
1900 [4.2081e-01]
2000 [4.2437e-01]
2100 [4.2862e-01]
2200 [4.3333e-01]
2300 [4.3837e-01]
2400 [4.4343e-01]
2500 [4.4858e-01]
2600 [4.5353e-01]
2700 [4.5843e-01]
2800 [4.6311e-01]
2900 [4.6760e-01]
3000 [4.7201e-01]
3100 [4.7601e-01]
3200 [4.7998e-01]
3300 [4.8374e-01]
3400 [4.8734e-01]
3500 [4.9088e-01]
3600 [4.9418e-01]
3700 [4.9752e-01]
3800 [5.0051e-01]
3900 [5.0361e-01]
4000 [5.0658e-01]
4100 [5.0945e-01]
4200 [5.1240e-01]
4300 [5.1504e-01]
4400 [5.1782e-01]
4500 [5.2038e-01]
4600 [5.2296e-01]
4700 [5.2556e-01]
4800 [5.2784e-01]
4900 [5.3025e-01]
5000 [5.3242e-01]
5100 [5.3459e-01]
5200 [5.3676e-01]
5300 [5.3861e-01]
5400 [5.4055e-01]
5500 [5.4225e-01]
5600 [5.4396e-01]
5700 [5.4562e-01]
5800 [5.4699e-01]
5900 [5.4846e-01]
6000 [5.4969e-01]
6100 [5.5096e-01]
6200 [5.5216e-01]
6300 [5.5318e-01]
6400 [5.5427e-01]
6500 [5.5510e-01]
6600 [5.5604e-01]
6700 [5.5692e-01]
6800 [5.5760e-01]
6900 [5.5839e-01]
7000 [5.5898e-01]
7100 [5.5965e-01]
7200 [5.6025e-01]
7300 [5.6073e-01]
7400 [5.6129e-01]
7500 [5.6162e-01]
7600 [5.6207e-01]
7700 [5.6251e-01]
7800 [5.6271e-01]
7900 [5.6304e-01]
8000 [5.6335e-01]
8100 [5.6347e-01]
8200 [5.6367e-01]
8300 [5.6386e-01]
8400 [5.6382e-01]
8500 [5.6392e-01]
8600 [5.6397e-01]
8700 [5.6372e-01]
8800 [5.6371e-01]
8900 [5.6366e-01]
9000 [5.6356e-01]
9100 [5.6326e-01]
9200 [5.6309e-01]
9300 [5.6281e-01]
9400 [5.6251e-01]
9500 [5.6224e-01]
9600 [5.6177e-01]
9700 [5.6145e-01]
9800 [5.6108e-01]
9900 [5.6054e-01]
10000 [5.6012e-01]
10100 [5.5958e-01]
10200 [5.5903e-01]
10300 [5.5852e-01]
10400 [5.5783e-01]
10500 [5.5727e-01]
10600 [5.5666e-01]
10700 [5.5588e-01]
10800 [5.5524e-01]
10900 [5.5455e-01]
11000 [5.5368e-01]
11100 [5.5295e-01]
11200 [5.5207e-01]
11300 [5.5125e-01]
11400 [5.5041e-01]
11500 [5.4941e-01]
11600 [5.4856e-01]
11700 [5.4764e-01]
11800 [5.4660e-01]
11900 [5.4565e-01]
12000 [5.4454e-01]
12100 [5.4356e-01]
12200 [5.4253e-01]
12300 [5.4139e-01]
12400 [5.4036e-01]
12500 [5.3923e-01]
12600 [5.3815e-01]
12700 [5.3709e-01]
12800 [5.3589e-01]
12900 [5.3489e-01]
13000 [5.3385e-01]
13100 [5.3272e-01]
13200 [5.3173e-01]
13300 [5.3066e-01]
13400 [5.2967e-01]
13500 [5.2872e-01]
13600 [5.2770e-01]
13700 [5.2683e-01]
13800 [5.2592e-01]
13900 [5.2502e-01]
14000 [5.2423e-01]
14100 [5.2343e-01]
14200 [5.2258e-01]
14300 [5.2187e-01]
14400 [5.2109e-01]
14500 [5.2039e-01]
14600 [5.1973e-01]
14700 [5.1900e-01]
14800 [5.1841e-01]
14900 [5.1782e-01]
15000 [5.1712e-01]
15100 [5.1662e-01]
15200 [5.1612e-01]
15300 [5.1561e-01]
15400 [5.1503e-01]
15500 [5.1459e-01]
15600 [5.1415e-01]
15700 [5.1364e-01]
15800 [5.1324e-01]
15900 [5.1277e-01]
16000 [5.1240e-01]
16100 [5.1200e-01]
16200 [5.1160e-01]
16300 [5.1128e-01]
16400 [5.1090e-01]
16500 [5.1060e-01]
16600 [5.1022e-01]
16700 [5.0996e-01]
16800 [5.0970e-01]
16900 [5.0936e-01]
17000 [5.0913e-01]
17100 [5.0882e-01]
17200 [5.0861e-01]
17300 [5.0841e-01]
17400 [5.0816e-01]
17500 [5.0796e-01]
17600 [5.0773e-01]
17700 [5.0750e-01]
17800 [5.0735e-01]
17900 [5.0712e-01]
18000 [5.0698e-01]
18100 [5.0680e-01]
18200 [5.0663e-01]
18300 [5.0650e-01]
18400 [5.0632e-01]
18500 [5.0622e-01]
18600 [5.0604e-01]
18700 [5.0595e-01]
18800 [5.0582e-01]
18900 [5.0570e-01]
19000 [5.0555e-01]
19100 [5.0548e-01]
19200 [5.0532e-01]
19300 [5.0526e-01]
19400 [5.0517e-01]
19500 [5.0509e-01]
19600 [5.0500e-01]
19700 [5.0488e-01]
19800 [5.0484e-01]
19900 [5.0472e-01]
20000 [5.0468e-01]
20100 [5.0457e-01]
20200 [5.0453e-01]
20300 [5.0450e-01]
20400 [5.0434e-01]
20500 [5.0433e-01]
20600 [5.0430e-01]
20700 [5.0418e-01]
20800 [5.0415e-01]
20900 [5.0414e-01]
21000 [5.0403e-01]
21100 [5.0397e-01]
21200 [5.0396e-01]
21300 [5.0396e-01]
21400 [5.0383e-01]
21500 [5.0383e-01]
21600 [5.0383e-01]
21700 [5.0373e-01]
21800 [5.0371e-01]
21900 [5.0371e-01]
22000 [5.0362e-01]
22100 [5.0361e-01]
22200 [5.0361e-01]
22300 [5.0352e-01]
22400 [5.0353e-01]
22500 [5.0353e-01]
22600 [5.0337e-01]
22700 [5.0337e-01]
22800 [5.0338e-01]
22900 [5.0340e-01]
23000 [5.0337e-01]
23100 [5.0335e-01]
23200 [5.0330e-01]
23300 [5.0331e-01]
23400 [5.0323e-01]
23500 [5.0325e-01]
23600 [5.0323e-01]
23700 [5.0318e-01]
23800 [5.0319e-01]
23900 [5.0310e-01]
24000 [5.0312e-01]
24100 [5.0314e-01]
24200 [5.0305e-01]
24300 [5.0306e-01]
24400 [5.0308e-01]
24500 [5.0304e-01]
24600 [5.0302e-01]
24700 [5.0302e-01]
24800 [5.0294e-01]
24900 [5.0291e-01]
25000 [5.0293e-01]
25100 [5.0295e-01]
25200 [5.0290e-01]
25300 [5.0290e-01]
25400 [5.0292e-01]
25500 [5.0284e-01]
25600 [5.0286e-01]
25700 [5.0288e-01]
25800 [5.0280e-01]
25900 [5.0282e-01]
26000 [5.0287e-01]
26100 [5.0275e-01]
26200 [5.0278e-01]
26300 [5.0279e-01]
26400 [5.0277e-01]
26500 [5.0275e-01]
26600 [5.0270e-01]
26700 [5.0273e-01]
26800 [5.0268e-01]
26900 [5.0270e-01]
27000 [5.0265e-01]
27100 [5.0268e-01]
27200 [5.0260e-01]
27300 [5.0259e-01]
27400 [5.0262e-01]
27500 [5.0264e-01]
27600 [5.0257e-01]
27700 [5.0260e-01]
27800 [5.0264e-01]
27900 [5.0251e-01]
28000 [5.0254e-01]
28100 [5.0257e-01]
28200 [5.0248e-01]
28300 [5.0251e-01]
28400 [5.0254e-01]
28500 [5.0248e-01]
28600 [5.0251e-01]
28700 [5.0245e-01]
28800 [5.0247e-01]
28900 [5.0251e-01]
29000 [5.0243e-01]
29100 [5.0246e-01]
29200 [5.0239e-01]
29300 [5.0241e-01]
29400 [5.0244e-01]
29500 [5.0233e-01]
29600 [5.0236e-01]
29700 [5.0239e-01]
29800 [5.0241e-01]
29900 [5.0234e-01]
30000 [5.0237e-01]
30100 [5.0235e-01]
30200 [5.0237e-01]
30300 [5.0232e-01]
30400 [5.0235e-01]
30500 [5.0229e-01]
30600 [5.0232e-01]
30700 [5.0235e-01]
30800 [5.0228e-01]
30900 [5.0231e-01]
31000 [5.0223e-01]
31100 [5.0225e-01]
31200 [5.0228e-01]
31300 [5.0219e-01]
31400 [5.0221e-01]
31500 [5.0224e-01]
31600 [5.0218e-01]
31700 [5.0220e-01]
31800 [5.0223e-01]
31900 [5.0214e-01]
32000 [5.0218e-01]
32100 [5.0221e-01]
32200 [5.0214e-01]
32300 [5.0215e-01]
32400 [5.0218e-01]
32500 [5.0211e-01]
32600 [5.0211e-01]
32700 [5.0214e-01]
32800 [5.0217e-01]
32900 [5.0207e-01]
33000 [5.0210e-01]
33100 [5.0213e-01]
33200 [5.0208e-01]
33300 [5.0211e-01]
33400 [5.0214e-01]
33500 [5.0201e-01]
33600 [5.0204e-01]
33700 [5.0208e-01]
33800 [5.0211e-01]
33900 [5.0201e-01]
34000 [5.0204e-01]
34100 [5.0207e-01]
34200 [5.0201e-01]
34300 [5.0201e-01]
34400 [5.0204e-01]
34500 [5.0208e-01]
34600 [5.0200e-01]
34700 [5.0203e-01]
34800 [5.0206e-01]
34900 [5.0195e-01]
35000 [5.0198e-01]
35100 [5.0202e-01]
35200 [5.0196e-01]
35300 [5.0199e-01]
35400 [5.0203e-01]
35500 [5.0196e-01]
35600 [5.0199e-01]
35700 [5.0198e-01]
35800 [5.0198e-01]
35900 [5.0193e-01]
36000 [5.0194e-01]
36100 [5.0198e-01]
36200 [5.0190e-01]
36300 [5.0191e-01]
36400 [5.0195e-01]
36500 [5.0195e-01]
36600 [5.0194e-01]
36700 [5.0196e-01]
36800 [5.0192e-01]
36900 [5.0198e-01]
37000 [5.0191e-01]
37100 [5.0194e-01]
37200 [5.0192e-01]
37300 [5.0189e-01]
37400 [5.0192e-01]
37500 [5.0187e-01]
37600 [5.0190e-01]
37700 [5.0185e-01]
37800 [5.0186e-01]
37900 [5.0190e-01]
38000 [5.0186e-01]
38100 [5.0189e-01]
38200 [5.0184e-01]
38300 [5.0188e-01]
38400 [5.0180e-01]
38500 [5.0182e-01]
38600 [5.0186e-01]
38700 [5.0183e-01]
38800 [5.0185e-01]
38900 [5.0180e-01]
39000 [5.0183e-01]
39100 [5.0183e-01]
39200 [5.0180e-01]
39300 [5.0184e-01]
39400 [5.0178e-01]
39500 [5.0181e-01]
39600 [5.0186e-01]
39700 [5.0176e-01]
39800 [5.0180e-01]
39900 [5.0183e-01]
40000 [5.0172e-01]
40100 [5.0176e-01]
40200 [5.0180e-01]
40300 [5.0173e-01]
40400 [5.0176e-01]
40500 [5.0179e-01]
40600 [5.0175e-01]
40700 [5.0178e-01]
40800 [5.0172e-01]
40900 [5.0175e-01]
41000 [5.0176e-01]
41100 [5.0176e-01]
41200 [5.0174e-01]
41300 [5.0176e-01]
41400 [5.0173e-01]
41500 [5.0176e-01]
41600 [5.0173e-01]
41700 [5.0173e-01]
41800 [5.0172e-01]
41900 [5.0175e-01]
42000 [5.0165e-01]
42100 [5.0169e-01]
42200 [5.0173e-01]
42300 [5.0173e-01]
42400 [5.0172e-01]
42500 [5.0169e-01]
42600 [5.0172e-01]
42700 [5.0167e-01]
42800 [5.0171e-01]
42900 [5.0167e-01]
43000 [5.0170e-01]
43100 [5.0165e-01]
43200 [5.0169e-01]
43300 [5.0164e-01]
43400 [5.0166e-01]
43500 [5.0170e-01]
43600 [5.0166e-01]
43700 [5.0171e-01]
43800 [5.0165e-01]
43900 [5.0169e-01]
44000 [5.0163e-01]
44100 [5.0167e-01]
44200 [5.0160e-01]
44300 [5.0162e-01]
44400 [5.0166e-01]
44500 [5.0165e-01]
44600 [5.0164e-01]
44700 [5.0166e-01]
44800 [5.0162e-01]
44900 [5.0166e-01]
45000 [5.0160e-01]
45100 [5.0164e-01]
45200 [5.0160e-01]
45300 [5.0164e-01]
45400 [5.0158e-01]
45500 [5.0162e-01]
45600 [5.0164e-01]
45700 [5.0159e-01]
45800 [5.0163e-01]
45900 [5.0163e-01]
46000 [5.0160e-01]
46100 [5.0164e-01]
46200 [5.0159e-01]
46300 [5.0163e-01]
46400 [5.0156e-01]
46500 [5.0159e-01]
46600 [5.0163e-01]
46700 [5.0158e-01]
46800 [5.0161e-01]
46900 [5.0159e-01]
47000 [5.0157e-01]
47100 [5.0161e-01]
47200 [5.0162e-01]
47300 [5.0159e-01]
47400 [5.0162e-01]
47500 [5.0160e-01]
47600 [5.0163e-01]
47700 [5.0155e-01]
47800 [5.0159e-01]
47900 [5.0158e-01]
48000 [5.0163e-01]
48100 [5.0160e-01]
48200 [5.0159e-01]
48300 [5.0160e-01]
48400 [5.0157e-01]
48500 [5.0157e-01]
48600 [5.0161e-01]
48700 [5.0156e-01]
48800 [5.0160e-01]
48900 [5.0152e-01]
49000 [5.0155e-01]
49100 [5.0159e-01]
49200 [5.0156e-01]
49300 [5.0157e-01]
49400 [5.0161e-01]
49500 [5.0157e-01]
49600 [5.0161e-01]
49700 [5.0153e-01]
49800 [5.0157e-01]
49900 [5.0161e-01]
50000 [5.0154e-01]
50100 [5.0158e-01]
50200 [5.0154e-01]
50300 [5.0155e-01]
50400 [5.0159e-01]
50500 [5.0155e-01]
50600 [5.0159e-01]
50700 [5.0150e-01]
50800 [5.0154e-01]
50900 [5.0158e-01]
51000 [5.0157e-01]
51100 [5.0152e-01]
51200 [5.0154e-01]
51300 [5.0158e-01]
51400 [5.0152e-01]
51500 [5.0156e-01]
51600 [5.0154e-01]
51700 [5.0154e-01]
51800 [5.0158e-01]
51900 [5.0148e-01]
52000 [5.0152e-01]
52100 [5.0156e-01]
52200 [5.0153e-01]
52300 [5.0156e-01]
52400 [5.0151e-01]
52500 [5.0155e-01]
52600 [5.0150e-01]
52700 [5.0153e-01]
52800 [5.0157e-01]
52900 [5.0154e-01]
53000 [5.0155e-01]
53100 [5.0151e-01]
53200 [5.0155e-01]
53300 [5.0148e-01]
53400 [5.0152e-01]
53500 [5.0149e-01]
53600 [5.0152e-01]
53700 [5.0153e-01]
53800 [5.0147e-01]
53900 [5.0151e-01]
54000 [5.0156e-01]
54100 [5.0149e-01]
54200 [5.0153e-01]
54300 [5.0149e-01]
54400 [5.0153e-01]
54500 [5.0147e-01]
54600 [5.0152e-01]
54700 [5.0145e-01]
54800 [5.0149e-01]
54900 [5.0153e-01]
55000 [5.0145e-01]
55100 [5.0149e-01]
55200 [5.0149e-01]
55300 [5.0149e-01]
55400 [5.0144e-01]
55500 [5.0148e-01]
55600 [5.0142e-01]
55700 [5.0145e-01]
55800 [5.0146e-01]
55900 [5.0145e-01]
56000 [5.0144e-01]
56100 [5.0142e-01]
56200 [5.0146e-01]
56300 [5.0139e-01]
56400 [5.0143e-01]
56500 [5.0144e-01]
56600 [5.0144e-01]
56700 [5.0143e-01]
56800 [5.0141e-01]
56900 [5.0144e-01]
57000 [5.0139e-01]
57100 [5.0141e-01]
57200 [5.0140e-01]
57300 [5.0136e-01]
57400 [5.0139e-01]
57500 [5.0137e-01]
57600 [5.0135e-01]
57700 [5.0138e-01]
57800 [5.0138e-01]
57900 [5.0137e-01]
58000 [5.0136e-01]
58100 [5.0134e-01]
58200 [5.0137e-01]
58300 [5.0133e-01]
58400 [5.0135e-01]
58500 [5.0131e-01]
58600 [5.0135e-01]
58700 [5.0127e-01]
58800 [5.0130e-01]
58900 [5.0132e-01]
59000 [5.0131e-01]
59100 [5.0129e-01]
59200 [5.0128e-01]
59300 [5.0130e-01]
59400 [5.0125e-01]
59500 [5.0129e-01]
59600 [5.0123e-01]
59700 [5.0127e-01]
59800 [5.0120e-01]
59900 [5.0122e-01]
60000 [5.0126e-01]
60100 [5.0121e-01]
60200 [5.0124e-01]
60300 [5.0117e-01]
60400 [5.0121e-01]
60500 [5.0124e-01]
60600 [5.0119e-01]
60700 [5.0123e-01]
60800 [5.0115e-01]
60900 [5.0119e-01]
61000 [5.0120e-01]
61100 [5.0119e-01]
61200 [5.0116e-01]
61300 [5.0113e-01]
61400 [5.0114e-01]
61500 [5.0117e-01]
61600 [5.0115e-01]
61700 [5.0116e-01]
61800 [5.0113e-01]
61900 [5.0108e-01]
62000 [5.0110e-01]
62100 [5.0112e-01]
62200 [5.0111e-01]
62300 [5.0110e-01]
62400 [5.0107e-01]
62500 [5.0108e-01]
62600 [5.0106e-01]
62700 [5.0108e-01]
62800 [5.0104e-01]
62900 [5.0107e-01]
63000 [5.0101e-01]
63100 [5.0105e-01]
63200 [5.0099e-01]
63300 [5.0103e-01]
63400 [5.0096e-01]
63500 [5.0100e-01]
63600 [5.0101e-01]
63700 [5.0102e-01]
63800 [5.0100e-01]
63900 [5.0097e-01]
64000 [5.0095e-01]
64100 [5.0096e-01]
64200 [5.0095e-01]
64300 [5.0097e-01]
64400 [5.0092e-01]
64500 [5.0095e-01]
64600 [5.0089e-01]
64700 [5.0092e-01]
64800 [5.0094e-01]
64900 [5.0087e-01]
65000 [5.0090e-01]
65100 [5.0089e-01]
65200 [5.0091e-01]
65300 [5.0088e-01]
65400 [5.0089e-01]
65500 [5.0088e-01]
65600 [5.0085e-01]
65700 [5.0091e-01]
65800 [5.0083e-01]
65900 [5.0086e-01]
66000 [5.0085e-01]
66100 [5.0083e-01]
66200 [5.0079e-01]
66300 [5.0082e-01]
66400 [5.0079e-01]
66500 [5.0082e-01]
66600 [5.0076e-01]
66700 [5.0079e-01]
66800 [5.0073e-01]
66900 [5.0075e-01]
67000 [5.0078e-01]
67100 [5.0078e-01]
67200 [5.0077e-01]
67300 [5.0075e-01]
67400 [5.0073e-01]
67500 [5.0076e-01]
67600 [5.0070e-01]
67700 [5.0075e-01]
67800 [5.0072e-01]
67900 [5.0073e-01]
68000 [5.0070e-01]
68100 [5.0069e-01]
68200 [5.0068e-01]
68300 [5.0070e-01]
68400 [5.0068e-01]
68500 [5.0065e-01]
68600 [5.0069e-01]
68700 [5.0061e-01]
68800 [5.0065e-01]
68900 [5.0062e-01]
69000 [5.0066e-01]
69100 [5.0059e-01]
69200 [5.0063e-01]
69300 [5.0060e-01]
69400 [5.0062e-01]
69500 [5.0059e-01]
69600 [5.0059e-01]
69700 [5.0063e-01]
69800 [5.0054e-01]
69900 [5.0058e-01]
70000 [5.0057e-01]
70100 [5.0060e-01]
70200 [5.0054e-01]
70300 [5.0058e-01]
70400 [5.0051e-01]
70500 [5.0054e-01]
70600 [5.0056e-01]
70700 [5.0053e-01]
70800 [5.0055e-01]
70900 [5.0051e-01]
71000 [5.0053e-01]
71100 [5.0048e-01]
71200 [5.0050e-01]
71300 [5.0050e-01]
71400 [5.0044e-01]
71500 [5.0047e-01]
71600 [5.0051e-01]
71700 [5.0041e-01]
71800 [5.0045e-01]
71900 [5.0045e-01]
72000 [5.0043e-01]
72100 [5.0047e-01]
72200 [5.0040e-01]
72300 [5.0044e-01]
72400 [5.0050e-01]
72500 [5.0039e-01]
72600 [5.0043e-01]
72700 [5.0040e-01]
72800 [5.0044e-01]
72900 [5.0038e-01]
73000 [5.0042e-01]
73100 [5.0036e-01]
73200 [5.0040e-01]
73300 [5.0039e-01]
73400 [5.0037e-01]
73500 [5.0037e-01]
73600 [5.0036e-01]
73700 [5.0034e-01]
73800 [5.0035e-01]
73900 [5.0033e-01]
74000 [5.0033e-01]
74100 [5.0037e-01]
74200 [5.0031e-01]
74300 [5.0035e-01]
74400 [5.0030e-01]
74500 [5.0034e-01]
74600 [5.0028e-01]
74700 [5.0032e-01]
74800 [5.0023e-01]
74900 [5.0027e-01]
75000 [5.0029e-01]
75100 [5.0027e-01]
75200 [5.0029e-01]
75300 [5.0027e-01]
75400 [5.0022e-01]
75500 [5.0025e-01]
75600 [5.0023e-01]
75700 [5.0022e-01]
75800 [5.0026e-01]
75900 [5.0016e-01]
76000 [5.0021e-01]
76100 [5.0020e-01]
76200 [5.0024e-01]
76300 [5.0018e-01]
76400 [5.0022e-01]
76500 [5.0014e-01]
76600 [5.0019e-01]
76700 [5.0019e-01]
76800 [5.0016e-01]
76900 [5.0020e-01]
77000 [5.0013e-01]
77100 [5.0017e-01]
77200 [5.0014e-01]
77300 [5.0013e-01]
77400 [5.0017e-01]
77500 [5.0010e-01]
77600 [5.0014e-01]
77700 [5.0013e-01]
77800 [5.0010e-01]
77900 [5.0016e-01]
78000 [5.0012e-01]
78100 [5.0012e-01]
78200 [5.0013e-01]
78300 [5.0009e-01]
78400 [5.0012e-01]
78500 [5.0011e-01]
78600 [5.0008e-01]
78700 [5.0014e-01]
78800 [5.0007e-01]
78900 [5.0008e-01]
79000 [5.0007e-01]
79100 [5.0012e-01]
79200 [5.0007e-01]
79300 [5.0002e-01]
79400 [5.0004e-01]
79500 [5.0005e-01]
79600 [5.0005e-01]
79700 [5.0008e-01]
79800 [5.0000e-01]
79900 [5.0005e-01]
80000 [4.9997e-01]
80100 [4.9999e-01]
80200 [5.0003e-01]
80300 [4.9999e-01]
80400 [5.0002e-01]
80500 [5.0001e-01]
80600 [5.0000e-01]
80700 [5.0003e-01]
80800 [4.9999e-01]
80900 [5.0005e-01]
81000 [4.9997e-01]
81100 [4.9999e-01]
81200 [5.0002e-01]
81300 [4.9994e-01]
81400 [4.9998e-01]
81500 [4.9994e-01]
81600 [4.9990e-01]
81700 [4.9994e-01]
81800 [4.9993e-01]
81900 [4.9998e-01]
82000 [4.9992e-01]
82100 [4.9996e-01]
82200 [4.9989e-01]
82300 [4.9994e-01]
82400 [4.9990e-01]
82500 [4.9995e-01]
82600 [4.9986e-01]
82700 [4.9988e-01]
82800 [4.9993e-01]
82900 [4.9993e-01]
83000 [4.9989e-01]
83100 [4.9993e-01]
83200 [4.9986e-01]
83300 [4.9990e-01]
83400 [4.9992e-01]
83500 [4.9994e-01]
83600 [4.9989e-01]
83700 [4.9994e-01]
83800 [4.9987e-01]
83900 [4.9990e-01]
84000 [4.9989e-01]
84100 [4.9989e-01]
84200 [4.9991e-01]
84300 [4.9988e-01]
84400 [4.9986e-01]
84500 [4.9987e-01]
84600 [4.9987e-01]
84700 [4.9981e-01]
84800 [4.9985e-01]
84900 [4.9988e-01]
85000 [4.9988e-01]
85100 [4.9986e-01]
85200 [4.9983e-01]
85300 [4.9987e-01]
85400 [4.9986e-01]
85500 [4.9988e-01]
85600 [4.9985e-01]
85700 [4.9981e-01]
85800 [4.9985e-01]
85900 [4.9984e-01]
86000 [4.9982e-01]
86100 [4.9980e-01]
86200 [4.9984e-01]
86300 [4.9981e-01]
86400 [4.9982e-01]
86500 [4.9981e-01]
86600 [4.9977e-01]
86700 [4.9980e-01]
86800 [4.9980e-01]
86900 [4.9978e-01]
87000 [4.9981e-01]
87100 [4.9974e-01]
87200 [4.9979e-01]
87300 [4.9980e-01]
87400 [4.9979e-01]
87500 [4.9977e-01]
87600 [4.9982e-01]
87700 [4.9980e-01]
87800 [4.9979e-01]
87900 [4.9975e-01]
88000 [4.9980e-01]
88100 [4.9979e-01]
88200 [4.9976e-01]
88300 [4.9976e-01]
88400 [4.9976e-01]
88500 [4.9977e-01]
88600 [4.9976e-01]
88700 [4.9976e-01]
88800 [4.9978e-01]
88900 [4.9973e-01]
89000 [4.9977e-01]
89100 [4.9973e-01]
89200 [4.9978e-01]
89300 [4.9971e-01]
89400 [4.9975e-01]
89500 [4.9973e-01]
89600 [4.9973e-01]
89700 [4.9975e-01]
89800 [4.9971e-01]
89900 [4.9976e-01]
90000 [4.9970e-01]
90100 [4.9975e-01]
90200 [4.9972e-01]
90300 [4.9973e-01]
90400 [4.9971e-01]
90500 [4.9974e-01]
90600 [4.9974e-01]
90700 [4.9972e-01]
90800 [4.9969e-01]
90900 [4.9974e-01]
91000 [4.9968e-01]
91100 [4.9972e-01]
91200 [4.9972e-01]
91300 [4.9971e-01]
91400 [4.9968e-01]
91500 [4.9971e-01]
91600 [4.9974e-01]
91700 [4.9970e-01]
91800 [4.9967e-01]
91900 [4.9969e-01]
92000 [4.9964e-01]
92100 [4.9966e-01]
92200 [4.9967e-01]
92300 [4.9971e-01]
92400 [4.9966e-01]
92500 [4.9971e-01]
92600 [4.9964e-01]
92700 [4.9969e-01]
92800 [4.9970e-01]
92900 [4.9968e-01]
93000 [4.9969e-01]
93100 [4.9966e-01]
93200 [4.9965e-01]
93300 [4.9966e-01]
93400 [4.9967e-01]
93500 [4.9963e-01]
93600 [4.9968e-01]
93700 [4.9961e-01]
93800 [4.9965e-01]
93900 [4.9966e-01]
94000 [4.9963e-01]
94100 [4.9966e-01]
94200 [4.9961e-01]
94300 [4.9965e-01]
94400 [4.9968e-01]
94500 [4.9966e-01]
94600 [4.9962e-01]
94700 [4.9967e-01]
94800 [4.9960e-01]
94900 [4.9965e-01]
95000 [4.9965e-01]
95100 [4.9966e-01]
95200 [4.9965e-01]
95300 [4.9964e-01]
95400 [4.9962e-01]
95500 [4.9963e-01]
95600 [4.9964e-01]
95700 [4.9959e-01]
95800 [4.9964e-01]
95900 [4.9959e-01]
96000 [4.9964e-01]
96100 [4.9959e-01]
96200 [4.9965e-01]
96300 [4.9964e-01]
96400 [4.9960e-01]
96500 [4.9959e-01]
96600 [4.9960e-01]
96700 [4.9962e-01]
96800 [4.9964e-01]
96900 [4.9962e-01]
97000 [4.9959e-01]
97100 [4.9962e-01]
97200 [4.9960e-01]
97300 [4.9958e-01]
97400 [4.9964e-01]
97500 [4.9958e-01]
97600 [4.9961e-01]
97700 [4.9960e-01]
97800 [4.9956e-01]
97900 [4.9961e-01]
98000 [4.9954e-01]
98100 [4.9959e-01]
98200 [4.9957e-01]
98300 [4.9963e-01]
98400 [4.9958e-01]
98500 [4.9953e-01]
98600 [4.9958e-01]
98700 [4.9957e-01]
98800 [4.9955e-01]
98900 [4.9957e-01]
99000 [4.9957e-01]
99100 [4.9958e-01]
99200 [4.9953e-01]
99300 [4.9958e-01]
99400 [4.9953e-01]
99500 [4.9958e-01]
99600 [4.9949e-01]
99700 [4.9954e-01]
99800 [4.9954e-01]
99900 [4.9959e-01]
100000 [4.9953e-01]
100100 [4.9958e-01]
100200 [4.9957e-01]
100300 [4.9957e-01]
100400 [4.9956e-01]
100500 [4.9953e-01]
100600 [4.9957e-01]
100700 [4.9958e-01]
100800 [4.9955e-01]
100900 [4.9951e-01]
101000 [4.9956e-01]
101100 [4.9954e-01]
101200 [4.9953e-01]
101300 [4.9956e-01]
101400 [4.9951e-01]
101500 [4.9956e-01]
101600 [4.9949e-01]
101700 [4.9954e-01]
101800 [4.9952e-01]
101900 [4.9957e-01]
102000 [4.9950e-01]
102100 [4.9955e-01]
102200 [4.9956e-01]
102300 [4.9951e-01]
102400 [4.9956e-01]
102500 [4.9949e-01]
102600 [4.9954e-01]
102700 [4.9955e-01]
102800 [4.9952e-01]
102900 [4.9951e-01]
103000 [4.9953e-01]
103100 [4.9947e-01]
103200 [4.9952e-01]
103300 [4.9953e-01]
103400 [4.9954e-01]
103500 [4.9952e-01]
103600 [4.9948e-01]
103700 [4.9952e-01]
103800 [4.9952e-01]
103900 [4.9950e-01]
104000 [4.9953e-01]
104100 [4.9952e-01]
104200 [4.9954e-01]
104300 [4.9952e-01]
104400 [4.9950e-01]
104500 [4.9949e-01]
104600 [4.9952e-01]
104700 [4.9949e-01]
104800 [4.9954e-01]
104900 [4.9948e-01]
105000 [4.9953e-01]
105100 [4.9950e-01]
105200 [4.9954e-01]
105300 [4.9945e-01]
105400 [4.9950e-01]
105500 [4.9943e-01]
105600 [4.9948e-01]
105700 [4.9953e-01]
105800 [4.9946e-01]
105900 [4.9951e-01]
106000 [4.9943e-01]
106100 [4.9948e-01]
106200 [4.9954e-01]
106300 [4.9947e-01]
106400 [4.9948e-01]
106500 [4.9947e-01]
106600 [4.9952e-01]
106700 [4.9943e-01]
106800 [4.9948e-01]
106900 [4.9945e-01]
107000 [4.9950e-01]
107100 [4.9944e-01]
107200 [4.9948e-01]
107300 [4.9952e-01]
107400 [4.9950e-01]
107500 [4.9950e-01]
107600 [4.9945e-01]
107700 [4.9950e-01]
107800 [4.9948e-01]
107900 [4.9947e-01]
108000 [4.9953e-01]
108100 [4.9947e-01]
108200 [4.9952e-01]
108300 [4.9945e-01]
108400 [4.9950e-01]
108500 [4.9942e-01]
108600 [4.9947e-01]
108700 [4.9946e-01]
108800 [4.9951e-01]
108900 [4.9944e-01]
109000 [4.9949e-01]
109100 [4.9940e-01]
109200 [4.9946e-01]
109300 [4.9949e-01]
109400 [4.9946e-01]
109500 [4.9943e-01]
109600 [4.9947e-01]
109700 [4.9948e-01]
109800 [4.9946e-01]
109900 [4.9946e-01]
110000 [4.9947e-01]
110100 [4.9944e-01]
110200 [4.9950e-01]
110300 [4.9944e-01]
110400 [4.9949e-01]
110500 [4.9945e-01]
110600 [4.9944e-01]
110700 [4.9945e-01]
110800 [4.9947e-01]
110900 [4.9943e-01]
111000 [4.9948e-01]
111100 [4.9945e-01]
111200 [4.9947e-01]
111300 [4.9945e-01]
111400 [4.9946e-01]
111500 [4.9941e-01]
111600 [4.9946e-01]
111700 [4.9942e-01]
111800 [4.9947e-01]
111900 [4.9935e-01]
112000 [4.9939e-01]
112100 [4.9944e-01]
112200 [4.9943e-01]
112300 [4.9946e-01]
112400 [4.9940e-01]
112500 [4.9945e-01]
112600 [4.9942e-01]
112700 [4.9946e-01]
112800 [4.9941e-01]
112900 [4.9946e-01]
113000 [4.9940e-01]
113100 [4.9944e-01]
113200 [4.9945e-01]
113300 [4.9944e-01]
113400 [4.9943e-01]
113500 [4.9949e-01]
113600 [4.9943e-01]
113700 [4.9947e-01]
113800 [4.9945e-01]
113900 [4.9939e-01]
114000 [4.9945e-01]
114100 [4.9939e-01]
114200 [4.9943e-01]
114300 [4.9947e-01]
114400 [4.9946e-01]
114500 [4.9941e-01]
114600 [4.9946e-01]
114700 [4.9941e-01]
114800 [4.9946e-01]
114900 [4.9941e-01]
115000 [4.9946e-01]
115100 [4.9946e-01]
115200 [4.9943e-01]
115300 [4.9943e-01]
115400 [4.9944e-01]
115500 [4.9944e-01]
115600 [4.9943e-01]
115700 [4.9944e-01]
115800 [4.9938e-01]
115900 [4.9942e-01]
116000 [4.9944e-01]
116100 [4.9949e-01]
116200 [4.9946e-01]
116300 [4.9941e-01]
116400 [4.9946e-01]
116500 [4.9939e-01]
116600 [4.9945e-01]
116700 [4.9944e-01]
116800 [4.9940e-01]
116900 [4.9945e-01]
117000 [4.9940e-01]
117100 [4.9945e-01]
117200 [4.9940e-01]
117300 [4.9945e-01]
117400 [4.9941e-01]
117500 [4.9946e-01]
117600 [4.9938e-01]
117700 [4.9944e-01]
117800 [4.9942e-01]
117900 [4.9945e-01]
118000 [4.9941e-01]
118100 [4.9946e-01]
118200 [4.9944e-01]
118300 [4.9941e-01]
118400 [4.9943e-01]
118500 [4.9942e-01]
118600 [4.9941e-01]
118700 [4.9947e-01]
118800 [4.9939e-01]
118900 [4.9944e-01]
119000 [4.9943e-01]
119100 [4.9940e-01]
119200 [4.9944e-01]
119300 [4.9945e-01]
119400 [4.9944e-01]
119500 [4.9942e-01]
119600 [4.9942e-01]
119700 [4.9942e-01]
119800 [4.9943e-01]
119900 [4.9946e-01]
120000 [4.9944e-01]
120100 [4.9941e-01]
120200 [4.9944e-01]
120300 [4.9942e-01]
120400 [4.9939e-01]
120500 [4.9944e-01]
120600 [4.9941e-01]
120700 [4.9942e-01]
120800 [4.9942e-01]
120900 [4.9938e-01]
121000 [4.9940e-01]
121100 [4.9943e-01]
121200 [4.9943e-01]
121300 [4.9939e-01]
121400 [4.9944e-01]
121500 [4.9940e-01]
121600 [4.9940e-01]
121700 [4.9942e-01]
121800 [4.9942e-01]
121900 [4.9942e-01]
122000 [4.9940e-01]
122100 [4.9944e-01]
122200 [4.9939e-01]
122300 [4.9943e-01]
122400 [4.9938e-01]
122500 [4.9943e-01]
122600 [4.9937e-01]
122700 [4.9943e-01]
122800 [4.9943e-01]
122900 [4.9943e-01]
123000 [4.9939e-01]
123100 [4.9944e-01]
123200 [4.9942e-01]
123300 [4.9939e-01]
123400 [4.9940e-01]
123500 [4.9937e-01]
123600 [4.9942e-01]
123700 [4.9938e-01]
123800 [4.9943e-01]
123900 [4.9936e-01]
124000 [4.9941e-01]
124100 [4.9942e-01]
124200 [4.9940e-01]
124300 [4.9947e-01]
124400 [4.9938e-01]
124500 [4.9941e-01]
124600 [4.9942e-01]
124700 [4.9936e-01]
124800 [4.9940e-01]
124900 [4.9942e-01]
125000 [4.9940e-01]
125100 [4.9946e-01]
125200 [4.9938e-01]
125300 [4.9943e-01]
125400 [4.9940e-01]
125500 [4.9945e-01]
125600 [4.9939e-01]
125700 [4.9944e-01]
125800 [4.9939e-01]
125900 [4.9944e-01]
126000 [4.9942e-01]
126100 [4.9939e-01]
126200 [4.9944e-01]
126300 [4.9939e-01]
126400 [4.9944e-01]
126500 [4.9942e-01]
126600 [4.9942e-01]
126700 [4.9942e-01]
126800 [4.9942e-01]
126900 [4.9942e-01]
127000 [4.9940e-01]
127100 [4.9943e-01]
127200 [4.9941e-01]
127300 [4.9938e-01]
127400 [4.9942e-01]
127500 [4.9944e-01]
127600 [4.9942e-01]
127700 [4.9939e-01]
127800 [4.9944e-01]
127900 [4.9939e-01]
128000 [4.9942e-01]
128100 [4.9941e-01]
128200 [4.9941e-01]
128300 [4.9944e-01]
128400 [4.9940e-01]
128500 [4.9943e-01]
128600 [4.9944e-01]
128700 [4.9942e-01]
128800 [4.9938e-01]
128900 [4.9942e-01]
129000 [4.9940e-01]
129100 [4.9941e-01]
129200 [4.9941e-01]
129300 [4.9941e-01]
129400 [4.9938e-01]
129500 [4.9943e-01]
129600 [4.9938e-01]
129700 [4.9942e-01]
129800 [4.9941e-01]
129900 [4.9939e-01]
130000 [4.9943e-01]
130100 [4.9944e-01]
130200 [4.9941e-01]
130300 [4.9939e-01]
130400 [4.9938e-01]
130500 [4.9941e-01]
130600 [4.9937e-01]
130700 [4.9941e-01]
130800 [4.9939e-01]
130900 [4.9945e-01]
131000 [4.9939e-01]
131100 [4.9943e-01]
131200 [4.9943e-01]
131300 [4.9937e-01]
131400 [4.9942e-01]
131500 [4.9936e-01]
131600 [4.9941e-01]
131700 [4.9938e-01]
131800 [4.9943e-01]
131900 [4.9937e-01]
132000 [4.9942e-01]
132100 [4.9938e-01]
132200 [4.9943e-01]
132300 [4.9940e-01]
132400 [4.9938e-01]
132500 [4.9941e-01]
132600 [4.9939e-01]
132700 [4.9944e-01]
132800 [4.9936e-01]
132900 [4.9941e-01]
133000 [4.9936e-01]
133100 [4.9940e-01]
133200 [4.9934e-01]
133300 [4.9939e-01]
133400 [4.9942e-01]
133500 [4.9941e-01]
133600 [4.9938e-01]
133700 [4.9943e-01]
133800 [4.9942e-01]
133900 [4.9940e-01]
134000 [4.9937e-01]
134100 [4.9942e-01]
134200 [4.9940e-01]
134300 [4.9940e-01]
134400 [4.9941e-01]
134500 [4.9936e-01]
134600 [4.9941e-01]
134700 [4.9939e-01]
134800 [4.9944e-01]
134900 [4.9940e-01]
135000 [4.9942e-01]
135100 [4.9936e-01]
135200 [4.9942e-01]
135300 [4.9942e-01]
135400 [4.9941e-01]
135500 [4.9944e-01]
135600 [4.9940e-01]
135700 [4.9937e-01]
135800 [4.9939e-01]
135900 [4.9943e-01]
136000 [4.9937e-01]
136100 [4.9942e-01]
136200 [4.9934e-01]
136300 [4.9939e-01]
136400 [4.9943e-01]
136500 [4.9938e-01]
136600 [4.9943e-01]
136700 [4.9935e-01]
136800 [4.9940e-01]
136900 [4.9940e-01]
137000 [4.9942e-01]
137100 [4.9938e-01]
137200 [4.9942e-01]
137300 [4.9942e-01]
137400 [4.9941e-01]
137500 [4.9940e-01]
137600 [4.9941e-01]
137700 [4.9937e-01]
137800 [4.9943e-01]
137900 [4.9942e-01]
138000 [4.9938e-01]
138100 [4.9942e-01]
138200 [4.9938e-01]
138300 [4.9943e-01]
138400 [4.9942e-01]
138500 [4.9940e-01]
138600 [4.9938e-01]
138700 [4.9942e-01]
138800 [4.9942e-01]
138900 [4.9940e-01]
139000 [4.9937e-01]
139100 [4.9942e-01]
139200 [4.9938e-01]
139300 [4.9938e-01]
139400 [4.9937e-01]
139500 [4.9940e-01]
139600 [4.9939e-01]
139700 [4.9941e-01]
139800 [4.9937e-01]
139900 [4.9941e-01]
140000 [4.9938e-01]
140100 [4.9942e-01]
140200 [4.9937e-01]
140300 [4.9941e-01]
140400 [4.9941e-01]
140500 [4.9941e-01]
140600 [4.9939e-01]
140700 [4.9941e-01]
140800 [4.9940e-01]
140900 [4.9938e-01]
141000 [4.9942e-01]
141100 [4.9942e-01]
141200 [4.9939e-01]
141300 [4.9940e-01]
141400 [4.9937e-01]
141500 [4.9942e-01]
141600 [4.9942e-01]
141700 [4.9935e-01]
141800 [4.9941e-01]
141900 [4.9936e-01]
142000 [4.9941e-01]
142100 [4.9933e-01]
142200 [4.9938e-01]
142300 [4.9936e-01]
142400 [4.9938e-01]
142500 [4.9943e-01]
142600 [4.9935e-01]
142700 [4.9941e-01]
142800 [4.9936e-01]
142900 [4.9941e-01]
143000 [4.9930e-01]
143100 [4.9931e-01]
143200 [4.9936e-01]
143300 [4.9939e-01]
143400 [4.9942e-01]
143500 [4.9940e-01]
143600 [4.9936e-01]
143700 [4.9937e-01]
143800 [4.9942e-01]
143900 [4.9940e-01]
144000 [4.9938e-01]
144100 [4.9941e-01]
144200 [4.9936e-01]
144300 [4.9941e-01]
144400 [4.9938e-01]
144500 [4.9942e-01]
144600 [4.9937e-01]
144700 [4.9942e-01]
144800 [4.9940e-01]
144900 [4.9939e-01]
145000 [4.9941e-01]
145100 [4.9935e-01]
145200 [4.9939e-01]
145300 [4.9939e-01]
145400 [4.9939e-01]
145500 [4.9939e-01]
145600 [4.9940e-01]
145700 [4.9941e-01]
145800 [4.9941e-01]
145900 [4.9941e-01]
146000 [4.9940e-01]
146100 [4.9937e-01]
146200 [4.9941e-01]
146300 [4.9941e-01]
146400 [4.9937e-01]
146500 [4.9941e-01]
146600 [4.9941e-01]
146700 [4.9939e-01]
146800 [4.9939e-01]
146900 [4.9937e-01]
147000 [4.9941e-01]
147100 [4.9942e-01]
147200 [4.9942e-01]
147300 [4.9935e-01]
147400 [4.9941e-01]
147500 [4.9940e-01]
147600 [4.9939e-01]
147700 [4.9940e-01]
147800 [4.9937e-01]
147900 [4.9942e-01]
148000 [4.9936e-01]
148100 [4.9940e-01]
148200 [4.9936e-01]
148300 [4.9941e-01]
148400 [4.9940e-01]
148500 [4.9939e-01]
148600 [4.9938e-01]
148700 [4.9939e-01]
148800 [4.9942e-01]
148900 [4.9940e-01]
149000 [4.9940e-01]
149100 [4.9938e-01]
149200 [4.9942e-01]
149300 [4.9937e-01]
149400 [4.9941e-01]
149500 [4.9939e-01]
149600 [4.9937e-01]
149700 [4.9942e-01]
149800 [4.9939e-01]
149900 [4.9936e-01]
150000 [4.9941e-01]
150100 [4.9936e-01]
150200 [4.9941e-01]
150300 [4.9937e-01]
150400 [4.9942e-01]
150500 [4.9936e-01]
150600 [4.9941e-01]
150700 [4.9938e-01]
150800 [4.9944e-01]
150900 [4.9937e-01]
151000 [4.9942e-01]
151100 [4.9935e-01]
151200 [4.9941e-01]
151300 [4.9943e-01]
151400 [4.9936e-01]
151500 [4.9941e-01]
151600 [4.9935e-01]
151700 [4.9940e-01]
151800 [4.9940e-01]
151900 [4.9936e-01]
152000 [4.9941e-01]
152100 [4.9934e-01]
152200 [4.9939e-01]
152300 [4.9942e-01]
152400 [4.9935e-01]
152500 [4.9941e-01]
152600 [4.9934e-01]
152700 [4.9939e-01]
152800 [4.9939e-01]
152900 [4.9943e-01]
153000 [4.9938e-01]
153100 [4.9943e-01]
153200 [4.9940e-01]
153300 [4.9936e-01]
153400 [4.9941e-01]
153500 [4.9941e-01]
153600 [4.9937e-01]
153700 [4.9942e-01]
153800 [4.9936e-01]
153900 [4.9940e-01]
154000 [4.9938e-01]
154100 [4.9941e-01]
154200 [4.9937e-01]
154300 [4.9942e-01]
154400 [4.9940e-01]
154500 [4.9939e-01]
154600 [4.9942e-01]
154700 [4.9939e-01]
154800 [4.9941e-01]
154900 [4.9940e-01]
155000 [4.9937e-01]
155100 [4.9943e-01]
155200 [4.9937e-01]
155300 [4.9941e-01]
155400 [4.9941e-01]
155500 [4.9939e-01]
155600 [4.9935e-01]
155700 [4.9938e-01]
155800 [4.9942e-01]
155900 [4.9935e-01]
156000 [4.9940e-01]
156100 [4.9943e-01]
156200 [4.9941e-01]
156300 [4.9941e-01]
156400 [4.9937e-01]
156500 [4.9941e-01]
156600 [4.9937e-01]
156700 [4.9942e-01]
156800 [4.9940e-01]
156900 [4.9936e-01]
157000 [4.9941e-01]
157100 [4.9941e-01]
157200 [4.9940e-01]
157300 [4.9938e-01]
157400 [4.9941e-01]
157500 [4.9940e-01]
157600 [4.9939e-01]
157700 [4.9937e-01]
157800 [4.9942e-01]
157900 [4.9937e-01]
158000 [4.9940e-01]
158100 [4.9945e-01]
158200 [4.9940e-01]
158300 [4.9936e-01]
158400 [4.9940e-01]
158500 [4.9939e-01]
158600 [4.9935e-01]
158700 [4.9940e-01]
158800 [4.9941e-01]
158900 [4.9935e-01]
159000 [4.9940e-01]
159100 [4.9937e-01]
159200 [4.9942e-01]
159300 [4.9936e-01]
159400 [4.9941e-01]
159500 [4.9938e-01]
159600 [4.9944e-01]
159700 [4.9938e-01]
159800 [4.9940e-01]
159900 [4.9938e-01]
160000 [4.9938e-01]
160100 [4.9937e-01]
160200 [4.9940e-01]
160300 [4.9938e-01]
160400 [4.9943e-01]
160500 [4.9936e-01]
160600 [4.9940e-01]
160700 [4.9938e-01]
160800 [4.9944e-01]
160900 [4.9939e-01]
161000 [4.9937e-01]
161100 [4.9942e-01]
161200 [4.9938e-01]
161300 [4.9943e-01]
161400 [4.9937e-01]
161500 [4.9943e-01]
161600 [4.9936e-01]
161700 [4.9940e-01]
161800 [4.9938e-01]
161900 [4.9941e-01]
162000 [4.9935e-01]
162100 [4.9941e-01]
162200 [4.9936e-01]
162300 [4.9940e-01]
162400 [4.9931e-01]
162500 [4.9936e-01]
162600 [4.9940e-01]
162700 [4.9937e-01]
162800 [4.9940e-01]
162900 [4.9939e-01]
163000 [4.9938e-01]
163100 [4.9936e-01]
163200 [4.9939e-01]
163300 [4.9937e-01]
163400 [4.9940e-01]
163500 [4.9935e-01]
163600 [4.9940e-01]
163700 [4.9936e-01]
163800 [4.9941e-01]
163900 [4.9936e-01]
164000 [4.9941e-01]
164100 [4.9937e-01]
164200 [4.9944e-01]
164300 [4.9938e-01]
164400 [4.9939e-01]
164500 [4.9938e-01]
164600 [4.9937e-01]
164700 [4.9939e-01]
164800 [4.9932e-01]
164900 [4.9937e-01]
165000 [4.9942e-01]
165100 [4.9935e-01]
165200 [4.9940e-01]
165300 [4.9935e-01]
165400 [4.9939e-01]
165500 [4.9936e-01]
165600 [4.9938e-01]
165700 [4.9934e-01]
165800 [4.9936e-01]
165900 [4.9941e-01]
166000 [4.9937e-01]
166100 [4.9942e-01]
166200 [4.9938e-01]
166300 [4.9944e-01]
166400 [4.9939e-01]
166500 [4.9935e-01]
166600 [4.9939e-01]
166700 [4.9938e-01]
166800 [4.9940e-01]
166900 [4.9937e-01]
167000 [4.9937e-01]
167100 [4.9939e-01]
167200 [4.9935e-01]
167300 [4.9940e-01]
167400 [4.9931e-01]
167500 [4.9935e-01]
167600 [4.9939e-01]
167700 [4.9939e-01]
167800 [4.9939e-01]
167900 [4.9937e-01]
168000 [4.9939e-01]
168100 [4.9939e-01]
168200 [4.9940e-01]
168300 [4.9933e-01]
168400 [4.9938e-01]
168500 [4.9940e-01]
168600 [4.9938e-01]
168700 [4.9940e-01]
168800 [4.9935e-01]
168900 [4.9940e-01]
169000 [4.9938e-01]
169100 [4.9943e-01]
169200 [4.9938e-01]
169300 [4.9943e-01]
169400 [4.9937e-01]
169500 [4.9938e-01]
169600 [4.9936e-01]
169700 [4.9935e-01]
169800 [4.9940e-01]
169900 [4.9934e-01]
170000 [4.9938e-01]
170100 [4.9940e-01]
170200 [4.9936e-01]
170300 [4.9939e-01]
170400 [4.9938e-01]
170500 [4.9935e-01]
170600 [4.9941e-01]
170700 [4.9940e-01]
170800 [4.9939e-01]
170900 [4.9936e-01]
171000 [4.9936e-01]
171100 [4.9940e-01]
171200 [4.9936e-01]
171300 [4.9941e-01]
171400 [4.9941e-01]
171500 [4.9939e-01]
171600 [4.9940e-01]
171700 [4.9937e-01]
171800 [4.9942e-01]
171900 [4.9936e-01]
172000 [4.9941e-01]
172100 [4.9937e-01]
172200 [4.9940e-01]
172300 [4.9944e-01]
172400 [4.9941e-01]
172500 [4.9939e-01]
172600 [4.9937e-01]
172700 [4.9941e-01]
172800 [4.9935e-01]
172900 [4.9940e-01]
173000 [4.9931e-01]
173100 [4.9936e-01]
173200 [4.9940e-01]
173300 [4.9936e-01]
173400 [4.9941e-01]
173500 [4.9932e-01]
173600 [4.9937e-01]
173700 [4.9942e-01]
173800 [4.9937e-01]
173900 [4.9942e-01]
174000 [4.9940e-01]
174100 [4.9937e-01]
174200 [4.9941e-01]
174300 [4.9935e-01]
174400 [4.9940e-01]
174500 [4.9937e-01]
174600 [4.9942e-01]
174700 [4.9935e-01]
174800 [4.9940e-01]
174900 [4.9935e-01]
175000 [4.9940e-01]
175100 [4.9934e-01]
175200 [4.9938e-01]
175300 [4.9940e-01]
175400 [4.9938e-01]
175500 [4.9941e-01]
175600 [4.9939e-01]
175700 [4.9935e-01]
175800 [4.9940e-01]
175900 [4.9935e-01]
176000 [4.9940e-01]
176100 [4.9940e-01]
176200 [4.9937e-01]
176300 [4.9941e-01]
176400 [4.9943e-01]
176500 [4.9940e-01]
176600 [4.9935e-01]
176700 [4.9940e-01]
176800 [4.9937e-01]
176900 [4.9937e-01]
177000 [4.9941e-01]
177100 [4.9936e-01]
177200 [4.9941e-01]
177300 [4.9941e-01]
177400 [4.9937e-01]
177500 [4.9940e-01]
177600 [4.9941e-01]
177700 [4.9935e-01]
177800 [4.9941e-01]
177900 [4.9935e-01]
178000 [4.9938e-01]
178100 [4.9939e-01]
178200 [4.9940e-01]
178300 [4.9941e-01]
178400 [4.9938e-01]
178500 [4.9940e-01]
178600 [4.9942e-01]
178700 [4.9938e-01]
178800 [4.9941e-01]
178900 [4.9938e-01]
179000 [4.9941e-01]
179100 [4.9938e-01]
179200 [4.9941e-01]
179300 [4.9938e-01]
179400 [4.9939e-01]
179500 [4.9941e-01]
179600 [4.9938e-01]
179700 [4.9944e-01]
179800 [4.9934e-01]
179900 [4.9939e-01]
180000 [4.9934e-01]
180100 [4.9938e-01]
180200 [4.9942e-01]
180300 [4.9940e-01]
180400 [4.9936e-01]
180500 [4.9941e-01]
180600 [4.9938e-01]
180700 [4.9935e-01]
180800 [4.9941e-01]
180900 [4.9941e-01]
181000 [4.9938e-01]
181100 [4.9937e-01]
181200 [4.9943e-01]
181300 [4.9940e-01]
181400 [4.9937e-01]
181500 [4.9941e-01]
181600 [4.9940e-01]
181700 [4.9940e-01]
181800 [4.9939e-01]
181900 [4.9936e-01]
182000 [4.9938e-01]
182100 [4.9938e-01]
182200 [4.9940e-01]
182300 [4.9938e-01]
182400 [4.9936e-01]
182500 [4.9940e-01]
182600 [4.9940e-01]
182700 [4.9940e-01]
182800 [4.9938e-01]
182900 [4.9940e-01]
183000 [4.9936e-01]
183100 [4.9939e-01]
183200 [4.9935e-01]
183300 [4.9935e-01]
183400 [4.9939e-01]
183500 [4.9942e-01]
183600 [4.9938e-01]
183700 [4.9939e-01]
183800 [4.9938e-01]
183900 [4.9941e-01]
184000 [4.9938e-01]
184100 [4.9940e-01]
184200 [4.9940e-01]
184300 [4.9941e-01]
184400 [4.9939e-01]
184500 [4.9938e-01]
184600 [4.9937e-01]
184700 [4.9941e-01]
184800 [4.9941e-01]
184900 [4.9939e-01]
185000 [4.9939e-01]
185100 [4.9939e-01]
185200 [4.9940e-01]
185300 [4.9939e-01]
185400 [4.9942e-01]
185500 [4.9936e-01]
185600 [4.9941e-01]
185700 [4.9940e-01]
185800 [4.9934e-01]
185900 [4.9939e-01]
186000 [4.9934e-01]
186100 [4.9937e-01]
186200 [4.9941e-01]
186300 [4.9937e-01]
186400 [4.9939e-01]
186500 [4.9942e-01]
186600 [4.9936e-01]
186700 [4.9941e-01]
186800 [4.9939e-01]
186900 [4.9938e-01]
187000 [4.9941e-01]
187100 [4.9939e-01]
187200 [4.9937e-01]
187300 [4.9940e-01]
187400 [4.9939e-01]
187500 [4.9934e-01]
187600 [4.9935e-01]
187700 [4.9940e-01]
187800 [4.9937e-01]
187900 [4.9941e-01]
188000 [4.9938e-01]
188100 [4.9941e-01]
188200 [4.9938e-01]
188300 [4.9942e-01]
188400 [4.9939e-01]
188500 [4.9940e-01]
188600 [4.9939e-01]
188700 [4.9936e-01]
188800 [4.9940e-01]
188900 [4.9939e-01]
189000 [4.9938e-01]
189100 [4.9939e-01]
189200 [4.9940e-01]
189300 [4.9942e-01]
189400 [4.9942e-01]
189500 [4.9939e-01]
189600 [4.9940e-01]
189700 [4.9940e-01]
189800 [4.9935e-01]
189900 [4.9940e-01]
190000 [4.9938e-01]
190100 [4.9942e-01]
190200 [4.9938e-01]
190300 [4.9939e-01]
190400 [4.9937e-01]
190500 [4.9943e-01]
190600 [4.9938e-01]
190700 [4.9942e-01]
190800 [4.9944e-01]
190900 [4.9941e-01]
191000 [4.9939e-01]
191100 [4.9936e-01]
191200 [4.9940e-01]
191300 [4.9937e-01]
191400 [4.9942e-01]
191500 [4.9937e-01]
191600 [4.9943e-01]
191700 [4.9942e-01]
191800 [4.9944e-01]
191900 [4.9938e-01]
192000 [4.9941e-01]
192100 [4.9938e-01]
192200 [4.9935e-01]
192300 [4.9941e-01]
192400 [4.9940e-01]
192500 [4.9935e-01]
192600 [4.9940e-01]
192700 [4.9939e-01]
192800 [4.9938e-01]
192900 [4.9940e-01]
193000 [4.9939e-01]
193100 [4.9939e-01]
193200 [4.9940e-01]
193300 [4.9940e-01]
193400 [4.9939e-01]
193500 [4.9935e-01]
193600 [4.9939e-01]
193700 [4.9938e-01]
193800 [4.9942e-01]
193900 [4.9941e-01]
194000 [4.9940e-01]
194100 [4.9940e-01]
194200 [4.9937e-01]
194300 [4.9941e-01]
194400 [4.9940e-01]
194500 [4.9938e-01]
194600 [4.9941e-01]
194700 [4.9938e-01]
194800 [4.9939e-01]
194900 [4.9939e-01]
195000 [4.9938e-01]
195100 [4.9938e-01]
195200 [4.9943e-01]
195300 [4.9940e-01]
195400 [4.9938e-01]
195500 [4.9938e-01]
195600 [4.9939e-01]
195700 [4.9938e-01]
195800 [4.9941e-01]
195900 [4.9939e-01]
196000 [4.9937e-01]
196100 [4.9941e-01]
196200 [4.9939e-01]
196300 [4.9937e-01]
196400 [4.9941e-01]
196500 [4.9937e-01]
196600 [4.9943e-01]
196700 [4.9939e-01]
196800 [4.9940e-01]
196900 [4.9939e-01]
197000 [4.9940e-01]
197100 [4.9939e-01]
197200 [4.9939e-01]
197300 [4.9940e-01]
197400 [4.9940e-01]
197500 [4.9939e-01]
197600 [4.9939e-01]
197700 [4.9944e-01]
197800 [4.9939e-01]
197900 [4.9940e-01]
198000 [4.9938e-01]
198100 [4.9941e-01]
198200 [4.9942e-01]
198300 [4.9938e-01]
198400 [4.9939e-01]
198500 [4.9938e-01]
198600 [4.9937e-01]
198700 [4.9940e-01]
198800 [4.9938e-01]
198900 [4.9934e-01]
199000 [4.9939e-01]
199100 [4.9940e-01]
199200 [4.9936e-01]
199300 [4.9941e-01]
199400 [4.9939e-01]
199500 [4.9939e-01]
199600 [4.9936e-01]
199700 [4.9940e-01]
199800 [4.9939e-01]
199900 [4.9938e-01]
200000 [4.9940e-01]
200100 [4.9939e-01]
200200 [4.9936e-01]
200300 [4.9939e-01]
200400 [4.9936e-01]
200500 [4.9940e-01]
200600 [4.9939e-01]
200700 [4.9937e-01]
200800 [4.9939e-01]
200900 [4.9938e-01]
201000 [4.9939e-01]
201100 [4.9940e-01]
201200 [4.9940e-01]
201300 [4.9941e-01]
201400 [4.9940e-01]
201500 [4.9940e-01]
201600 [4.9937e-01]
201700 [4.9941e-01]
201800 [4.9940e-01]
201900 [4.9936e-01]
202000 [4.9939e-01]
202100 [4.9938e-01]
202200 [4.9941e-01]
202300 [4.9940e-01]
202400 [4.9938e-01]
202500 [4.9943e-01]
202600 [4.9934e-01]
202700 [4.9939e-01]
202800 [4.9941e-01]
202900 [4.9941e-01]
203000 [4.9939e-01]
203100 [4.9942e-01]
203200 [4.9939e-01]
203300 [4.9939e-01]
203400 [4.9941e-01]
203500 [4.9936e-01]
203600 [4.9941e-01]
203700 [4.9938e-01]
203800 [4.9941e-01]
203900 [4.9937e-01]
204000 [4.9941e-01]
204100 [4.9937e-01]
204200 [4.9941e-01]
204300 [4.9938e-01]
204400 [4.9942e-01]
204500 [4.9941e-01]
204600 [4.9941e-01]
204700 [4.9939e-01]
204800 [4.9943e-01]
204900 [4.9937e-01]
205000 [4.9942e-01]
205100 [4.9941e-01]
205200 [4.9940e-01]
205300 [4.9938e-01]
205400 [4.9942e-01]
205500 [4.9940e-01]
205600 [4.9941e-01]
205700 [4.9941e-01]
205800 [4.9939e-01]
205900 [4.9940e-01]
206000 [4.9940e-01]
206100 [4.9942e-01]
206200 [4.9940e-01]
206300 [4.9938e-01]
206400 [4.9942e-01]
206500 [4.9939e-01]
206600 [4.9943e-01]
206700 [4.9942e-01]
206800 [4.9941e-01]
206900 [4.9940e-01]
207000 [4.9940e-01]
207100 [4.9939e-01]
207200 [4.9943e-01]
207300 [4.9937e-01]
207400 [4.9943e-01]
207500 [4.9941e-01]
207600 [4.9940e-01]
207700 [4.9935e-01]
207800 [4.9939e-01]
207900 [4.9942e-01]
208000 [4.9940e-01]
208100 [4.9936e-01]
208200 [4.9941e-01]
208300 [4.9943e-01]
208400 [4.9941e-01]
208500 [4.9941e-01]
208600 [4.9942e-01]
208700 [4.9943e-01]
208800 [4.9941e-01]
208900 [4.9936e-01]
209000 [4.9940e-01]
209100 [4.9934e-01]
209200 [4.9937e-01]
209300 [4.9939e-01]
209400 [4.9941e-01]
209500 [4.9941e-01]
209600 [4.9936e-01]
209700 [4.9940e-01]
209800 [4.9942e-01]
209900 [4.9940e-01]
210000 [4.9937e-01]
210100 [4.9942e-01]
210200 [4.9941e-01]
210300 [4.9942e-01]
210400 [4.9941e-01]
210500 [4.9937e-01]
210600 [4.9941e-01]
210700 [4.9937e-01]
210800 [4.9941e-01]
210900 [4.9939e-01]
211000 [4.9945e-01]
211100 [4.9940e-01]
211200 [4.9936e-01]
211300 [4.9941e-01]
211400 [4.9940e-01]
211500 [4.9938e-01]
211600 [4.9941e-01]
211700 [4.9938e-01]
211800 [4.9940e-01]
211900 [4.9941e-01]
212000 [4.9939e-01]
212100 [4.9941e-01]
212200 [4.9937e-01]
212300 [4.9941e-01]
212400 [4.9939e-01]
212500 [4.9941e-01]
212600 [4.9944e-01]
212700 [4.9942e-01]
212800 [4.9939e-01]
212900 [4.9942e-01]
213000 [4.9939e-01]
213100 [4.9942e-01]
213200 [4.9941e-01]
213300 [4.9939e-01]
213400 [4.9939e-01]
213500 [4.9941e-01]
213600 [4.9936e-01]
213700 [4.9941e-01]
213800 [4.9943e-01]
213900 [4.9941e-01]
214000 [4.9938e-01]
214100 [4.9941e-01]
214200 [4.9940e-01]
214300 [4.9942e-01]
214400 [4.9942e-01]
214500 [4.9939e-01]
214600 [4.9941e-01]
214700 [4.9941e-01]
214800 [4.9939e-01]
214900 [4.9941e-01]
215000 [4.9942e-01]
215100 [4.9942e-01]
215200 [4.9939e-01]
215300 [4.9941e-01]
215400 [4.9940e-01]
215500 [4.9942e-01]
215600 [4.9942e-01]
215700 [4.9940e-01]
215800 [4.9940e-01]
215900 [4.9940e-01]
216000 [4.9941e-01]
216100 [4.9941e-01]
216200 [4.9943e-01]
216300 [4.9940e-01]
216400 [4.9940e-01]
216500 [4.9940e-01]
216600 [4.9939e-01]
216700 [4.9941e-01]
216800 [4.9938e-01]
216900 [4.9942e-01]
217000 [4.9940e-01]
217100 [4.9940e-01]
217200 [4.9941e-01]
217300 [4.9940e-01]
217400 [4.9939e-01]
217500 [4.9943e-01]
217600 [4.9937e-01]
217700 [4.9941e-01]
217800 [4.9940e-01]
217900 [4.9937e-01]
218000 [4.9942e-01]
218100 [4.9936e-01]
218200 [4.9941e-01]
218300 [4.9937e-01]
218400 [4.9941e-01]
218500 [4.9937e-01]
218600 [4.9941e-01]
218700 [4.9942e-01]
218800 [4.9941e-01]
218900 [4.9937e-01]
219000 [4.9942e-01]
219100 [4.9940e-01]
219200 [4.9939e-01]
219300 [4.9941e-01]
219400 [4.9942e-01]
219500 [4.9940e-01]
219600 [4.9942e-01]
219700 [4.9940e-01]
219800 [4.9941e-01]
219900 [4.9940e-01]
220000 [4.9942e-01]
220100 [4.9942e-01]
220200 [4.9940e-01]
220300 [4.9942e-01]
220400 [4.9939e-01]
220500 [4.9941e-01]
220600 [4.9941e-01]
220700 [4.9944e-01]
220800 [4.9938e-01]
220900 [4.9943e-01]
221000 [4.9940e-01]
221100 [4.9944e-01]
221200 [4.9940e-01]
221300 [4.9945e-01]
221400 [4.9938e-01]
221500 [4.9942e-01]
221600 [4.9941e-01]
221700 [4.9940e-01]
221800 [4.9939e-01]
221900 [4.9942e-01]
222000 [4.9939e-01]
222100 [4.9943e-01]
222200 [4.9940e-01]
222300 [4.9943e-01]
222400 [4.9942e-01]
222500 [4.9939e-01]
222600 [4.9943e-01]
222700 [4.9941e-01]
222800 [4.9940e-01]
222900 [4.9937e-01]
223000 [4.9941e-01]
223100 [4.9941e-01]
223200 [4.9936e-01]
223300 [4.9939e-01]
223400 [4.9942e-01]
223500 [4.9936e-01]
223600 [4.9939e-01]
223700 [4.9943e-01]
223800 [4.9940e-01]
223900 [4.9939e-01]
224000 [4.9941e-01]
224100 [4.9938e-01]
224200 [4.9942e-01]
224300 [4.9936e-01]
224400 [4.9941e-01]
224500 [4.9939e-01]
224600 [4.9944e-01]
224700 [4.9939e-01]
224800 [4.9938e-01]
224900 [4.9939e-01]
225000 [4.9942e-01]
225100 [4.9939e-01]
225200 [4.9942e-01]
225300 [4.9941e-01]
225400 [4.9943e-01]
225500 [4.9942e-01]
225600 [4.9942e-01]
225700 [4.9944e-01]
225800 [4.9942e-01]
225900 [4.9941e-01]
226000 [4.9942e-01]
226100 [4.9941e-01]
226200 [4.9941e-01]
226300 [4.9940e-01]
226400 [4.9942e-01]
226500 [4.9942e-01]
226600 [4.9943e-01]
226700 [4.9941e-01]
226800 [4.9940e-01]
226900 [4.9941e-01]
227000 [4.9940e-01]
227100 [4.9940e-01]
227200 [4.9940e-01]
227300 [4.9936e-01]
227400 [4.9939e-01]
227500 [4.9943e-01]
227600 [4.9942e-01]
227700 [4.9940e-01]
227800 [4.9944e-01]
227900 [4.9939e-01]
228000 [4.9939e-01]
228100 [4.9940e-01]
228200 [4.9939e-01]
228300 [4.9943e-01]
228400 [4.9939e-01]
228500 [4.9944e-01]
228600 [4.9938e-01]
228700 [4.9941e-01]
228800 [4.9944e-01]
228900 [4.9940e-01]
229000 [4.9947e-01]
229100 [4.9937e-01]
229200 [4.9941e-01]
229300 [4.9941e-01]
229400 [4.9941e-01]
229500 [4.9941e-01]
229600 [4.9938e-01]
229700 [4.9940e-01]
229800 [4.9943e-01]
229900 [4.9937e-01]
230000 [4.9942e-01]
230100 [4.9941e-01]
230200 [4.9942e-01]
230300 [4.9942e-01]
230400 [4.9937e-01]
230500 [4.9940e-01]
230600 [4.9943e-01]
230700 [4.9940e-01]
230800 [4.9943e-01]
230900 [4.9940e-01]
231000 [4.9943e-01]
231100 [4.9938e-01]
231200 [4.9941e-01]
231300 [4.9941e-01]
231400 [4.9940e-01]
231500 [4.9942e-01]
231600 [4.9942e-01]
231700 [4.9943e-01]
231800 [4.9941e-01]
231900 [4.9940e-01]
232000 [4.9940e-01]
232100 [4.9942e-01]
232200 [4.9938e-01]
232300 [4.9941e-01]
232400 [4.9943e-01]
232500 [4.9944e-01]
232600 [4.9940e-01]
232700 [4.9942e-01]
232800 [4.9943e-01]
232900 [4.9943e-01]
233000 [4.9940e-01]
233100 [4.9942e-01]
233200 [4.9940e-01]
233300 [4.9943e-01]
233400 [4.9939e-01]
233500 [4.9944e-01]
233600 [4.9944e-01]
233700 [4.9940e-01]
233800 [4.9944e-01]
233900 [4.9940e-01]
234000 [4.9945e-01]
234100 [4.9939e-01]
234200 [4.9943e-01]
234300 [4.9940e-01]
234400 [4.9944e-01]
234500 [4.9942e-01]
234600 [4.9941e-01]
234700 [4.9940e-01]
234800 [4.9943e-01]
234900 [4.9943e-01]
235000 [4.9942e-01]
235100 [4.9943e-01]
235200 [4.9942e-01]
235300 [4.9943e-01]
235400 [4.9941e-01]
235500 [4.9940e-01]
235600 [4.9942e-01]
235700 [4.9940e-01]
235800 [4.9942e-01]
235900 [4.9942e-01]
236000 [4.9943e-01]
236100 [4.9943e-01]
236200 [4.9942e-01]
236300 [4.9941e-01]
236400 [4.9943e-01]
236500 [4.9942e-01]
236600 [4.9940e-01]
236700 [4.9943e-01]
236800 [4.9941e-01]
236900 [4.9939e-01]
237000 [4.9943e-01]
237100 [4.9941e-01]
237200 [4.9942e-01]
237300 [4.9941e-01]
237400 [4.9939e-01]
237500 [4.9941e-01]
237600 [4.9944e-01]
237700 [4.9942e-01]
237800 [4.9943e-01]
237900 [4.9942e-01]
238000 [4.9943e-01]
238100 [4.9940e-01]
238200 [4.9945e-01]
238300 [4.9939e-01]
238400 [4.9944e-01]
238500 [4.9942e-01]
238600 [4.9943e-01]
238700 [4.9943e-01]
238800 [4.9940e-01]
238900 [4.9945e-01]
239000 [4.9942e-01]
239100 [4.9942e-01]
239200 [4.9944e-01]
239300 [4.9942e-01]
239400 [4.9941e-01]
239500 [4.9941e-01]
239600 [4.9940e-01]
239700 [4.9944e-01]
239800 [4.9941e-01]
239900 [4.9941e-01]
240000 [4.9942e-01]
240100 [4.9941e-01]
240200 [4.9946e-01]
240300 [4.9942e-01]
240400 [4.9941e-01]
240500 [4.9941e-01]
240600 [4.9944e-01]
240700 [4.9944e-01]
240800 [4.9944e-01]
240900 [4.9941e-01]
241000 [4.9944e-01]
241100 [4.9943e-01]
241200 [4.9941e-01]
241300 [4.9942e-01]
241400 [4.9942e-01]
241500 [4.9944e-01]
241600 [4.9943e-01]
241700 [4.9942e-01]
241800 [4.9939e-01]
241900 [4.9942e-01]
242000 [4.9943e-01]
242100 [4.9937e-01]
242200 [4.9940e-01]
242300 [4.9945e-01]
242400 [4.9936e-01]
242500 [4.9941e-01]
242600 [4.9941e-01]
242700 [4.9945e-01]
242800 [4.9942e-01]
242900 [4.9941e-01]
243000 [4.9941e-01]
243100 [4.9944e-01]
243200 [4.9939e-01]
243300 [4.9943e-01]
243400 [4.9943e-01]
243500 [4.9943e-01]
243600 [4.9940e-01]
243700 [4.9944e-01]
243800 [4.9940e-01]
243900 [4.9945e-01]
244000 [4.9936e-01]
244100 [4.9941e-01]
244200 [4.9942e-01]
244300 [4.9941e-01]
244400 [4.9943e-01]
244500 [4.9942e-01]
244600 [4.9940e-01]
244700 [4.9944e-01]
244800 [4.9942e-01]
244900 [4.9940e-01]
245000 [4.9944e-01]
245100 [4.9945e-01]
245200 [4.9946e-01]
245300 [4.9944e-01]
245400 [4.9940e-01]
245500 [4.9943e-01]
245600 [4.9943e-01]
245700 [4.9939e-01]
245800 [4.9943e-01]
245900 [4.9939e-01]
246000 [4.9944e-01]
246100 [4.9943e-01]
246200 [4.9943e-01]
246300 [4.9940e-01]
246400 [4.9945e-01]
246500 [4.9940e-01]
246600 [4.9945e-01]
246700 [4.9943e-01]
246800 [4.9940e-01]
246900 [4.9944e-01]
247000 [4.9943e-01]
247100 [4.9942e-01]
247200 [4.9940e-01]
247300 [4.9942e-01]
247400 [4.9942e-01]
247500 [4.9945e-01]
247600 [4.9944e-01]
247700 [4.9943e-01]
247800 [4.9944e-01]
247900 [4.9943e-01]
248000 [4.9941e-01]
248100 [4.9944e-01]
248200 [4.9939e-01]
248300 [4.9944e-01]
248400 [4.9944e-01]
248500 [4.9944e-01]
248600 [4.9944e-01]
248700 [4.9943e-01]
248800 [4.9941e-01]
248900 [4.9944e-01]
249000 [4.9942e-01]
249100 [4.9942e-01]
249200 [4.9944e-01]
249300 [4.9944e-01]
249400 [4.9942e-01]
249500 [4.9942e-01]
249600 [4.9943e-01]
249700 [4.9945e-01]
249800 [4.9945e-01]
249900 [4.9940e-01]
250000 [4.9944e-01]
250100 [4.9941e-01]
250200 [4.9946e-01]
250300 [4.9941e-01]
250400 [4.9942e-01]
250500 [4.9941e-01]
250600 [4.9943e-01]
250700 [4.9940e-01]
250800 [4.9944e-01]
250900 [4.9942e-01]
251000 [4.9941e-01]
251100 [4.9944e-01]
251200 [4.9942e-01]
251300 [4.9942e-01]
251400 [4.9942e-01]
251500 [4.9944e-01]
251600 [4.9937e-01]
251700 [4.9941e-01]
251800 [4.9945e-01]
251900 [4.9944e-01]
252000 [4.9941e-01]
252100 [4.9944e-01]
252200 [4.9942e-01]
252300 [4.9947e-01]
252400 [4.9941e-01]
252500 [4.9942e-01]
252600 [4.9945e-01]
252700 [4.9940e-01]
252800 [4.9944e-01]
252900 [4.9938e-01]
253000 [4.9943e-01]
253100 [4.9945e-01]
253200 [4.9943e-01]
253300 [4.9941e-01]
253400 [4.9944e-01]
253500 [4.9943e-01]
253600 [4.9943e-01]
253700 [4.9945e-01]
253800 [4.9945e-01]
253900 [4.9944e-01]
254000 [4.9939e-01]
254100 [4.9944e-01]
254200 [4.9944e-01]
254300 [4.9940e-01]
254400 [4.9945e-01]
254500 [4.9942e-01]
254600 [4.9943e-01]
254700 [4.9942e-01]
254800 [4.9946e-01]
254900 [4.9941e-01]
255000 [4.9943e-01]
255100 [4.9940e-01]
255200 [4.9944e-01]
255300 [4.9944e-01]
255400 [4.9942e-01]
255500 [4.9940e-01]
255600 [4.9942e-01]
255700 [4.9946e-01]
255800 [4.9942e-01]
255900 [4.9944e-01]
256000 [4.9941e-01]
256100 [4.9945e-01]
256200 [4.9944e-01]
256300 [4.9945e-01]
256400 [4.9940e-01]
256500 [4.9944e-01]
256600 [4.9940e-01]
256700 [4.9941e-01]
256800 [4.9945e-01]
256900 [4.9942e-01]
257000 [4.9947e-01]
257100 [4.9944e-01]
257200 [4.9941e-01]
257300 [4.9945e-01]
257400 [4.9940e-01]
257500 [4.9945e-01]
257600 [4.9942e-01]
257700 [4.9946e-01]
257800 [4.9944e-01]
257900 [4.9943e-01]
258000 [4.9944e-01]
258100 [4.9942e-01]
258200 [4.9944e-01]
258300 [4.9942e-01]
258400 [4.9943e-01]
258500 [4.9943e-01]
258600 [4.9944e-01]
258700 [4.9942e-01]
258800 [4.9947e-01]
258900 [4.9945e-01]
259000 [4.9942e-01]
259100 [4.9946e-01]
259200 [4.9942e-01]
259300 [4.9947e-01]
259400 [4.9939e-01]
259500 [4.9943e-01]
259600 [4.9942e-01]
259700 [4.9945e-01]
259800 [4.9942e-01]
259900 [4.9945e-01]
260000 [4.9940e-01]
260100 [4.9944e-01]
260200 [4.9940e-01]
260300 [4.9945e-01]
260400 [4.9944e-01]
260500 [4.9942e-01]
260600 [4.9946e-01]
260700 [4.9942e-01]
260800 [4.9945e-01]
260900 [4.9944e-01]
261000 [4.9941e-01]
261100 [4.9944e-01]
261200 [4.9940e-01]
261300 [4.9945e-01]
261400 [4.9944e-01]
261500 [4.9942e-01]
261600 [4.9943e-01]
261700 [4.9942e-01]
261800 [4.9945e-01]
261900 [4.9943e-01]
262000 [4.9944e-01]
262100 [4.9941e-01]
262200 [4.9944e-01]
262300 [4.9947e-01]
262400 [4.9948e-01]
262500 [4.9944e-01]
262600 [4.9941e-01]
262700 [4.9944e-01]
262800 [4.9944e-01]
262900 [4.9945e-01]
263000 [4.9942e-01]
263100 [4.9945e-01]
263200 [4.9943e-01]
263300 [4.9944e-01]
263400 [4.9943e-01]
263500 [4.9942e-01]
263600 [4.9943e-01]
263700 [4.9943e-01]
263800 [4.9944e-01]
263900 [4.9946e-01]
264000 [4.9943e-01]
264100 [4.9948e-01]
264200 [4.9942e-01]
264300 [4.9946e-01]
264400 [4.9941e-01]
264500 [4.9945e-01]
264600 [4.9944e-01]
264700 [4.9944e-01]
264800 [4.9943e-01]
264900 [4.9947e-01]
265000 [4.9942e-01]
265100 [4.9946e-01]
265200 [4.9944e-01]
265300 [4.9942e-01]
265400 [4.9944e-01]
265500 [4.9950e-01]
265600 [4.9940e-01]
265700 [4.9944e-01]
265800 [4.9942e-01]
265900 [4.9940e-01]
266000 [4.9945e-01]
266100 [4.9939e-01]
266200 [4.9943e-01]
266300 [4.9942e-01]
266400 [4.9946e-01]
266500 [4.9942e-01]
266600 [4.9946e-01]
266700 [4.9942e-01]
266800 [4.9946e-01]
266900 [4.9944e-01]
267000 [4.9943e-01]
267100 [4.9945e-01]
267200 [4.9942e-01]
267300 [4.9946e-01]
267400 [4.9942e-01]
267500 [4.9947e-01]
267600 [4.9940e-01]
267700 [4.9944e-01]
267800 [4.9941e-01]
267900 [4.9943e-01]
268000 [4.9941e-01]
268100 [4.9941e-01]
268200 [4.9944e-01]
268300 [4.9942e-01]
268400 [4.9945e-01]
268500 [4.9945e-01]
268600 [4.9945e-01]
268700 [4.9945e-01]
268800 [4.9943e-01]
268900 [4.9949e-01]
269000 [4.9945e-01]
269100 [4.9943e-01]
269200 [4.9946e-01]
269300 [4.9942e-01]
269400 [4.9940e-01]
269500 [4.9945e-01]
269600 [4.9943e-01]
269700 [4.9941e-01]
269800 [4.9944e-01]
269900 [4.9941e-01]
270000 [4.9945e-01]
270100 [4.9944e-01]
270200 [4.9945e-01]
270300 [4.9943e-01]
270400 [4.9943e-01]
270500 [4.9946e-01]
270600 [4.9943e-01]
270700 [4.9946e-01]
270800 [4.9945e-01]
270900 [4.9946e-01]
271000 [4.9945e-01]
271100 [4.9944e-01]
271200 [4.9942e-01]
271300 [4.9946e-01]
271400 [4.9941e-01]
271500 [4.9946e-01]
271600 [4.9943e-01]
271700 [4.9941e-01]
271800 [4.9945e-01]
271900 [4.9942e-01]
272000 [4.9945e-01]
272100 [4.9940e-01]
272200 [4.9945e-01]
272300 [4.9950e-01]
272400 [4.9945e-01]
272500 [4.9942e-01]
272600 [4.9943e-01]
272700 [4.9945e-01]
272800 [4.9945e-01]
272900 [4.9944e-01]
273000 [4.9945e-01]
273100 [4.9943e-01]
273200 [4.9943e-01]
273300 [4.9947e-01]
273400 [4.9943e-01]
273500 [4.9942e-01]
273600 [4.9947e-01]
273700 [4.9943e-01]
273800 [4.9944e-01]
273900 [4.9942e-01]
274000 [4.9945e-01]
274100 [4.9945e-01]
274200 [4.9944e-01]
274300 [4.9945e-01]
274400 [4.9942e-01]
274500 [4.9946e-01]
274600 [4.9945e-01]
274700 [4.9944e-01]
274800 [4.9944e-01]
274900 [4.9944e-01]
275000 [4.9944e-01]
275100 [4.9943e-01]
275200 [4.9945e-01]
275300 [4.9942e-01]
275400 [4.9946e-01]
275500 [4.9944e-01]
275600 [4.9946e-01]
275700 [4.9943e-01]
275800 [4.9947e-01]
275900 [4.9946e-01]
276000 [4.9943e-01]
276100 [4.9945e-01]
276200 [4.9941e-01]
276300 [4.9942e-01]
276400 [4.9947e-01]
276500 [4.9946e-01]
276600 [4.9941e-01]
276700 [4.9946e-01]
276800 [4.9944e-01]
276900 [4.9947e-01]
277000 [4.9944e-01]
277100 [4.9945e-01]
277200 [4.9946e-01]
277300 [4.9945e-01]
277400 [4.9945e-01]
277500 [4.9947e-01]
277600 [4.9942e-01]
277700 [4.9946e-01]
277800 [4.9945e-01]
277900 [4.9946e-01]
278000 [4.9944e-01]
278100 [4.9946e-01]
278200 [4.9940e-01]
278300 [4.9945e-01]
278400 [4.9947e-01]
278500 [4.9942e-01]
278600 [4.9944e-01]
278700 [4.9940e-01]
278800 [4.9941e-01]
278900 [4.9945e-01]
279000 [4.9943e-01]
279100 [4.9946e-01]
279200 [4.9944e-01]
279300 [4.9944e-01]
279400 [4.9948e-01]
279500 [4.9943e-01]
279600 [4.9947e-01]
279700 [4.9942e-01]
279800 [4.9943e-01]
279900 [4.9945e-01]
280000 [4.9943e-01]
280100 [4.9947e-01]
280200 [4.9943e-01]
280300 [4.9946e-01]
280400 [4.9946e-01]
280500 [4.9944e-01]
280600 [4.9943e-01]
280700 [4.9945e-01]
280800 [4.9947e-01]
280900 [4.9945e-01]
281000 [4.9943e-01]
281100 [4.9946e-01]
281200 [4.9944e-01]
281300 [4.9944e-01]
281400 [4.9946e-01]
281500 [4.9943e-01]
281600 [4.9947e-01]
281700 [4.9942e-01]
281800 [4.9947e-01]
281900 [4.9944e-01]
282000 [4.9946e-01]
282100 [4.9945e-01]
282200 [4.9945e-01]
282300 [4.9943e-01]
282400 [4.9946e-01]
282500 [4.9943e-01]
282600 [4.9946e-01]
282700 [4.9942e-01]
282800 [4.9947e-01]
282900 [4.9946e-01]
283000 [4.9943e-01]
283100 [4.9946e-01]
283200 [4.9943e-01]
283300 [4.9943e-01]
283400 [4.9944e-01]
283500 [4.9946e-01]
283600 [4.9944e-01]
283700 [4.9943e-01]
283800 [4.9947e-01]
283900 [4.9944e-01]
284000 [4.9941e-01]
284100 [4.9945e-01]
284200 [4.9942e-01]
284300 [4.9943e-01]
284400 [4.9948e-01]
284500 [4.9945e-01]
284600 [4.9945e-01]
284700 [4.9943e-01]
284800 [4.9947e-01]
284900 [4.9946e-01]
285000 [4.9945e-01]
285100 [4.9944e-01]
285200 [4.9944e-01]
285300 [4.9946e-01]
285400 [4.9946e-01]
285500 [4.9945e-01]
285600 [4.9945e-01]
285700 [4.9946e-01]
285800 [4.9943e-01]
285900 [4.9948e-01]
286000 [4.9944e-01]
286100 [4.9945e-01]
286200 [4.9946e-01]
286300 [4.9943e-01]
286400 [4.9947e-01]
286500 [4.9946e-01]
286600 [4.9943e-01]
286700 [4.9947e-01]
286800 [4.9945e-01]
286900 [4.9944e-01]
287000 [4.9943e-01]
287100 [4.9947e-01]
287200 [4.9940e-01]
287300 [4.9944e-01]
287400 [4.9942e-01]
287500 [4.9947e-01]
287600 [4.9944e-01]
287700 [4.9950e-01]
287800 [4.9943e-01]
287900 [4.9946e-01]
288000 [4.9942e-01]
288100 [4.9946e-01]
288200 [4.9943e-01]
288300 [4.9943e-01]
288400 [4.9946e-01]
288500 [4.9943e-01]
288600 [4.9947e-01]
288700 [4.9943e-01]
288800 [4.9948e-01]
288900 [4.9944e-01]
289000 [4.9948e-01]
289100 [4.9944e-01]
289200 [4.9945e-01]
289300 [4.9944e-01]
289400 [4.9948e-01]
289500 [4.9946e-01]
289600 [4.9945e-01]
289700 [4.9946e-01]
289800 [4.9943e-01]
289900 [4.9945e-01]
290000 [4.9945e-01]
290100 [4.9947e-01]
290200 [4.9945e-01]
290300 [4.9946e-01]
290400 [4.9944e-01]
290500 [4.9948e-01]
290600 [4.9944e-01]
290700 [4.9944e-01]
290800 [4.9948e-01]
290900 [4.9943e-01]
291000 [4.9948e-01]
291100 [4.9945e-01]
291200 [4.9945e-01]
291300 [4.9942e-01]
291400 [4.9945e-01]
291500 [4.9950e-01]
291600 [4.9945e-01]
291700 [4.9944e-01]
291800 [4.9942e-01]
291900 [4.9945e-01]
292000 [4.9944e-01]
292100 [4.9948e-01]
292200 [4.9945e-01]
292300 [4.9948e-01]
292400 [4.9944e-01]
292500 [4.9948e-01]
292600 [4.9944e-01]
292700 [4.9945e-01]
292800 [4.9945e-01]
292900 [4.9943e-01]
293000 [4.9948e-01]
293100 [4.9944e-01]
293200 [4.9947e-01]
293300 [4.9946e-01]
293400 [4.9946e-01]
293500 [4.9947e-01]
293600 [4.9944e-01]
293700 [4.9944e-01]
293800 [4.9947e-01]
293900 [4.9941e-01]
294000 [4.9944e-01]
294100 [4.9945e-01]
294200 [4.9945e-01]
294300 [4.9947e-01]
294400 [4.9946e-01]
294500 [4.9943e-01]
294600 [4.9947e-01]
294700 [4.9946e-01]
294800 [4.9946e-01]
294900 [4.9946e-01]
295000 [4.9946e-01]
295100 [4.9947e-01]
295200 [4.9947e-01]
295300 [4.9946e-01]
295400 [4.9945e-01]
295500 [4.9947e-01]
295600 [4.9945e-01]
295700 [4.9944e-01]
295800 [4.9947e-01]
295900 [4.9946e-01]
296000 [4.9945e-01]
296100 [4.9946e-01]
296200 [4.9946e-01]
296300 [4.9945e-01]
296400 [4.9945e-01]
296500 [4.9946e-01]
296600 [4.9943e-01]
296700 [4.9947e-01]
296800 [4.9946e-01]
296900 [4.9944e-01]
297000 [4.9948e-01]
297100 [4.9944e-01]
297200 [4.9946e-01]
297300 [4.9946e-01]
297400 [4.9944e-01]
297500 [4.9947e-01]
297600 [4.9945e-01]
297700 [4.9945e-01]
297800 [4.9946e-01]
297900 [4.9947e-01]
298000 [4.9943e-01]
298100 [4.9947e-01]
298200 [4.9947e-01]
298300 [4.9946e-01]
298400 [4.9946e-01]
298500 [4.9945e-01]
298600 [4.9944e-01]
298700 [4.9946e-01]
298800 [4.9946e-01]
298900 [4.9946e-01]
299000 [4.9944e-01]
299100 [4.9949e-01]
299200 [4.9947e-01]
299300 [4.9941e-01]
299400 [4.9945e-01]
299500 [4.9945e-01]
299600 [4.9943e-01]
299700 [4.9945e-01]
299800 [4.9947e-01]
299900 [4.9947e-01]
300000 [4.9944e-01]
