# step, loss_train, loss_test, metrics_test
0.000000000000000000e+00 2.437081784009933472e-01 1.983052641153335571e-01 3.746769428253173828e-01 1.899915374815464020e-02 2.266732752323150635e-01 1.983052641153335571e-01 3.746769428253173828e-01 1.899915374815464020e-02
1.000000000000000000e+03 8.660979568958282471e-03 1.658250018954277039e-02 1.521450281143188477e-02 1.109750664909370244e-04 8.674018085002899170e-03 1.658250018954277039e-02 1.521450281143188477e-02 1.109750664909370244e-04
2.000000000000000000e+03 1.558510703034698963e-03 7.729523349553346634e-04 3.461422631517052650e-03 2.364997344557195902e-04 1.624437049031257629e-03 7.729523349553346634e-04 3.461422631517052650e-03 2.364997344557195902e-04
3.000000000000000000e+03 7.648379541933536530e-04 3.301051037851721048e-04 2.060782397165894508e-03 1.303068129345774651e-04 8.079314138740301132e-04 3.301051037851721048e-04 2.060782397165894508e-03 1.303068129345774651e-04
4.000000000000000000e+03 5.198874860070645809e-04 2.164159523090347648e-04 1.432316610589623451e-03 3.562478377716615796e-05 5.172562086954712868e-04 2.164159523090347648e-04 1.432316610589623451e-03 3.562478377716615796e-05
5.000000000000000000e+03 3.001744626089930534e-04 1.611478364793583751e-04 9.621514473110437393e-04 1.277767296414822340e-05 2.995077229570597410e-04 1.611478364793583751e-04 9.621514473110437393e-04 1.277767296414822340e-05
6.000000000000000000e+03 2.177943970309570432e-04 1.216122982441447675e-04 7.370258099399507046e-04 1.360938586003612727e-05 2.358108904445543885e-04 1.216122982441447675e-04 7.370258099399507046e-04 1.360938586003612727e-05
7.000000000000000000e+03 2.773041196633130312e-04 1.136421778937801719e-04 7.211488555185496807e-04 2.284837501065339893e-05 3.293138870503753424e-04 1.136421778937801719e-04 7.211488555185496807e-04 2.284837501065339893e-05
8.000000000000000000e+03 1.970859884750097990e-04 9.367708844365552068e-05 5.368157289922237396e-04 2.406152088951785117e-05 2.278687607031315565e-04 9.367708844365552068e-05 5.368157289922237396e-04 2.406152088951785117e-05
9.000000000000000000e+03 2.000124222831800580e-04 8.272799459518864751e-05 4.907523980364203453e-04 1.396384413965279236e-05 2.448545419611036777e-04 8.272799459518864751e-05 4.907523980364203453e-04 1.396384413965279236e-05
1.000000000000000000e+04 1.864935184130445123e-04 7.323831960093230009e-05 3.963847411796450615e-04 2.715275695663876832e-05 2.137406991096213460e-04 7.323831960093230009e-05 3.963847411796450615e-04 2.715275695663876832e-05
1.100000000000000000e+04 1.773965050233528018e-04 6.648903217865154147e-05 3.588584368117153645e-04 1.454132507205940783e-05 2.018694067373871803e-04 6.648903217865154147e-05 3.588584368117153645e-04 1.454132507205940783e-05
1.200000000000000000e+04 1.660163688939064741e-04 5.585061808233149350e-05 2.731125568971037865e-04 2.497350578778423369e-05 1.990061427932232618e-04 5.585061808233149350e-05 2.731125568971037865e-04 2.497350578778423369e-05
1.300000000000000000e+04 1.535451447125524282e-04 4.805673597729764879e-05 2.159383147954940796e-04 2.345507891732268035e-05 1.885058591142296791e-04 4.805673597729764879e-05 2.159383147954940796e-04 2.345507891732268035e-05
1.400000000000000000e+04 1.368382800137624145e-04 4.122344034840352833e-05 1.659457047935575247e-04 2.198302172473631799e-05 1.717321283649653196e-04 4.122344034840352833e-05 1.659457047935575247e-04 2.198302172473631799e-05
1.500000000000000000e+04 1.131126919062808156e-04 3.543799175531603396e-05 1.283507444895803928e-04 2.009074523812159896e-05 1.441030763089656830e-04 3.543799175531603396e-05 1.283507444895803928e-04 2.009074523812159896e-05
1.600000000000000000e+04 8.632589015178382397e-05 3.080366514041088521e-05 1.042388394125737250e-04 1.720780892355833203e-05 1.118226064136251807e-04 3.080366514041088521e-05 1.042388394125737250e-04 1.720780892355833203e-05
1.700000000000000000e+04 6.450137880165129900e-05 2.708913780224975199e-05 8.703068306203931570e-05 1.634803265915252268e-05 8.602380694355815649e-05 2.708913780224975199e-05 8.703068306203931570e-05 1.634803265915252268e-05
1.800000000000000000e+04 5.117281034472398460e-05 2.486721132299862802e-05 7.898051262600347400e-05 1.458514361729612574e-05 7.129836740205064416e-05 2.486721132299862802e-05 7.898051262600347400e-05 1.458514361729612574e-05
1.900000000000000000e+04 4.286451076040975749e-05 2.369912181166000664e-05 7.490521966246888041e-05 1.331179828412132338e-05 6.172538996906951070e-05 2.369912181166000664e-05 7.490521966246888041e-05 1.331179828412132338e-05
2.000000000000000000e+04 3.735040809260681272e-05 2.320299608982168138e-05 7.346796337515115738e-05 1.183170297736069188e-05 5.487993621500208974e-05 2.320299608982168138e-05 7.346796337515115738e-05 1.183170297736069188e-05
2.100000000000000000e+04 1.130305681726895273e-04 3.215798278688453138e-05 1.006392267299816012e-04 5.364714525057934225e-05 1.249119377462193370e-04 3.215798278688453138e-05 1.006392267299816012e-04 5.364714525057934225e-05
2.200000000000000000e+04 2.839694025169592351e-05 2.259308894281275570e-05 6.874955579405650496e-05 1.212882762047229335e-05 4.257229011273011565e-05 2.259308894281275570e-05 6.874955579405650496e-05 1.212882762047229335e-05
2.300000000000000000e+04 2.532059806981123984e-05 2.250821125926449895e-05 6.757034134352579713e-05 1.197414167108945549e-05 3.810892303590662777e-05 2.250821125926449895e-05 6.757034134352579713e-05 1.197414167108945549e-05
2.400000000000000000e+04 2.613973811094183475e-05 2.240144203824456781e-05 6.667802517767995596e-05 1.199162943521514535e-05 3.728266165126115084e-05 2.240144203824456781e-05 6.667802517767995596e-05 1.199162943521514535e-05
2.500000000000000000e+04 2.072068491543177515e-05 2.245446012238971889e-05 6.563511124113574624e-05 1.150805564975598827e-05 3.148901669192127883e-05 2.245446012238971889e-05 6.563511124113574624e-05 1.150805564975598827e-05
2.600000000000000000e+04 1.901533141790423542e-05 2.241374568257015198e-05 6.492167449323460460e-05 1.137581512011820450e-05 2.886791480705142021e-05 2.241374568257015198e-05 6.492167449323460460e-05 1.137581512011820450e-05
2.700000000000000000e+04 1.806517393561080098e-04 4.789436570717953146e-05 1.483328960603103042e-04 9.029645298141986132e-05 1.879832852864637971e-04 4.789436570717953146e-05 1.483328960603103042e-04 9.029645298141986132e-05
2.800000000000000000e+04 1.758812686603050679e-05 2.255955223517958075e-05 6.338883395073935390e-05 1.255136885447427630e-05 2.579888132459018379e-05 2.255955223517958075e-05 6.338883395073935390e-05 1.255136885447427630e-05
2.900000000000000000e+04 1.498498295404715464e-05 2.236314685433171690e-05 6.238355854293331504e-05 1.130660075432388112e-05 2.276928717037662864e-05 2.236314685433171690e-05 6.238355854293331504e-05 1.130660075432388112e-05
3.000000000000000000e+04 1.401123790856217965e-05 2.233030318166129291e-05 6.161502824397757649e-05 1.127688847191166133e-05 2.126639083144254982e-05 2.233030318166129291e-05 6.161502824397757649e-05 1.127688847191166133e-05
3.100000000000000000e+04 1.523535775049822405e-05 2.244682764285244048e-05 6.279945955611765385e-05 1.161214549938449636e-05 2.199226219090633094e-05 2.244682764285244048e-05 6.279945955611765385e-05 1.161214549938449636e-05
3.200000000000000000e+04 1.239781977346865460e-05 2.224673698947299272e-05 6.000946814310736954e-05 1.129528664023382589e-05 1.876450005511287600e-05 2.224673698947299272e-05 6.000946814310736954e-05 1.129528664023382589e-05
3.300000000000000000e+04 1.172811971628107131e-05 2.218746340076904744e-05 5.925045843468979001e-05 1.128867097577312961e-05 1.771549796103499830e-05 2.218746340076904744e-05 5.925045843468979001e-05 1.128867097577312961e-05
3.400000000000000000e+04 1.167901791632175446e-05 2.205218697781674564e-05 5.891490582143887877e-05 1.132592751673655584e-05 1.728785173327196389e-05 2.205218697781674564e-05 5.891490582143887877e-05 1.132592751673655584e-05
3.500000000000000000e+04 1.060524664353579283e-05 2.202947689511347562e-05 5.773873999714851379e-05 1.128844451159238815e-05 1.595156209077686071e-05 2.202947689511347562e-05 5.773873999714851379e-05 1.128844451159238815e-05
3.600000000000000000e+04 1.043671272782376036e-05 2.196430978074204177e-05 5.692465856554917991e-05 1.149344461737200618e-05 1.555384551465976983e-05 2.196430978074204177e-05 5.692465856554917991e-05 1.149344461737200618e-05
3.700000000000000000e+04 1.095309289667056873e-05 2.185452467529103160e-05 5.750721902586519718e-05 1.150397474702913314e-05 1.558532312628813088e-05 2.185452467529103160e-05 5.750721902586519718e-05 1.150397474702913314e-05
3.800000000000000000e+04 9.319345736003015190e-06 2.170981497329194099e-05 5.547855107579380274e-05 1.129242900788085535e-05 1.391084788338048384e-05 2.170981497329194099e-05 5.547855107579380274e-05 1.129242900788085535e-05
3.900000000000000000e+04 8.985247404780238867e-06 2.154751382477115840e-05 5.476066507981158793e-05 1.133092155214399099e-05 1.336788500339025632e-05 2.154751382477115840e-05 5.476066507981158793e-05 1.133092155214399099e-05
4.000000000000000000e+04 8.671637260704301298e-06 2.139727075700648129e-05 5.401902672019787133e-05 1.128830172092420980e-05 1.286668157263193280e-05 2.139727075700648129e-05 5.401902672019787133e-05 1.128830172092420980e-05
4.100000000000000000e+04 9.396165114594623446e-05 3.902148455381393433e-05 6.643676169915124774e-05 1.775622877175919712e-05 8.773998706601560116e-05 3.902148455381393433e-05 6.643676169915124774e-05 1.775622877175919712e-05
4.200000000000000000e+04 8.130829883157275617e-06 2.104499071720056236e-05 5.252439586911350489e-05 1.129531756305368617e-05 1.198445897898636758e-05 2.104499071720056236e-05 5.252439586911350489e-05 1.129531756305368617e-05
4.300000000000000000e+04 7.896856004663277417e-06 2.085651249217335135e-05 5.178196806809864938e-05 1.129697102442150936e-05 1.158239410870010033e-05 2.085651249217335135e-05 5.178196806809864938e-05 1.129697102442150936e-05
4.400000000000000000e+04 8.244212949648499489e-06 2.337296973564662039e-05 5.371689258026890457e-05 1.455027086194604635e-05 1.222803985001519322e-05 2.337296973564662039e-05 5.371689258026890457e-05 1.455027086194604635e-05
4.500000000000000000e+04 7.472495326510397717e-06 2.041492734861094505e-05 5.030220927437767386e-05 1.130028431362006813e-05 1.091179274226306006e-05 2.041492734861094505e-05 5.030220927437767386e-05 1.130028431362006813e-05
4.600000000000000000e+04 7.299930985027458519e-06 2.021549516939558089e-05 4.953447569278068841e-05 1.135795355367008597e-05 1.065203014150029048e-05 2.021549516939558089e-05 4.953447569278068841e-05 1.135795355367008597e-05
4.700000000000000000e+04 7.851675036363303661e-06 2.077122553600929677e-05 4.873716170550324023e-05 1.153268112830119208e-05 1.081315349438227713e-05 2.077122553600929677e-05 4.873716170550324023e-05 1.153268112830119208e-05
4.800000000000000000e+04 7.168064712459454313e-06 1.969765980902593583e-05 4.806626384379342198e-05 1.137807521445211023e-05 1.036482171912211925e-05 1.969765980902593583e-05 4.806626384379342198e-05 1.137807521445211023e-05
4.900000000000000000e+04 8.462633559247478843e-06 1.961657653737347573e-05 4.743281897390261292e-05 1.122535013564629480e-05 1.103976956073893234e-05 1.961657653737347573e-05 4.743281897390261292e-05 1.122535013564629480e-05
5.000000000000000000e+04 6.626413323829183355e-06 1.927169250848237425e-05 4.651663402910344303e-05 1.130813689087517560e-05 9.529598173685371876e-06 1.927169250848237425e-05 4.651663402910344303e-05 1.130813689087517560e-05
5.100000000000000000e+04 2.854127160389907658e-05 1.907522164401598275e-05 4.900462590740062296e-05 1.460134535591350868e-05 3.131709308945573866e-05 1.907522164401598275e-05 4.900462590740062296e-05 1.460134535591350868e-05
5.200000000000000000e+04 6.905961981829022989e-06 1.925297692650929093e-05 4.493992673815228045e-05 1.140987842518370599e-05 9.451345249544829130e-06 1.925297692650929093e-05 4.493992673815228045e-05 1.140987842518370599e-05
5.300000000000000000e+04 6.932485121069476008e-05 2.915769255196209997e-05 8.648307994008064270e-05 4.125379200559109449e-05 7.056679169181734324e-05 2.915769255196209997e-05 8.648307994008064270e-05 4.125379200559109449e-05
5.400000000000000000e+04 7.469408956239931285e-06 2.761781979643274099e-05 5.421992682386189699e-05 2.108277658408042043e-05 1.080314450518926606e-05 2.761781979643274099e-05 5.421992682386189699e-05 2.108277658408042043e-05
5.500000000000000000e+04 6.017856321705039591e-06 1.785578751878347248e-05 4.277738844393752515e-05 1.132350917032454163e-05 8.548782716388814151e-06 1.785578751878347248e-05 4.277738844393752515e-05 1.132350917032454163e-05
5.600000000000000000e+04 5.916926511417841539e-06 1.753109245328232646e-05 4.206338053336367011e-05 1.132191391661763191e-05 8.374972821911796927e-06 1.753109245328232646e-05 4.206338053336367011e-05 1.132191391661763191e-05
5.700000000000000000e+04 5.817259534524055198e-06 1.720448926789686084e-05 4.135952258366160095e-05 1.132258421421283856e-05 8.219009032472968102e-06 1.720448926789686084e-05 4.135952258366160095e-05 1.132258421421283856e-05
5.800000000000000000e+04 5.726604285882785916e-06 1.688921292952727526e-05 4.062521475134417415e-05 1.132620946009410545e-05 8.073284334386698902e-06 1.688921292952727526e-05 4.062521475134417415e-05 1.132620946009410545e-05
5.900000000000000000e+04 5.663019237545086071e-06 1.648782745178323239e-05 3.999953696620650589e-05 1.134561352955643088e-05 7.960113180160988122e-06 1.648782745178323239e-05 3.999953696620650589e-05 1.134561352955643088e-05
6.000000000000000000e+04 5.727393272536573932e-06 1.619412068976089358e-05 3.937507426599040627e-05 1.135189813794568181e-05 7.850008842069655657e-06 1.619412068976089358e-05 3.937507426599040627e-05 1.135189813794568181e-05
6.100000000000000000e+04 6.510293133032973856e-06 1.586988946655765176e-05 3.887601997121237218e-05 1.142218206950929016e-05 8.401082595810294151e-06 1.586988946655765176e-05 3.887601997121237218e-05 1.142218206950929016e-05
6.200000000000000000e+04 5.967420293018221855e-06 1.552999128762166947e-05 3.795305747189559042e-05 1.132596116804052144e-05 7.880306839069817215e-06 1.552999128762166947e-05 3.795305747189559042e-05 1.132596116804052144e-05
6.300000000000000000e+04 5.313379006111063063e-06 1.516479278507176787e-05 3.712253601406700909e-05 1.133187561208615080e-05 7.395090506179258227e-06 1.516479278507176787e-05 3.712253601406700909e-05 1.133187561208615080e-05
6.400000000000000000e+04 5.368913207348668948e-06 1.475257249694550410e-05 3.659530921140685678e-05 1.133069872594205663e-05 7.386645847873296589e-06 1.475257249694550410e-05 3.659530921140685678e-05 1.133069872594205663e-05
6.500000000000000000e+04 5.176661488803802058e-06 1.443089604435954243e-05 3.576612289180047810e-05 1.133492878580000252e-05 7.174516213126480579e-06 1.443089604435954243e-05 3.576612289180047810e-05 1.133492878580000252e-05
6.600000000000000000e+04 2.223625924671068788e-04 1.891258398245554417e-05 7.801649189786985517e-05 4.346208879724144936e-05 2.157704439014196396e-04 1.891258398245554417e-05 7.801649189786985517e-05 4.346208879724144936e-05
6.700000000000000000e+04 5.057670932728797197e-06 1.367646746075479314e-05 3.444328103796578944e-05 1.133587466028984636e-05 6.973749350436264649e-06 1.367646746075479314e-05 3.444328103796578944e-05 1.133587466028984636e-05
6.800000000000000000e+04 5.379870799515629187e-06 1.362029342999449000e-05 3.374565858393907547e-05 1.134791364165721461e-05 7.154740160331130028e-06 1.362029342999449000e-05 3.374565858393907547e-05 1.134791364165721461e-05
6.900000000000000000e+04 4.952583822159795091e-06 1.291698481509229168e-05 3.317080336273647845e-05 1.133325622504344210e-05 6.782786385883809999e-06 1.291698481509229168e-05 3.317080336273647845e-05 1.133325622504344210e-05
7.000000000000000000e+04 4.907557467959122732e-06 1.254400740435812622e-05 3.253170507377944887e-05 1.133227851823903620e-05 6.708979071845533326e-06 1.254400740435812622e-05 3.253170507377944887e-05 1.133227851823903620e-05
7.100000000000000000e+04 4.862240075453883037e-06 1.216570035467157140e-05 3.191352516296319664e-05 1.132911165768746287e-05 6.611020580749027431e-06 1.216570035467157140e-05 3.191352516296319664e-05 1.132911165768746287e-05
7.200000000000000000e+04 1.839519973145797849e-04 1.879398587334435433e-05 7.024973456282168627e-05 4.514490137808024883e-05 1.861779601313173771e-04 1.879398587334435433e-05 7.024973456282168627e-05 4.514490137808024883e-05
7.300000000000000000e+04 4.527333294390700758e-05 1.167361278930911794e-05 3.536820804583840072e-05 1.451039133826270700e-05 4.509123391471803188e-05 1.167361278930911794e-05 3.536820804583840072e-05 1.451039133826270700e-05
7.400000000000000000e+04 8.107847861538175493e-06 1.103388785850256681e-05 3.046151323360390961e-05 1.183027325168950483e-05 1.000056181510444731e-05 1.103388785850256681e-05 3.046151323360390961e-05 1.183027325168950483e-05
7.500000000000000000e+04 4.759544481203192845e-06 1.058634006767533720e-05 2.950418820546474308e-05 1.134889225795632228e-05 6.394731826731003821e-06 1.058634006767533720e-05 2.950418820546474308e-05 1.134889225795632228e-05
7.600000000000000000e+04 1.019644187181256711e-04 1.177674039354315028e-05 4.301565058995038271e-05 2.412220055703073740e-05 1.035197201417759061e-04 1.177674039354315028e-05 4.301565058995038271e-05 2.412220055703073740e-05
7.700000000000000000e+04 6.548320470756152645e-06 9.775191756489221007e-06 2.853810292435809970e-05 1.144647740147775039e-05 8.169543434632942080e-06 9.775191756489221007e-06 2.853810292435809970e-05 1.144647740147775039e-05
7.800000000000000000e+04 9.105948265641927719e-06 9.532164767733775079e-06 2.816459164023399353e-05 1.155099926108960062e-05 1.034404886013362557e-05 9.532164767733775079e-06 2.816459164023399353e-05 1.155099926108960062e-05
7.900000000000000000e+04 1.265217179025057703e-05 1.900984534586314112e-05 3.641463263193145394e-05 1.816025542211718857e-05 1.467337096983101219e-05 1.900984534586314112e-05 3.641463263193145394e-05 1.816025542211718857e-05
8.000000000000000000e+04 4.622000233212020248e-06 8.741485544305760413e-06 2.652918374224100262e-05 1.132917532231658697e-05 6.149023647594731301e-06 8.741485544305760413e-06 2.652918374224100262e-05 1.132917532231658697e-05
8.100000000000000000e+04 4.616743808583123609e-06 8.361277650692500174e-06 2.596658850961830467e-05 1.132793568103807047e-05 6.109059995651477948e-06 8.361277650692500174e-06 2.596658850961830467e-05 1.132793568103807047e-05
8.200000000000000000e+04 4.639216422219760716e-05 7.858090611989609897e-06 2.659024357853922993e-05 1.247375712409848347e-05 4.684684245148673654e-05 7.858090611989609897e-06 2.659024357853922993e-05 1.247375712409848347e-05
8.300000000000000000e+04 4.608578365150606260e-06 7.639800969627685845e-06 2.483707794453948736e-05 1.132941906689666212e-05 6.073967597330920398e-06 7.639800969627685845e-06 2.483707794453948736e-05 1.132941906689666212e-05
8.400000000000000000e+04 1.532434362161438912e-05 7.434713552356697619e-06 2.563512680353596807e-05 1.272063491342123598e-05 1.688769407337531447e-05 7.434713552356697619e-06 2.563512680353596807e-05 1.272063491342123598e-05
8.500000000000000000e+04 4.638019163394346833e-06 6.976054464757908136e-06 2.372161725361365825e-05 1.131947647081688046e-05 6.081426363380160183e-06 6.976054464757908136e-06 2.372161725361365825e-05 1.131947647081688046e-05
8.600000000000000000e+04 4.625452220352599397e-06 6.621022293984424323e-06 2.318919177923817188e-05 1.133063051383942366e-05 6.060052783141145483e-06 6.621022293984424323e-06 2.318919177923817188e-05 1.133063051383942366e-05
8.700000000000000000e+04 6.332365956041030586e-06 6.235687123989919201e-06 2.274127291457261890e-05 1.140906897489912808e-05 7.774522600811906159e-06 6.235687123989919201e-06 2.274127291457261890e-05 1.140906897489912808e-05
8.800000000000000000e+04 4.656599230656865984e-06 6.000143457640660927e-06 2.209761260019149631e-05 1.133222485805163160e-05 6.097953701100777835e-06 6.000143457640660927e-06 2.209761260019149631e-05 1.133222485805163160e-05
8.900000000000000000e+04 4.841610007133567706e-06 5.652117124554933980e-06 2.160208532586693764e-05 1.135829825216205791e-05 6.195241894602077082e-06 5.652117124554933980e-06 2.160208532586693764e-05 1.135829825216205791e-05
9.000000000000000000e+04 1.463301032345043495e-05 1.290559430344728753e-05 2.791462247841991484e-05 1.596852416696492583e-05 1.717649865895509720e-05 1.290559430344728753e-05 2.791462247841991484e-05 1.596852416696492583e-05
9.100000000000000000e+04 4.727394752990221605e-06 5.133381364430533722e-06 2.051510819001123309e-05 1.133553178078727797e-05 6.216063866304466501e-06 5.133381364430533722e-06 2.051510819001123309e-05 1.133553178078727797e-05
9.200000000000000000e+04 4.768925464304629713e-06 4.876819730270653963e-06 2.000795757339801639e-05 1.133814566856017336e-05 6.265401225391542539e-06 4.876819730270653963e-06 2.000795757339801639e-05 1.133814566856017336e-05
9.300000000000000000e+04 4.799181624548509717e-06 4.638920927391154692e-06 1.950224577740300447e-05 1.133666319219628349e-05 6.343514542095363140e-06 4.638920927391154692e-06 1.950224577740300447e-05 1.133666319219628349e-05
9.400000000000000000e+04 4.858851298195077106e-06 4.397842076286906376e-06 1.898591654025949538e-05 1.133982186729554087e-05 6.449949978559743613e-06 4.397842076286906376e-06 1.898591654025949538e-05 1.133982186729554087e-05
9.500000000000000000e+04 1.022098967951023951e-05 4.112320766580523923e-06 1.862332828750368208e-05 1.150038588093593717e-05 1.166130368801532313e-05 4.112320766580523923e-06 1.862332828750368208e-05 1.150038588093593717e-05
9.600000000000000000e+04 4.934916887577855960e-06 4.066403107572114095e-06 1.808603701647371054e-05 1.137698200182057917e-05 6.748242412868421525e-06 4.066403107572114095e-06 1.808603701647371054e-05 1.137698200182057917e-05
9.700000000000000000e+04 8.253042324213311076e-06 3.908887720172060654e-06 1.764875560184009373e-05 1.133812565967673436e-05 1.016619353322312236e-05 3.908887720172060654e-06 1.764875560184009373e-05 1.133812565967673436e-05
9.800000000000000000e+04 9.840616257861256599e-06 3.684762305056210607e-06 1.729281029838602990e-05 1.147685634350636974e-05 1.182851883640978485e-05 3.684762305056210607e-06 1.729281029838602990e-05 1.147685634350636974e-05
9.900000000000000000e+04 5.086379587737610564e-06 3.450975782470777631e-06 1.658580731600522995e-05 1.135326419898774475e-05 6.940172170288860798e-06 3.450975782470777631e-06 1.658580731600522995e-05 1.135326419898774475e-05
1.000000000000000000e+05 5.421919468062696978e-06 3.839086730295093730e-06 1.658673500060103834e-05 1.164363675343338400e-05 7.645385267096571624e-06 3.839086730295093730e-06 1.658673500060103834e-05 1.164363675343338400e-05
1.010000000000000000e+05 1.539913137094117701e-05 3.247394261052249931e-06 1.612643791304435581e-05 1.163481374533148482e-05 1.765524575603194535e-05 3.247394261052249931e-06 1.612643791304435581e-05 1.163481374533148482e-05
1.020000000000000000e+05 5.211523784964811057e-06 3.003390702360775322e-06 1.526384767203126103e-05 1.135968977905577049e-05 7.285592801054008305e-06 3.003390702360775322e-06 1.526384767203126103e-05 1.135968977905577049e-05
1.030000000000000000e+05 5.248323759587947279e-06 2.881843101931735873e-06 1.485108077758923173e-05 1.136192076955921948e-05 7.376444955298211426e-06 2.881843101931735873e-06 1.485108077758923173e-05 1.136192076955921948e-05
1.040000000000000000e+05 1.325738412560895085e-04 3.840006229438586161e-06 1.749056900735013187e-05 1.364458876196295023e-05 1.360231253784149885e-04 3.840006229438586161e-06 1.749056900735013187e-05 1.364458876196295023e-05
1.050000000000000000e+05 5.981183221592800692e-06 2.897332478823955171e-06 1.413495010638143867e-05 1.137350864155450836e-05 8.477387382299639285e-06 2.897332478823955171e-06 1.413495010638143867e-05 1.137350864155450836e-05
1.060000000000000000e+05 1.252307356480741873e-05 3.399253500901977532e-06 1.456330028304364532e-05 1.191856972582172602e-05 1.406639603374060243e-05 3.399253500901977532e-06 1.456330028304364532e-05 1.191856972582172602e-05
1.070000000000000000e+05 2.738337207119911909e-04 2.329939434275729582e-06 2.453116394462995231e-05 2.231732833024580032e-05 2.740479249041527510e-04 2.329939434275729582e-06 2.453116394462995231e-05 2.231732833024580032e-05
1.080000000000000000e+05 1.182108098873868585e-05 2.424512558718561195e-06 1.327182053501019254e-05 1.160001465905224904e-05 1.470644201617687941e-05 2.424512558718561195e-06 1.327182053501019254e-05 1.160001465905224904e-05
1.090000000000000000e+05 5.389742909756023437e-06 2.274513008160283789e-06 1.261137822439195588e-05 1.138459901994792745e-05 7.982493116287514567e-06 2.274513008160283789e-06 1.261137822439195588e-05 1.138459901994792745e-05
1.100000000000000000e+05 5.450724984257249162e-06 2.182865728173055686e-06 1.229324971063761041e-05 1.139108462666627020e-05 8.047725714277476072e-06 2.182865728173055686e-06 1.229324971063761041e-05 1.139108462666627020e-05
1.110000000000000000e+05 5.561715170188108459e-06 2.127158040821086615e-06 1.204422824230277911e-05 1.141684151662047952e-05 8.381179213756695390e-06 2.127158040821086615e-06 1.204422824230277911e-05 1.141684151662047952e-05
1.120000000000000000e+05 5.931363830313785002e-06 2.027544724114704877e-06 1.167427853943081573e-05 1.142070141213480383e-05 8.611927114543505013e-06 2.027544724114704877e-06 1.167427853943081573e-05 1.142070141213480383e-05
1.130000000000000000e+05 5.405824140325421467e-06 1.985478320420952514e-06 1.137211984314490110e-05 1.139783307735342532e-05 8.234323104261420667e-06 1.985478320420952514e-06 1.137211984314490110e-05 1.139783307735342532e-05
1.140000000000000000e+05 1.068442725227214396e-05 1.898426376101269852e-06 1.136627997766481712e-05 1.164963941846508533e-05 1.338919901172630489e-05 1.898426376101269852e-06 1.136627997766481712e-05 1.164963941846508533e-05
1.150000000000000000e+05 5.388712907006265596e-06 1.873226665338734165e-06 1.081542995962081477e-05 1.140465792559552938e-05 8.344769412360619754e-06 1.873226665338734165e-06 1.081542995962081477e-05 1.140465792559552938e-05
1.160000000000000000e+05 5.391881586547242478e-06 1.815924292714043986e-06 1.055286156770307571e-05 1.140901986218523234e-05 8.366478141397237778e-06 1.815924292714043986e-06 1.055286156770307571e-05 1.140901986218523234e-05
1.170000000000000000e+05 5.363230229704640806e-06 1.764761009326321073e-06 1.028828773996792734e-05 1.141391203418606892e-05 8.414873263973277062e-06 1.764761009326321073e-06 1.028828773996792734e-05 1.141391203418606892e-05
1.180000000000000000e+05 5.345061708794673905e-06 1.721428020573512185e-06 1.004141358862398192e-05 1.141698339779395610e-05 8.446481842838693410e-06 1.721428020573512185e-06 1.004141358862398192e-05 1.141698339779395610e-05
1.190000000000000000e+05 5.332505679689347744e-06 1.688614929662435316e-06 9.817522368393838406e-06 1.141780376201495528e-05 8.470949978800490499e-06 1.688614929662435316e-06 9.817522368393838406e-06 1.141780376201495528e-05
1.200000000000000000e+05 4.500661452766507864e-05 1.562130137244821526e-06 1.103357135434634984e-05 1.284937570744659752e-05 4.756822818308137357e-05 1.562130137244821526e-06 1.103357135434634984e-05 1.284937570744659752e-05
1.210000000000000000e+05 5.269463144941255450e-06 1.628964582778280601e-06 9.345842045149765909e-06 1.142814653576351702e-05 8.491619155392982066e-06 1.628964582778280601e-06 9.345842045149765909e-06 1.142814653576351702e-05
1.220000000000000000e+05 5.285362931317649782e-06 1.562397073939791881e-06 9.142412636720109731e-06 1.143147619586670771e-05 8.473019988741725683e-06 1.562397073939791881e-06 9.142412636720109731e-06 1.143147619586670771e-05
1.230000000000000000e+05 5.297215921018505469e-06 1.525611764918721747e-06 8.930625881475862116e-06 1.143695226346608251e-05 8.502207492711022496e-06 1.525611764918721747e-06 8.930625881475862116e-06 1.143695226346608251e-05
1.240000000000000000e+05 5.313369456416694447e-06 1.496758500252326485e-06 8.823915777611546218e-06 1.153813536802772433e-05 8.545934178982861340e-06 1.496758500252326485e-06 8.823915777611546218e-06 1.153813536802772433e-05
1.250000000000000000e+05 5.195036010263720527e-06 1.458031078982457984e-06 8.570855243306141347e-06 1.148546198237454519e-05 8.440355486527550966e-06 1.458031078982457984e-06 8.570855243306141347e-06 1.148546198237454519e-05
1.260000000000000000e+05 9.449603385291993618e-05 1.721351281958050095e-06 1.130033342633396387e-05 1.435572812624741346e-05 1.008600811474025249e-04 1.721351281958050095e-06 1.130033342633396387e-05 1.435572812624741346e-05
1.270000000000000000e+05 8.272387276520021260e-06 1.467436391067167278e-06 8.236534085881430656e-06 1.153497669292846695e-05 1.192763284052489325e-05 1.467436391067167278e-06 8.236534085881430656e-06 1.153497669292846695e-05
1.280000000000000000e+05 5.063724529463797808e-06 1.395941694681823719e-06 7.956374247441999614e-06 1.145243550126906484e-05 8.428185537923127413e-06 1.395941694681823719e-06 7.956374247441999614e-06 1.145243550126906484e-05
1.290000000000000000e+05 7.152698799473000690e-06 1.389060912515560631e-06 7.926826583570800722e-06 1.157218412117799744e-05 1.074548254109686241e-05 1.389060912515560631e-06 7.926826583570800722e-06 1.157218412117799744e-05
1.300000000000000000e+05 4.995978542865486816e-06 1.384264919579436537e-06 7.607130100950598717e-06 1.146411977970274165e-05 8.360693755093961954e-06 1.384264919579436537e-06 7.607130100950598717e-06 1.146411977970274165e-05
1.310000000000000000e+05 4.962347702530678362e-06 1.331770477008831222e-06 7.428493063343921676e-06 1.146384420280810446e-05 8.360034371435176581e-06 1.331770477008831222e-06 7.428493063343921676e-06 1.146384420280810446e-05
1.320000000000000000e+05 4.929077022097771987e-06 1.316922407568199560e-06 7.266564352903515100e-06 1.146707745647290722e-05 8.337751751241739839e-06 1.316922407568199560e-06 7.266564352903515100e-06 1.146707745647290722e-05
1.330000000000000000e+05 4.886845999862998724e-06 1.297219341722666286e-06 7.097200978023465723e-06 1.147127841250039637e-05 8.302174137497786433e-06 1.297219341722666286e-06 7.097200978023465723e-06 1.147127841250039637e-05
1.340000000000000000e+05 4.846049250772921368e-06 1.279598336623166688e-06 6.945372660993598402e-06 1.147371585830114782e-05 8.252097359218169004e-06 1.279598336623166688e-06 6.945372660993598402e-06 1.147371585830114782e-05
1.350000000000000000e+05 6.237648631213232875e-05 1.165503817901480943e-06 8.532900210411753505e-06 1.325763787463074550e-05 6.562856287928298116e-05 1.165503817901480943e-06 8.532900210411753505e-06 1.325763787463074550e-05
1.360000000000000000e+05 4.784852080774726346e-06 1.258722477359697223e-06 6.649222541454946622e-06 1.148201135947601870e-05 8.195365808205679059e-06 1.258722477359697223e-06 6.649222541454946622e-06 1.148201135947601870e-05
1.370000000000000000e+05 1.010793766909046099e-05 1.301533188780013006e-06 6.665971795882796869e-06 1.166657330031739548e-05 1.392788908560760319e-05 1.301533188780013006e-06 6.665971795882796869e-06 1.166657330031739548e-05
1.380000000000000000e+05 5.395861535362200812e-06 1.258545466953364667e-06 6.376019882736727595e-06 1.151463038695510477e-05 8.868496479408349842e-06 1.258545466953364667e-06 6.376019882736727595e-06 1.151463038695510477e-05
1.390000000000000000e+05 8.666757821629289538e-06 1.135919433181697968e-06 6.397133802238386124e-06 1.153219636762514710e-05 1.172016891359817237e-05 1.135919433181697968e-06 6.397133802238386124e-06 1.153219636762514710e-05
1.400000000000000000e+05 4.886153419647598639e-06 1.646284431444655638e-06 6.605381713598035276e-06 1.181887819257099181e-05 8.490232175972778350e-06 1.646284431444655638e-06 6.605381713598035276e-06 1.181887819257099181e-05
1.410000000000000000e+05 4.798384907189756632e-06 1.603636405889119487e-06 6.421293164748931304e-06 1.177952708530938253e-05 8.417964636464603245e-06 1.603636405889119487e-06 6.421293164748931304e-06 1.177952708530938253e-05
1.420000000000000000e+05 6.617920462304027751e-06 1.425212076355819590e-06 5.883778158022323623e-06 1.148162027675425634e-05 1.023219374474138021e-05 1.425212076355819590e-06 5.883778158022323623e-06 1.148162027675425634e-05
1.430000000000000000e+05 1.969404911505989730e-05 7.506993824790697545e-06 1.241835161636117846e-05 1.548521504446398467e-05 2.600182415335439146e-05 7.506993824790697545e-06 1.241835161636117846e-05 1.548521504446398467e-05
1.440000000000000000e+05 2.825800402206368744e-05 2.413818401691969484e-05 4.110227746423333883e-05 3.550332621671259403e-05 3.877953713526949286e-05 2.413818401691969484e-05 4.110227746423333883e-05 3.550332621671259403e-05
1.450000000000000000e+05 4.382094175525708124e-06 1.154007691184233408e-06 5.503804459294769913e-06 1.153302036982495338e-05 7.639520845259539783e-06 1.154007691184233408e-06 5.503804459294769913e-06 1.153302036982495338e-05
1.460000000000000000e+05 5.344138116925023496e-06 1.198879999719792977e-06 5.581775440077763051e-06 1.162646003649570048e-05 8.600517503509763628e-06 1.198879999719792977e-06 5.581775440077763051e-06 1.162646003649570048e-05
1.470000000000000000e+05 4.370124315755674616e-06 1.146995259659888688e-06 5.291210072755347937e-06 1.151927790488116443e-05 7.628181265317834914e-06 1.146995259659888688e-06 5.291210072755347937e-06 1.151927790488116443e-05
1.480000000000000000e+05 4.188960701867472380e-06 1.149570039160607848e-06 5.171828888705931604e-06 1.151049127656733617e-05 7.442212336172815412e-06 1.149570039160607848e-06 5.171828888705931604e-06 1.151049127656733617e-05
1.490000000000000000e+05 2.227641743957065046e-05 1.255059032700955868e-06 5.527443136088550091e-06 1.201132454298203811e-05 2.611898344184737653e-05 1.255059032700955868e-06 5.527443136088550091e-06 1.201132454298203811e-05
1.500000000000000000e+05 4.460705895326100290e-06 1.236971229445771314e-06 5.356833298719720915e-06 1.183367839985294268e-05 7.473673576896544546e-06 1.236971229445771314e-06 5.356833298719720915e-06 1.183367839985294268e-05
1.510000000000000000e+05 9.978853086067829281e-06 1.199368739435158204e-06 4.974539479007944465e-06 1.167140362667851150e-05 1.359820180368842557e-05 1.199368739435158204e-06 4.974539479007944465e-06 1.167140362667851150e-05
1.520000000000000000e+05 3.993619429820682853e-06 1.109963818635151256e-06 4.743289537145756185e-06 1.152973709395155311e-05 7.071338131936499849e-06 1.109963818635151256e-06 4.743289537145756185e-06 1.152973709395155311e-05
1.530000000000000000e+05 3.939941507269395515e-06 1.118673594646679703e-06 4.645147328119492158e-06 1.152481127064675093e-05 7.057330549287144095e-06 1.118673594646679703e-06 4.645147328119492158e-06 1.152481127064675093e-05
1.540000000000000000e+05 3.896759153576567769e-06 1.105131673284631688e-06 4.541197540675057098e-06 1.153072844317648560e-05 6.992297130636870861e-06 1.105131673284631688e-06 4.541197540675057098e-06 1.153072844317648560e-05
1.550000000000000000e+05 4.078710389876505360e-06 1.079386379387869965e-06 4.461388925847131759e-06 1.154944493464427069e-05 6.969322384975384921e-06 1.079386379387869965e-06 4.461388925847131759e-06 1.154944493464427069e-05
1.560000000000000000e+05 3.851187557302182540e-06 1.111527353714336641e-06 4.350993549451231956e-06 1.153177163359941915e-05 6.911608124937629327e-06 1.111527353714336641e-06 4.350993549451231956e-06 1.153177163359941915e-05
1.570000000000000000e+05 3.791428298427490517e-06 1.108102651414810680e-06 4.261845788278151304e-06 1.153321500169113278e-05 6.824052434240002185e-06 1.108102651414810680e-06 4.261845788278151304e-06 1.153321500169113278e-05
1.580000000000000000e+05 3.684113835333846509e-06 1.087996906790067442e-06 4.157302555540809408e-06 1.154013898485573009e-05 6.666316494374768808e-06 1.087996906790067442e-06 4.157302555540809408e-06 1.154013898485573009e-05
1.590000000000000000e+05 3.651911129054496996e-06 1.071273686648055445e-06 4.066178917128127068e-06 1.155913741968106478e-05 6.570451660081744194e-06 1.071273686648055445e-06 4.066178917128127068e-06 1.155913741968106478e-05
1.600000000000000000e+05 2.510904741939157248e-04 1.945882786458241753e-06 9.032179150381125510e-06 1.737544334901031107e-05 2.642484032548964024e-04 1.945882786458241753e-06 9.032179150381125510e-06 1.737544334901031107e-05
1.610000000000000000e+05 3.552180032784235664e-06 1.064580715137708467e-06 3.887495950039010495e-06 1.156200869445456192e-05 6.426968866435345262e-06 1.064580715137708467e-06 3.887495950039010495e-06 1.156200869445456192e-05
1.620000000000000000e+05 3.505466111164423637e-06 1.065355831997294445e-06 3.784640512094483711e-06 1.156638245447538793e-05 6.334523277473635972e-06 1.065355831997294445e-06 3.784640512094483711e-06 1.156638245447538793e-05
1.630000000000000000e+05 3.714956392286694609e-06 1.134521653511910699e-06 3.698893806358682923e-06 1.155494555860059336e-05 6.615534402953926474e-06 1.134521653511910699e-06 3.698893806358682923e-06 1.155494555860059336e-05
1.640000000000000000e+05 3.400664354558102787e-06 1.067069206328596920e-06 3.605679921747650951e-06 1.155667177954455838e-05 6.213211690919706598e-06 1.067069206328596920e-06 3.605679921747650951e-06 1.155667177954455838e-05
1.650000000000000000e+05 4.129211447434499860e-06 1.110639686885406263e-06 3.543877483025426045e-06 1.156780126621015370e-05 7.027839728834806010e-06 1.110639686885406263e-06 3.543877483025426045e-06 1.156780126621015370e-05
1.660000000000000000e+05 3.289414280516211875e-06 1.084659857042424846e-06 3.445654783718055114e-06 1.155892732640495524e-05 6.073925305827287957e-06 1.084659857042424846e-06 3.445654783718055114e-06 1.155892732640495524e-05
1.670000000000000000e+05 4.682439794123638421e-06 1.095398260986257810e-06 3.381549731784616597e-06 1.160826559498673305e-05 7.613865363964578137e-06 1.095398260986257810e-06 3.381549731784616597e-06 1.160826559498673305e-05
1.680000000000000000e+05 3.504207370497169904e-06 1.081233676814008504e-06 3.288980451543466188e-06 1.157424867415102199e-05 6.271407073654700071e-06 1.081233676814008504e-06 3.288980451543466188e-06 1.157424867415102199e-05
1.690000000000000000e+05 3.246708729420788586e-06 1.070538132807996590e-06 3.201940216968068853e-06 1.157189217337872833e-05 5.963635430816793814e-06 1.070538132807996590e-06 3.201940216968068853e-06 1.157189217337872833e-05
1.700000000000000000e+05 3.185303512509563006e-06 1.049208890435693320e-06 3.128684284092742018e-06 1.156957296188920736e-05 5.796969162474852055e-06 1.049208890435693320e-06 3.128684284092742018e-06 1.156957296188920736e-05
1.710000000000000000e+05 3.344116066728020087e-06 1.082941480490262620e-06 3.054699391213944182e-06 1.157506812887731940e-05 6.029945780028356239e-06 1.082941480490262620e-06 3.054699391213944182e-06 1.157506812887731940e-05
1.720000000000000000e+05 3.419551603656145744e-06 1.063735453499248251e-06 3.003315214300528169e-06 1.160914962383685634e-05 6.081996161810820922e-06 1.063735453499248251e-06 3.003315214300528169e-06 1.160914962383685634e-05
1.730000000000000000e+05 2.977336407639086246e-06 1.050477180797315668e-06 2.890273890443495475e-06 1.157919541583396494e-05 5.537544893741142005e-06 1.050477180797315668e-06 2.890273890443495475e-06 1.157919541583396494e-05
1.740000000000000000e+05 2.920811539297574200e-06 1.051387357620114926e-06 2.833654662026674487e-06 1.157741826318670064e-05 5.454286110762041062e-06 1.051387357620114926e-06 2.833654662026674487e-06 1.157741826318670064e-05
1.750000000000000000e+05 5.353272626962279901e-06 1.065391757038014475e-06 2.891444410124677233e-06 1.173546297650318593e-05 8.151528163580223918e-06 1.065391757038014475e-06 2.891444410124677233e-06 1.173546297650318593e-05
1.760000000000000000e+05 3.218894335077493452e-06 1.222125206368218642e-06 2.814895196934230626e-06 1.167069331131642684e-05 6.030318218108732253e-06 1.222125206368218642e-06 2.814895196934230626e-06 1.167069331131642684e-05
1.770000000000000000e+05 4.048043592774774879e-06 1.016432520373200532e-06 2.650244596225093119e-06 1.160813008027616888e-05 6.411504728021100163e-06 1.016432520373200532e-06 2.650244596225093119e-06 1.160813008027616888e-05
1.780000000000000000e+05 2.745480742305517197e-06 1.042309577314881608e-06 2.572164476077887230e-06 1.158666236733552068e-05 5.165233233128674328e-06 1.042309577314881608e-06 2.572164476077887230e-06 1.158666236733552068e-05
1.790000000000000000e+05 3.763892436836613342e-06 1.126499000747571699e-06 2.544258677517063916e-06 1.160655574494739994e-05 6.455026777985040098e-06 1.126499000747571699e-06 2.544258677517063916e-06 1.160655574494739994e-05
1.800000000000000000e+05 2.730590040300739929e-06 1.049572119882213883e-06 2.459305960655910894e-06 1.159573457698570564e-05 5.106135631649522111e-06 1.049572119882213883e-06 2.459305960655910894e-06 1.159573457698570564e-05
1.810000000000000000e+05 2.752015461737755686e-06 1.038795062413555570e-06 2.400262019364163280e-06 1.161707587016280740e-05 5.127021722728386521e-06 1.038795062413555570e-06 2.400262019364163280e-06 1.161707587016280740e-05
1.820000000000000000e+05 1.550159795442596078e-04 1.696214440016774461e-06 4.876248567597940564e-06 1.479073216614779085e-05 1.656545500736683607e-04 1.696214440016774461e-06 4.876248567597940564e-06 1.479073216614779085e-05
1.830000000000000000e+05 3.198318609065609053e-06 1.016052124214184005e-06 2.298006165801780298e-06 1.161479667644016445e-05 5.428526037576375529e-06 1.016052124214184005e-06 2.298006165801780298e-06 1.161479667644016445e-05
1.840000000000000000e+05 2.486663788658916019e-06 1.041578002514143009e-06 2.220157284682500176e-06 1.160180636361474171e-05 4.766374331666156650e-06 1.041578002514143009e-06 2.220157284682500176e-06 1.160180636361474171e-05
1.850000000000000000e+05 2.552704245317727327e-06 1.025719711833517067e-06 2.181452146032825112e-06 1.160128340416122228e-05 4.751739652419928461e-06 1.025719711833517067e-06 2.181452146032825112e-06 1.160128340416122228e-05
1.860000000000000000e+05 2.395732281001983210e-06 1.033948251460969914e-06 2.125411810993682593e-06 1.160323608928592876e-05 4.606371021509403363e-06 1.033948251460969914e-06 2.125411810993682593e-06 1.160323608928592876e-05
1.870000000000000000e+05 1.181375682790530846e-05 9.749820719662238844e-07 2.204087195423198864e-06 1.173229065898340195e-05 1.409156902809627354e-05 9.749820719662238844e-07 2.204087195423198864e-06 1.173229065898340195e-05
1.880000000000000000e+05 2.575006874394603074e-06 1.046970510287792422e-06 2.038405455095926300e-06 1.161269210570026189e-05 4.787793841387610883e-06 1.046970510287792422e-06 2.038405455095926300e-06 1.161269210570026189e-05
1.890000000000000000e+05 2.298621666341205128e-06 1.030477392305328976e-06 1.997047775148530491e-06 1.160924603027524427e-05 4.439026270119938999e-06 1.030477392305328976e-06 1.997047775148530491e-06 1.160924603027524427e-05
1.900000000000000000e+05 2.253642605865024962e-06 1.020562649500789121e-06 1.947583996297908016e-06 1.161531690740957856e-05 4.332757271185982972e-06 1.020562649500789121e-06 1.947583996297908016e-06 1.161531690740957856e-05
1.910000000000000000e+05 2.515460437280125916e-06 1.067839662027836312e-06 1.900677716548671015e-06 1.161793443316128105e-05 4.699916644312907010e-06 1.067839662027836312e-06 1.900677716548671015e-06 1.161793443316128105e-05
1.920000000000000000e+05 2.183905280617182143e-06 1.018777652461722028e-06 1.859008307292242534e-06 1.161599720944650471e-05 4.217684818286215886e-06 1.018777652461722028e-06 1.859008307292242534e-06 1.161599720944650471e-05
1.930000000000000000e+05 3.689224740810459480e-06 1.083659412870474625e-06 1.838054231484420598e-06 1.163333308795699850e-05 5.916215741308405995e-06 1.083659412870474625e-06 1.838054231484420598e-06 1.163333308795699850e-05
1.940000000000000000e+05 2.111535422955057584e-06 1.021030925585364457e-06 1.788035092431528028e-06 1.161792715720366687e-05 4.116040145163424313e-06 1.021030925585364457e-06 1.788035092431528028e-06 1.161792715720366687e-05
1.950000000000000000e+05 2.071523795166285709e-06 1.017631234390137251e-06 1.751412810335750692e-06 1.161838008556514978e-05 4.044535671710036695e-06 1.017631234390137251e-06 1.751412810335750692e-06 1.161838008556514978e-05
1.960000000000000000e+05 2.038517322944244370e-06 1.016100327433377970e-06 1.725768697724561207e-06 1.161816817329963669e-05 3.983314854849595577e-06 1.016100327433377970e-06 1.725768697724561207e-06 1.161816817329963669e-05
1.970000000000000000e+05 8.835880180413369089e-06 5.477892955241259187e-06 1.176292335003381595e-05 1.807192711567040533e-05 1.097481708711711690e-05 5.477892955241259187e-06 1.176292335003381595e-05 1.807192711567040533e-05
1.980000000000000000e+05 3.855720933643169701e-06 9.928536428560619242e-07 1.701647306617815048e-06 1.164191598945762962e-05 5.511969447979936376e-06 9.928536428560619242e-07 1.701647306617815048e-06 1.164191598945762962e-05
1.990000000000000000e+05 2.674726601981092244e-06 1.370334643979731482e-06 2.047121370196691714e-06 1.187890757137211040e-05 4.906068170384969562e-06 1.370334643979731482e-06 2.047121370196691714e-06 1.187890757137211040e-05
2.000000000000000000e+05 2.087837401631986722e-06 9.975059356293058954e-07 1.599829602128011174e-06 1.162633907370036468e-05 3.881761131196981296e-06 9.975059356293058954e-07 1.599829602128011174e-06 1.162633907370036468e-05
2.010000000000000000e+05 1.888267433969303966e-06 1.004405021376442164e-06 1.569989763083867729e-06 1.162689022748963907e-05 3.703151833178708330e-06 1.004405021376442164e-06 1.569989763083867729e-06 1.162689022748963907e-05
2.020000000000000000e+05 1.856160452007316053e-06 1.005452986646560021e-06 1.548933028061583173e-06 1.162706121249357238e-05 3.651805855042766780e-06 1.005452986646560021e-06 1.548933028061583173e-06 1.162706121249357238e-05
2.030000000000000000e+05 3.899267903761938214e-05 2.331186351511860266e-06 1.945877102116355672e-06 1.156548933067824692e-05 4.161063770879991353e-05 2.331186351511860266e-06 1.945877102116355672e-06 1.156548933067824692e-05
2.040000000000000000e+05 1.803747181838843971e-06 1.009696006804006174e-06 1.498726533100125380e-06 1.162799708254169673e-05 3.547261030689696781e-06 1.009696006804006174e-06 1.498726533100125380e-06 1.162799708254169673e-05
2.050000000000000000e+05 1.874820441116753500e-06 9.921086530084721744e-07 1.488658199377823621e-06 1.162266653409460559e-05 3.555169314495287836e-06 9.921086530084721744e-07 1.488658199377823621e-06 1.162266653409460559e-05
2.060000000000000000e+05 1.779540866664319765e-06 9.955244877346558496e-07 1.456098402741190512e-06 1.163531669590156525e-05 3.454120815149508417e-06 9.955244877346558496e-07 1.456098402741190512e-06 1.163531669590156525e-05
2.070000000000000000e+05 2.181712989113293588e-05 1.210669097417849116e-06 1.622703848624951206e-06 1.191111005027778447e-05 2.465027318976353854e-05 1.210669097417849116e-06 1.622703848624951206e-06 1.191111005027778447e-05
2.080000000000000000e+05 1.696811409601650666e-06 9.909192613122286275e-07 1.416931922904041130e-06 1.163420074590248987e-05 3.348330665176035836e-06 9.909192613122286275e-07 1.416931922904041130e-06 1.163420074590248987e-05
2.090000000000000000e+05 3.418899268581299111e-06 1.039168864735984243e-06 1.409558535669930279e-06 1.165712001238716766e-05 5.264488208922557533e-06 1.039168864735984243e-06 1.409558535669930279e-06 1.165712001238716766e-05
2.100000000000000000e+05 1.647875023991218768e-06 9.863528021014644764e-07 1.382748678224743344e-06 1.163654997071716934e-05 3.255469664509291761e-06 9.863528021014644764e-07 1.382748678224743344e-06 1.163654997071716934e-05
2.110000000000000000e+05 1.010900814435444772e-05 1.133846694756357465e-06 1.419618456566240638e-06 1.172355041489936411e-05 1.223606432176893577e-05 1.133846694756357465e-06 1.419618456566240638e-06 1.172355041489936411e-05
2.120000000000000000e+05 1.602071620254719164e-06 9.811182053454103880e-07 1.354377332063450012e-06 1.163659271696815267e-05 3.160949745506513864e-06 9.811182053454103880e-07 1.354377332063450012e-06 1.163659271696815267e-05
2.130000000000000000e+05 1.579291733833088074e-06 9.793947128855506890e-07 1.339257096333312802e-06 1.163786419056123123e-05 3.122334419458638877e-06 9.793947128855506890e-07 1.339257096333312802e-06 1.163786419056123123e-05
2.140000000000000000e+05 2.231542384834028780e-05 1.690843600954394788e-05 3.049937367904931307e-05 2.848472468031104654e-05 2.472376581863500178e-05 1.690843600954394788e-05 3.049937367904931307e-05 2.848472468031104654e-05
2.150000000000000000e+05 1.550471552036469802e-06 9.743669124873122200e-07 1.311057985731167719e-06 1.164581681223353371e-05 3.030154402949847281e-06 9.743669124873122200e-07 1.311057985731167719e-06 1.164581681223353371e-05
2.160000000000000000e+05 1.761852581694256514e-05 1.329588599219277967e-06 3.585207196010742337e-06 1.381860056426376104e-05 2.077190220006741583e-05 1.329588599219277967e-06 3.585207196010742337e-06 1.381860056426376104e-05
2.170000000000000000e+05 1.496340132689510938e-06 9.670136478234780952e-07 1.283950382457987871e-06 1.164150580734713003e-05 2.952543582068756223e-06 9.670136478234780952e-07 1.283950382457987871e-06 1.164150580734713003e-05
2.180000000000000000e+05 7.071449999784817919e-06 9.209651352648506872e-07 1.321927697972569149e-06 1.172008614958031103e-05 8.440983037871774286e-06 9.209651352648506872e-07 1.321927697972569149e-06 1.172008614958031103e-05
2.190000000000000000e+05 2.462731208652257919e-04 1.047609885063138790e-06 5.095745564176468179e-06 1.677965155977290124e-05 2.558100968599319458e-04 1.047609885063138790e-06 5.095745564176468179e-06 1.677965155977290124e-05
2.200000000000000000e+05 1.434327259630663320e-06 9.694119853520533070e-07 1.247694399353349581e-06 1.164056538982549682e-05 2.829922777891624719e-06 9.694119853520533070e-07 1.247694399353349581e-06 1.164056538982549682e-05
2.210000000000000000e+05 1.414053485859767534e-06 9.593111371941631660e-07 1.234762407875678036e-06 1.164586137747392058e-05 2.798846708174096420e-06 9.593111371941631660e-07 1.234762407875678036e-06 1.164586137747392058e-05
2.220000000000000000e+05 1.394151126987708267e-06 9.579518973623635247e-07 1.224422476298059337e-06 1.164714194601401687e-05 2.756149115157313645e-06 9.579518973623635247e-07 1.224422476298059337e-06 1.164714194601401687e-05
2.230000000000000000e+05 1.032260552165098488e-04 1.395296635564591270e-06 2.508457328076474369e-06 1.355084896204061806e-05 1.088511999114416540e-04 1.395296635564591270e-06 2.508457328076474369e-06 1.355084896204061806e-05
2.240000000000000000e+05 2.055662662314716727e-06 9.706179753266042098e-07 1.215454744851740543e-06 1.165540015790611506e-05 3.437770601522061042e-06 9.706179753266042098e-07 1.215454744851740543e-06 1.165540015790611506e-05
2.250000000000000000e+05 1.342365862910810392e-06 9.432616252524894662e-07 1.207210516440682113e-06 1.165049889095826074e-05 2.649044745339779183e-06 9.432616252524894662e-07 1.207210516440682113e-06 1.165049889095826074e-05
2.260000000000000000e+05 1.762215447342896368e-06 9.218398417942808010e-07 1.225601749865745660e-06 1.168231574411038309e-05 2.979159944516140968e-06 9.218398417942808010e-07 1.225601749865745660e-06 1.168231574411038309e-05
2.270000000000000000e+05 1.311396886194415856e-06 9.402162959304405376e-07 1.187131942970154341e-06 1.164939294540090486e-05 2.578025714683462866e-06 9.402162959304405376e-07 1.187131942970154341e-06 1.164939294540090486e-05
2.280000000000000000e+05 1.102766254916787148e-04 1.695062223916465882e-06 8.992028597276657820e-06 1.971568417502567172e-05 1.192951604025438428e-04 1.695062223916465882e-06 8.992028597276657820e-06 1.971568417502567172e-05
2.290000000000000000e+05 7.656976777070667595e-06 1.006654201773926616e-06 1.261230636373511516e-06 1.180667368316790089e-05 9.312765541835688055e-06 1.006654201773926616e-06 1.261230636373511516e-06 1.180667368316790089e-05
2.300000000000000000e+05 1.257182589142757934e-06 9.325740961685369257e-07 1.171467829408356920e-06 1.164983768831007183e-05 2.476655936334282160e-06 9.325740961685369257e-07 1.171467829408356920e-06 1.164983768831007183e-05
2.310000000000000000e+05 1.607653871360525955e-06 9.485530085839855019e-07 1.159160319730290212e-06 1.166944366559619084e-05 2.870101525331847370e-06 9.485530085839855019e-07 1.159160319730290212e-06 1.166944366559619084e-05
2.320000000000000000e+05 4.724331120087299496e-06 1.000777501758420840e-06 1.177667172669316642e-06 1.171273197542177513e-05 6.157189545774599537e-06 1.000777501758420840e-06 1.177667172669316642e-06 1.171273197542177513e-05
2.330000000000000000e+05 9.188644980895332992e-06 9.221284926752559841e-07 1.189566205539449584e-06 1.167056507256347686e-05 1.050143237080192193e-05 9.221284926752559841e-07 1.189566205539449584e-06 1.167056507256347686e-05
2.340000000000000000e+05 2.937048702733591199e-05 5.365036031435010955e-06 8.425147825619205832e-06 1.517954387963982299e-05 3.202159859938547015e-05 5.365036031435010955e-06 8.425147825619205832e-06 1.517954387963982299e-05
2.350000000000000000e+05 1.177588728751288727e-06 9.245762271348212380e-07 1.140324798143410590e-06 1.165257708635181189e-05 2.331402129129855894e-06 9.245762271348212380e-07 1.140324798143410590e-06 1.165257708635181189e-05
2.360000000000000000e+05 2.615634002722799778e-06 9.261865443477290682e-07 1.220927742906496860e-06 1.170953510154504329e-05 3.600936452130554244e-06 9.261865443477290682e-07 1.220927742906496860e-06 1.170953510154504329e-05
2.370000000000000000e+05 1.190910893456020858e-06 9.096792723539692815e-07 1.123249603551812470e-06 1.165643334388732910e-05 2.287929191879811697e-06 9.096792723539692815e-07 1.123249603551812470e-06 1.165643334388732910e-05
2.380000000000000000e+05 4.735108450404368341e-05 1.409419110132148489e-05 2.336617944820318371e-05 2.336777652089949697e-05 4.721728328149765730e-05 1.409419110132148489e-05 2.336617944820318371e-05 2.336777652089949697e-05
2.390000000000000000e+05 1.313358211518789176e-06 9.237347171620058361e-07 1.118642671826819424e-06 1.165794401458697394e-05 2.438299816276412457e-06 9.237347171620058361e-07 1.118642671826819424e-06 1.165794401458697394e-05
2.400000000000000000e+05 1.105118371924618259e-06 9.108961762649414595e-07 1.107420530388480984e-06 1.165849243989214301e-05 2.187362497352296486e-06 9.108961762649414595e-07 1.107420530388480984e-06 1.165849243989214301e-05
2.410000000000000000e+05 1.139953656092984602e-05 8.818394121590245049e-07 1.147511056842631660e-06 1.175685247289948165e-05 1.216489545186050236e-05 8.818394121590245049e-07 1.147511056842631660e-06 1.175685247289948165e-05
2.420000000000000000e+05 1.069515292329015210e-06 9.011379233925254084e-07 1.102502437788643874e-06 1.165979756478918716e-05 2.115745701303239912e-06 9.011379233925254084e-07 1.102502437788643874e-06 1.165979756478918716e-05
2.430000000000000000e+05 2.585552465461660177e-06 1.502201257608248852e-06 2.552947989897802472e-06 1.259826149180298671e-05 3.448665893301949836e-06 1.502201257608248852e-06 2.552947989897802472e-06 1.259826149180298671e-05
2.440000000000000000e+05 1.041318569150462281e-06 8.963373261394735891e-07 1.090909904633008409e-06 1.166142010333715007e-05 2.062383828160818666e-06 8.963373261394735891e-07 1.090909904633008409e-06 1.166142010333715007e-05
2.450000000000000000e+05 1.046268835125374608e-06 8.980920256362878717e-07 1.091029162125778385e-06 1.166106812888756394e-05 2.063978172373026609e-06 8.980920256362878717e-07 1.091029162125778385e-06 1.166106812888756394e-05
2.460000000000000000e+05 1.137938625106471591e-06 9.019296385304187424e-07 1.094666572498681489e-06 1.166329002444399521e-05 2.159017867597867735e-06 9.019296385304187424e-07 1.094666572498681489e-06 1.166329002444399521e-05
2.470000000000000000e+05 1.001234977593412623e-06 8.883802706804999616e-07 1.083304823623620905e-06 1.166318270406918600e-05 1.982909452635794878e-06 8.883802706804999616e-07 1.083304823623620905e-06 1.166318270406918600e-05
2.480000000000000000e+05 1.236528532899683341e-06 8.933554340728733223e-07 1.089414922716969159e-06 1.167586287920130417e-05 2.223839373982627876e-06 8.933554340728733223e-07 1.089414922716969159e-06 1.167586287920130417e-05
2.490000000000000000e+05 1.503647217759862542e-04 1.365527850794023834e-06 2.977539452331257053e-06 1.462564159737667069e-05 1.560706441523507237e-04 1.365527850794023834e-06 2.977539452331257053e-06 1.462564159737667069e-05
2.500000000000000000e+05 3.688801734824664891e-05 8.284335990538238548e-07 1.490321210440015420e-06 1.227502434630878270e-05 3.757044032681733370e-05 8.284335990538238548e-07 1.490321210440015420e-06 1.227502434630878270e-05
2.510000000000000000e+05 1.152544427895918489e-06 8.745784043640014715e-07 1.131711314883432351e-06 1.175706347567029297e-05 2.143455276382155716e-06 8.745784043640014715e-07 1.131711314883432351e-06 1.175706347567029297e-05
2.520000000000000000e+05 9.560603757563512772e-07 8.713327019904681947e-07 1.068505071089020930e-06 1.166499350802041590e-05 1.867900095930963289e-06 8.713327019904681947e-07 1.068505071089020930e-06 1.166499350802041590e-05
2.530000000000000000e+05 9.243474892173253465e-07 8.745827813072537538e-07 1.062667820406204555e-06 1.166569199995137751e-05 1.834335193962033372e-06 8.745827813072537538e-07 1.062667820406204555e-06 1.166569199995137751e-05
2.540000000000000000e+05 2.303557494087726809e-06 9.076154015019710641e-07 1.073495354830811266e-06 1.169281676993705332e-05 3.304710617157979868e-06 9.076154015019710641e-07 1.073495354830811266e-06 1.169281676993705332e-05
2.550000000000000000e+05 9.987152225221507251e-06 9.437787866772850975e-07 1.156135681412706617e-06 1.182541382149793208e-05 1.104716648114845157e-05 9.437787866772850975e-07 1.156135681412706617e-06 1.182541382149793208e-05
2.560000000000000000e+05 1.888889755718992092e-06 8.660356911605049390e-07 1.090177761398081202e-06 1.169348070106934756e-05 2.731935637712012976e-06 8.660356911605049390e-07 1.090177761398081202e-06 1.169348070106934756e-05
2.570000000000000000e+05 9.765550430529401638e-07 8.554994792575598694e-07 1.049903858074685559e-06 1.166903257399098948e-05 1.823547449930629227e-06 8.554994792575598694e-07 1.049903858074685559e-06 1.166903257399098948e-05
2.580000000000000000e+05 3.941887916880659759e-05 5.026707640354288742e-06 1.251309276995016262e-05 2.107097861880902201e-05 4.343220280134119093e-05 5.026707640354288742e-06 1.251309276995016262e-05 2.107097861880902201e-05
2.590000000000000000e+05 8.583236876802402548e-07 8.591380833422590513e-07 1.046710053742572200e-06 1.166845504485536367e-05 1.705732074697152711e-06 8.591380833422590513e-07 1.046710053742572200e-06 1.166845504485536367e-05
2.600000000000000000e+05 8.954183385867509060e-07 8.475043955513683613e-07 1.054236349773418624e-06 1.168084691016701981e-05 1.708726358629064634e-06 8.475043955513683613e-07 1.054236349773418624e-06 1.168084691016701981e-05
2.610000000000000000e+05 9.492254093856899999e-07 8.566651104047195986e-07 1.154900246547185816e-06 1.179142782348208129e-05 1.776732005964731798e-06 8.566651104047195986e-07 1.154900246547185816e-06 1.179142782348208129e-05
2.620000000000000000e+05 2.468791171850170940e-05 9.149883339887310285e-07 1.929186510096769780e-06 1.282014272874221206e-05 2.665789361344650388e-05 9.149883339887310285e-07 1.929186510096769780e-06 1.282014272874221206e-05
2.630000000000000000e+05 1.044119358084572013e-06 8.592143103669513948e-07 1.151874243987549562e-06 1.176066052721580490e-05 1.837467152654426172e-06 8.592143103669513948e-07 1.151874243987549562e-06 1.176066052721580490e-05
2.640000000000000000e+05 8.323178235514205880e-07 8.414232866016391199e-07 1.047076352733711246e-06 1.167903974419459701e-05 1.635049784454167821e-06 8.414232866016391199e-07 1.047076352733711246e-06 1.167903974419459701e-05
2.650000000000000000e+05 1.086530801330809481e-06 8.478224913233134430e-07 1.050774017130606808e-06 1.167565733339870349e-05 1.851442902989219874e-06 8.478224913233134430e-07 1.050774017130606808e-06 1.167565733339870349e-05
2.660000000000000000e+05 7.836115401005372405e-07 8.404348363910685293e-07 1.031301167131459806e-06 1.167164555226918310e-05 1.558055714667716529e-06 8.404348363910685293e-07 1.031301167131459806e-06 1.167164555226918310e-05
2.670000000000000000e+05 7.754240414215018973e-07 8.327813247888116166e-07 1.030868929774442222e-06 1.168204471468925476e-05 1.538842639092763420e-06 8.327813247888116166e-07 1.030868929774442222e-06 1.168204471468925476e-05
2.680000000000000000e+05 7.659684229111007880e-07 8.383049703297729138e-07 1.033103558256698307e-06 1.167013033409602940e-05 1.524692265775229316e-06 8.383049703297729138e-07 1.033103558256698307e-06 1.167013033409602940e-05
2.690000000000000000e+05 7.870240779084269889e-07 8.232765367210959084e-07 1.031492388392507564e-06 1.167625759990187362e-05 1.522724687674781308e-06 8.232765367210959084e-07 1.031492388392507564e-06 1.167625759990187362e-05
2.700000000000000000e+05 1.780770503501116764e-06 8.790090646471071523e-07 1.032649151966325007e-06 1.167200207419227809e-05 2.557716925366548821e-06 8.790090646471071523e-07 1.032649151966325007e-06 1.167200207419227809e-05
2.710000000000000000e+05 7.381709110632073134e-07 8.291677886518300511e-07 1.022107653625425883e-06 1.167531900136964396e-05 1.466017920392914675e-06 8.291677886518300511e-07 1.022107653625425883e-06 1.167531900136964396e-05
2.720000000000000000e+05 7.965917916408216115e-07 8.291507356261718087e-07 1.018729562929365784e-06 1.169534061773447320e-05 1.538688820801326074e-06 8.291507356261718087e-07 1.018729562929365784e-06 1.169534061773447320e-05
2.730000000000000000e+05 7.276543669831880834e-07 8.218111702262831386e-07 1.017024487737216987e-06 1.167529990198090672e-05 1.436959564671269618e-06 8.218111702262831386e-07 1.017024487737216987e-06 1.167529990198090672e-05
2.740000000000000000e+05 1.514878249508910812e-06 8.096839678728429135e-07 1.033153694152133539e-06 1.168472590507008135e-05 2.243994913442293182e-06 8.096839678728429135e-07 1.033153694152133539e-06 1.168472590507008135e-05
2.750000000000000000e+05 2.123303602274972945e-06 7.946719620122166816e-07 1.025238589136279188e-06 1.169305051007540897e-05 2.760555616987403482e-06 7.946719620122166816e-07 1.025238589136279188e-06 1.169305051007540897e-05
2.760000000000000000e+05 9.273130103792937007e-07 8.076688686742272694e-07 1.011506697068398353e-06 1.168223207059781998e-05 1.594167770235799253e-06 8.076688686742272694e-07 1.011506697068398353e-06 1.168223207059781998e-05
2.770000000000000000e+05 7.309722036552557256e-07 8.018587323022074997e-07 1.019368369270523544e-06 1.168383369076764211e-05 1.397889377585670445e-06 8.018587323022074997e-07 1.019368369270523544e-06 1.168383369076764211e-05
2.780000000000000000e+05 1.327457994193537161e-06 8.646155720271053724e-07 1.025120127451373264e-06 1.165940102509921417e-05 1.975646682694787160e-06 8.646155720271053724e-07 1.025120127451373264e-06 1.165940102509921417e-05
2.790000000000000000e+05 6.524282525788294151e-06 8.735215715205413289e-07 1.065756464413425419e-06 1.177471131086349487e-05 7.164001999626634642e-06 8.735215715205413289e-07 1.065756464413425419e-06 1.177471131086349487e-05
2.800000000000000000e+05 1.853343019320163876e-05 1.009550715025397949e-06 2.668884235390578397e-06 1.342744417343055829e-05 2.056934317806735635e-05 1.009550715025397949e-06 2.668884235390578397e-06 1.342744417343055829e-05
2.810000000000000000e+05 6.889287078593042679e-07 8.003636366993305273e-07 1.006782213153201155e-06 1.167768277809955180e-05 1.331932026005233638e-06 8.003636366993305273e-07 1.006782213153201155e-06 1.167768277809955180e-05
2.820000000000000000e+05 6.574709914275445044e-07 7.989932555574341677e-07 1.005655462904542219e-06 1.167822665593121201e-05 1.296431264563580044e-06 7.989932555574341677e-07 1.005655462904542219e-06 1.167822665593121201e-05
2.830000000000000000e+05 8.577753760619089007e-07 7.992098858267127071e-07 1.010876985674258322e-06 1.167754635389428586e-05 1.498594428994692862e-06 7.992098858267127071e-07 1.010876985674258322e-06 1.167754635389428586e-05
2.840000000000000000e+05 1.864530986495083198e-06 8.618083597866643686e-07 1.013480186884407885e-06 1.167250138678355142e-05 2.518483142921468243e-06 8.618083597866643686e-07 1.013480186884407885e-06 1.167250138678355142e-05
2.850000000000000000e+05 3.469114744802936912e-06 8.203059564948489424e-07 1.065538526745513082e-06 1.177721787826158106e-05 4.182030806987313554e-06 8.203059564948489424e-07 1.065538526745513082e-06 1.177721787826158106e-05
2.860000000000000000e+05 6.200515372256631963e-07 8.000420734788349364e-07 1.003367970042745583e-06 1.167584468930726871e-05 1.236763750966929365e-06 8.000420734788349364e-07 1.003367970042745583e-06 1.167584468930726871e-05
2.870000000000000000e+05 8.639100315122050233e-07 8.033973131205129903e-07 1.006038246487150900e-06 1.168971721199341118e-05 1.491001398790103849e-06 8.033973131205129903e-07 1.006038246487150900e-06 1.168971721199341118e-05
2.880000000000000000e+05 7.922271265670133289e-07 7.839313980184670072e-07 9.984469215851277113e-07 1.168248218164080754e-05 1.380754497404268477e-06 7.839313980184670072e-07 9.984469215851277113e-07 1.168248218164080754e-05
2.890000000000000000e+05 6.290571832323621493e-07 7.773224979246151634e-07 1.005053945846157148e-06 1.169101597042754292e-05 1.220974581883638166e-06 7.773224979246151634e-07 1.005053945846157148e-06 1.169101597042754292e-05
2.900000000000000000e+05 5.949004275862534996e-07 7.822462748663383536e-07 9.940548579834285192e-07 1.168129165307618678e-05 1.181900188385043293e-06 7.822462748663383536e-07 9.940548579834285192e-07 1.168129165307618678e-05
2.910000000000000000e+05 5.893135721635189839e-07 7.948725055939576123e-07 1.002673116090591066e-06 1.167847221950069070e-05 1.176091245724819601e-06 7.948725055939576123e-07 1.002673116090591066e-06 1.167847221950069070e-05
2.920000000000000000e+05 8.617173989478033036e-06 1.281263621422112919e-06 1.252961737918667495e-06 1.169334609585348517e-05 9.326120562036521733e-06 1.281263621422112919e-06 1.252961737918667495e-06 1.169334609585348517e-05
2.930000000000000000e+05 6.270547601161524653e-07 7.714879188824852463e-07 9.923203379003098235e-07 1.169029837910784408e-05 1.179088144453999121e-06 7.714879188824852463e-07 9.923203379003098235e-07 1.169029837910784408e-05
2.940000000000000000e+05 5.804259899377939291e-07 7.839211662030720618e-07 9.916806220644502901e-07 1.168171456811251119e-05 1.148998535427381285e-06 7.839211662030720618e-07 9.916806220644502901e-07 1.168171456811251119e-05
2.950000000000000000e+05 5.685975565938861109e-07 7.775287258482421748e-07 9.933979754350730218e-07 1.168656945083057508e-05 1.129940983446431346e-06 7.775287258482421748e-07 9.933979754350730218e-07 1.168656945083057508e-05
2.960000000000000000e+05 8.834666118673339952e-07 7.926794864943076391e-07 9.917358738675829954e-07 1.167996833828510717e-05 1.439456923435500357e-06 7.926794864943076391e-07 9.917358738675829954e-07 1.167996833828510717e-05
2.970000000000000000e+05 1.176930745714344084e-04 1.799521442080731504e-06 1.499505515312193893e-06 1.249636716238455847e-05 1.147162402048707008e-04 1.799521442080731504e-06 1.499505515312193893e-06 1.249636716238455847e-05
2.980000000000000000e+05 8.064870939961110707e-07 9.519851005279633682e-07 1.244580289494479075e-06 1.182599589810706675e-05 1.410697223036549985e-06 9.519851005279633682e-07 1.244580289494479075e-06 1.182599589810706675e-05
2.990000000000000000e+05 1.451605498914432246e-06 9.928457984642591327e-07 1.379407081003591884e-06 1.176315799966687337e-05 1.982105686693103053e-06 9.928457984642591327e-07 1.379407081003591884e-06 1.176315799966687337e-05
3.000000000000000000e+05 1.268129722120647784e-06 8.341260127053828910e-07 1.008869503493770026e-06 1.166512265626806766e-05 1.755135599523782730e-06 8.341260127053828910e-07 1.008869503493770026e-06 1.166512265626806766e-05
