# step, loss_train, loss_test, metrics_test
0.000000000000000000e+00 1.768338121473789215e-02 2.720672988891601562e+01 1.773667708039283752e-02 2.720672988891601562e+01
1.000000000000000000e+03 2.595704980194568634e-03 4.756155889481306076e-03 2.130768029019236565e-03 4.756155889481306076e-03
2.000000000000000000e+03 1.391437370330095291e-03 4.573787096887826920e-03 1.101230503991246223e-03 4.573787096887826920e-03
3.000000000000000000e+03 9.354393114335834980e-04 4.250469617545604706e-03 7.323895115405321121e-04 4.250469617545604706e-03
4.000000000000000000e+03 6.856907275505363941e-04 3.796869423240423203e-03 5.351618747226893902e-04 3.796869423240423203e-03
5.000000000000000000e+03 5.513636860996484756e-04 3.339395625516772270e-03 4.295776598155498505e-04 3.339395625516772270e-03
6.000000000000000000e+03 4.731761000584810972e-04 2.859531901776790619e-03 3.649213176686316729e-04 2.859531901776790619e-03
7.000000000000000000e+03 4.421261255629360676e-04 2.332379575818777084e-03 3.363379801157861948e-04 2.332379575818777084e-03
8.000000000000000000e+03 4.893951117992401123e-04 1.791353453882038593e-03 3.661884984467178583e-04 1.791353453882038593e-03
9.000000000000000000e+03 5.767137045040726662e-04 1.319660805165767670e-03 4.307590425014495850e-04 1.319660805165767670e-03
1.000000000000000000e+04 6.303714471869170666e-04 1.031806343235075474e-03 4.687714681494981050e-04 1.031806343235075474e-03
1.100000000000000000e+04 6.379924016073346138e-04 8.529193000867962837e-04 4.728093917947262526e-04 8.529193000867962837e-04
1.200000000000000000e+04 6.181232747621834278e-04 6.766712758690118790e-04 4.560524830594658852e-04 6.766712758690118790e-04
1.300000000000000000e+04 5.740808555856347084e-04 4.833034472540020943e-04 4.221669805701822042e-04 4.833034472540020943e-04
1.400000000000000000e+04 4.538859939202666283e-04 3.395246749278157949e-04 3.365432203281670809e-04 3.395246749278157949e-04
1.500000000000000000e+04 2.711882989387959242e-04 7.145081181079149246e-03 2.271475823363289237e-04 7.145081181079149246e-03
1.600000000000000000e+04 1.184956927318125963e-04 1.386615767842158675e-04 8.673332922626286745e-05 1.386615767842158675e-04
1.700000000000000000e+04 1.069641439244151115e-04 1.264072780031710863e-04 7.873515278333798051e-05 1.264072780031710863e-04
1.800000000000000000e+04 1.033890148391947150e-04 1.204127984237857163e-04 7.619530515512451530e-05 1.204127984237857163e-04
1.900000000000000000e+04 9.900366421788930893e-05 1.144228663179092109e-04 7.292468944797292352e-05 1.144228663179092109e-04
2.000000000000000000e+04 9.770682663656771183e-05 1.217951503349468112e-04 7.185350114013999701e-05 1.217951503349468112e-04
2.100000000000000000e+04 8.810975850792601705e-05 1.021972930175252259e-04 6.430787470890209079e-05 1.021972930175252259e-04
2.200000000000000000e+04 7.595646457048133016e-05 9.166410745820030570e-05 5.475144280353561044e-05 9.166410745820030570e-05
2.300000000000000000e+04 1.380295871058478951e-04 2.136807888746261597e-03 1.347505167359486222e-04 2.136807888746261597e-03
2.400000000000000000e+04 4.858477404923178256e-05 6.315812788670882583e-05 3.267021384090185165e-05 6.315812788670882583e-05
2.500000000000000000e+04 3.886524427798576653e-05 4.971982343704439700e-05 2.530056008254177868e-05 4.971982343704439700e-05
2.600000000000000000e+04 1.708945492282509804e-04 4.455878399312496185e-03 1.657732645981013775e-04 4.455878399312496185e-03
2.700000000000000000e+04 1.921815237437840551e-05 2.858667539840098470e-05 1.238349159393692389e-05 2.858667539840098470e-05
2.800000000000000000e+04 4.321890010032802820e-04 7.370740175247192383e-03 4.368067602626979351e-04 7.370740175247192383e-03
2.900000000000000000e+04 1.143492318078642711e-05 1.828228596423286945e-05 7.684420779696665704e-06 1.828228596423286945e-05
3.000000000000000000e+04 9.516652426100336015e-06 1.527880522189661860e-05 6.459869837271980941e-06 1.527880522189661860e-05
3.100000000000000000e+04 1.415867063769837841e-05 1.595280773472040892e-04 1.011330459732562304e-05 1.595280773472040892e-04
3.200000000000000000e+04 7.820406608516350389e-06 1.162417811428895220e-05 5.339964900485938415e-06 1.162417811428895220e-05
3.300000000000000000e+04 7.740683031443040818e-06 1.062620594893814996e-05 5.335978585208067670e-06 1.062620594893814996e-05
3.400000000000000000e+04 8.729060027690138668e-06 2.620919076434802264e-05 5.821628292324021459e-06 2.620919076434802264e-05
3.500000000000000000e+04 7.400331469398224726e-06 9.282526661991141737e-06 5.284034159558359534e-06 9.282526661991141737e-06
3.600000000000000000e+04 7.771482160023879260e-06 1.217602493852609769e-05 5.427939413493731990e-06 1.217602493852609769e-05
3.700000000000000000e+04 8.046135917538776994e-06 6.987655797274783254e-05 6.717900760122574866e-06 6.987655797274783254e-05
3.800000000000000000e+04 7.037496743578230962e-06 8.674006494402419776e-06 5.187596798350568861e-06 8.674006494402419776e-06
3.900000000000000000e+04 6.739328455296345055e-06 8.530314516974613070e-06 4.999883003620197996e-06 8.530314516974613070e-06
4.000000000000000000e+04 7.463559541065478697e-06 1.060655449691694230e-05 5.572786449192790315e-06 1.060655449691694230e-05
4.100000000000000000e+04 6.408778972399886698e-06 8.394929864152800292e-06 4.788548721990082413e-06 8.394929864152800292e-06
4.200000000000000000e+04 6.455331913457484916e-06 1.166973743238486350e-05 4.851602625421946868e-06 1.166973743238486350e-05
4.300000000000000000e+04 6.116248641774291173e-06 8.340454769495408982e-06 4.597556653607171029e-06 8.340454769495408982e-06
4.400000000000000000e+04 5.910163508815458044e-06 8.418517609243281186e-06 4.446706952876411378e-06 8.418517609243281186e-06
4.500000000000000000e+04 5.948887519480194896e-06 8.526029887434560806e-06 4.522554718278115615e-06 8.526029887434560806e-06
4.600000000000000000e+04 5.360700470191659406e-06 8.309520126204006374e-06 4.057482783537125215e-06 8.309520126204006374e-06
4.700000000000000000e+04 2.627600406412966549e-05 1.462835702113807201e-03 2.312264950887765735e-05 1.462835702113807201e-03
4.800000000000000000e+04 5.011104349250672385e-06 8.165509825630579144e-06 3.824892701231874526e-06 8.165509825630579144e-06
4.900000000000000000e+04 5.435385901364497840e-06 2.260304790979716927e-05 4.041214651806512848e-06 2.260304790979716927e-05
5.000000000000000000e+04 4.659450951294275001e-06 8.030231583688873798e-06 3.575275968614732847e-06 8.030231583688873798e-06
5.100000000000000000e+04 4.669075224228436127e-06 7.949650353111792356e-06 3.788588628594879992e-06 7.949650353111792356e-06
5.200000000000000000e+04 5.802275609312346205e-06 1.894157503556925803e-05 4.461310709302779287e-06 1.894157503556925803e-05
5.300000000000000000e+04 4.352064934209920466e-06 7.808930604369379580e-06 3.379429927008459345e-06 7.808930604369379580e-06
5.400000000000000000e+04 4.421007815835764632e-06 7.870915396779309958e-06 3.452704049777821638e-06 7.870915396779309958e-06
5.500000000000000000e+04 4.567239102470921353e-06 8.683909072715323418e-06 3.560705636118655093e-06 8.683909072715323418e-06
5.600000000000000000e+04 4.117302523809485137e-06 7.585733783344039693e-06 3.252455371693940833e-06 7.585733783344039693e-06
5.700000000000000000e+04 4.245848685968667269e-06 7.525611181335989386e-06 3.385943273315206170e-06 7.525611181335989386e-06
5.800000000000000000e+04 4.116455784242134541e-06 7.458663731085835025e-06 3.295419446658343077e-06 7.458663731085835025e-06
5.900000000000000000e+04 4.090189577254932374e-06 7.369874310825252905e-06 3.288284233349259011e-06 7.369874310825252905e-06
6.000000000000000000e+04 4.436416929820552468e-06 7.722304872004315257e-06 3.520034624671097845e-06 7.722304872004315257e-06
6.100000000000000000e+04 4.515031378105049953e-06 2.897656122513581067e-05 3.555923285603057593e-06 2.897656122513581067e-05
6.200000000000000000e+04 3.947168806917034090e-06 7.066890248097479343e-06 3.215179731341777369e-06 7.066890248097479343e-06
6.300000000000000000e+04 8.642129978397861123e-05 8.625117479823529720e-04 8.455109491478651762e-05 8.625117479823529720e-04
6.400000000000000000e+04 3.830445166386198252e-06 6.842520633654203266e-06 3.133215841444325633e-06 6.842520633654203266e-06
6.500000000000000000e+04 3.939529506169492379e-06 6.760226369806332514e-06 3.257123353250790387e-06 6.760226369806332514e-06
6.600000000000000000e+04 3.900470801454503089e-06 6.648014277743641287e-06 3.258687002016813494e-06 6.648014277743641287e-06
6.700000000000000000e+04 1.854691654443740845e-04 1.158741069957613945e-03 1.897851470857858658e-04 1.158741069957613945e-03
6.800000000000000000e+04 3.843518697976833209e-06 6.474259407696081325e-06 3.207459940313128754e-06 6.474259407696081325e-06
6.900000000000000000e+04 3.874630237987730652e-06 6.342351298371795565e-06 3.258214746892917901e-06 6.342351298371795565e-06
7.000000000000000000e+04 3.795297516262507997e-06 6.415245024982141331e-06 3.156072580168256536e-06 6.415245024982141331e-06
7.100000000000000000e+04 3.898177237715572119e-05 2.290269476361572742e-04 3.787787136388942599e-05 2.290269476361572742e-04
7.200000000000000000e+04 4.270356384949991480e-06 1.074846568371867761e-05 3.832379661616869271e-06 1.074846568371867761e-05
7.300000000000000000e+04 3.857847332255914807e-06 5.972314284008461982e-06 3.265217401349218562e-06 5.972314284008461982e-06
7.400000000000000000e+04 3.752227030417998321e-06 5.730591965402709320e-06 3.197491196260671131e-06 5.730591965402709320e-06
7.500000000000000000e+04 3.740595047929673456e-06 5.824161235068459064e-06 3.232099061278859153e-06 5.824161235068459064e-06
7.600000000000000000e+04 2.875049722206313163e-05 8.456984687654767185e-06 2.853876685549039394e-05 8.456984687654767185e-06
7.700000000000000000e+04 3.775651748583186418e-06 7.594783255626680329e-06 3.305634891148656607e-06 7.594783255626680329e-06
7.800000000000000000e+04 4.850386540056206286e-05 1.773861004039645195e-05 4.847981108468957245e-05 1.773861004039645195e-05
7.900000000000000000e+04 3.795156089836382307e-06 5.317688192008063197e-06 3.302158575024805032e-06 5.317688192008063197e-06
8.000000000000000000e+04 3.746789388969773427e-06 5.205675279285060242e-06 3.267278316343436018e-06 5.205675279285060242e-06
8.100000000000000000e+04 3.802653054663096555e-06 5.420967227109940723e-06 3.352865178385400213e-06 5.420967227109940723e-06
8.200000000000000000e+04 4.007427833130350336e-06 6.401415703294333071e-06 3.485168235783930868e-06 6.401415703294333071e-06
8.300000000000000000e+04 3.678441771626239643e-06 5.173320914764190093e-06 3.211176590411923826e-06 5.173320914764190093e-06
8.400000000000000000e+04 3.674699200928444043e-06 4.859559339820407331e-06 3.224657803002628498e-06 4.859559339820407331e-06
8.500000000000000000e+04 6.913186098245205358e-06 2.397086063865572214e-05 6.366070920194033533e-06 2.397086063865572214e-05
8.600000000000000000e+04 3.634427457654965110e-06 4.680914116761414334e-06 3.194080136381671764e-06 4.680914116761414334e-06
8.700000000000000000e+04 3.764029088415554725e-06 5.066178800916532055e-06 3.302339564470457844e-06 5.066178800916532055e-06
8.800000000000000000e+04 1.253952814295189455e-05 5.923523985984502360e-06 1.245399289473425597e-05 5.923523985984502360e-06
8.900000000000000000e+04 2.766898614936508238e-05 5.938653484918177128e-04 2.523485818528570235e-05 5.938653484918177128e-04
9.000000000000000000e+04 3.610996373026864603e-06 4.483799784793518484e-06 3.206876272088265978e-06 4.483799784793518484e-06
9.100000000000000000e+04 3.957318767788819969e-06 1.280410469917114824e-05 3.262346353949396871e-06 1.280410469917114824e-05
9.200000000000000000e+04 3.548895165295107290e-06 4.364372671261662617e-06 3.155383410557988100e-06 4.364372671261662617e-06
9.300000000000000000e+04 1.646090240683406591e-04 2.149618740077130497e-05 1.697646948741748929e-04 2.149618740077130497e-05
9.400000000000000000e+04 1.554850678076036274e-05 5.428917211247608066e-05 1.547021929582115263e-05 5.428917211247608066e-05
9.500000000000000000e+04 3.604722223826684058e-06 4.410479505168041214e-06 3.205268967576557770e-06 4.410479505168041214e-06
9.600000000000000000e+04 3.536769554557395168e-06 4.308465577196329832e-06 3.172828201059019193e-06 4.308465577196329832e-06
9.700000000000000000e+04 2.246786607429385185e-05 7.589670076413312927e-06 2.255046274513006210e-05 7.589670076413312927e-06
9.800000000000000000e+04 1.632615203561726958e-05 6.283101538429036736e-05 1.630136284802574664e-05 6.283101538429036736e-05
9.900000000000000000e+04 5.999635322950780392e-05 4.953331081196665764e-04 6.071498501114547253e-05 4.953331081196665764e-04
1.000000000000000000e+05 3.130278855678625405e-05 1.337451394647359848e-04 3.126332012470811605e-05 1.337451394647359848e-04
