# step, loss_train, loss_test, metrics_test
0.000000000000000000e+00 6.076058000326156616e-02 3.829801380634307861e-01 1.783900149166584015e-02 9.591341018676757812e-02 6.076058000326156616e-02 3.829801380634307861e-01 1.783900149166584015e-02 9.591341018676757812e-02
1.000000000000000000e+03 1.660778559744358063e-02 5.066808685660362244e-02 2.803136035799980164e-02 1.240084413439035416e-02 1.660778559744358063e-02 5.066808685660362244e-02 2.803136035799980164e-02 1.240084413439035416e-02
2.000000000000000000e+03 2.115757204592227936e-03 2.149526728317141533e-03 4.248667508363723755e-03 1.627416000701487064e-03 2.115757204592227936e-03 2.149526728317141533e-03 4.248667508363723755e-03 1.627416000701487064e-03
3.000000000000000000e+03 8.002805989235639572e-04 6.683340179733932018e-04 2.088873414322733879e-03 8.501969859935343266e-04 8.002805989235639572e-04 6.683340179733932018e-04 2.088873414322733879e-03 8.501969859935343266e-04
4.000000000000000000e+03 5.272782873362302780e-04 5.114304367452859879e-04 1.603254931978881359e-03 6.867818301543593407e-04 5.272782873362302780e-04 5.114304367452859879e-04 1.603254931978881359e-03 6.867818301543593407e-04
5.000000000000000000e+03 2.586139016784727573e-04 3.589938278310000896e-04 1.213337760418653488e-03 5.495168152265250683e-04 2.586139016784727573e-04 3.589938278310000896e-04 1.213337760418653488e-03 5.495168152265250683e-04
6.000000000000000000e+03 2.015040226979181170e-04 2.378009958192706108e-04 9.605694212950766087e-04 4.820194735657423735e-04 2.015040226979181170e-04 2.378009958192706108e-04 9.605694212950766087e-04 4.820194735657423735e-04
7.000000000000000000e+03 1.960348454304039478e-04 1.858941250247880816e-04 7.917232578620314598e-04 4.561971873044967651e-04 1.960348454304039478e-04 1.858941250247880816e-04 7.917232578620314598e-04 4.561971873044967651e-04
8.000000000000000000e+03 1.992268953472375870e-04 1.645984157221391797e-04 6.563878851011395454e-04 4.460745549295097589e-04 1.992268953472375870e-04 1.645984157221391797e-04 6.563878851011395454e-04 4.460745549295097589e-04
9.000000000000000000e+03 1.997214567381888628e-04 1.481399231124669313e-04 5.551645881496369839e-04 4.391259280964732170e-04 1.997214567381888628e-04 1.481399231124669313e-04 5.551645881496369839e-04 4.391259280964732170e-04
1.000000000000000000e+04 1.982780668186023831e-04 1.362956099910661578e-04 4.628060269169509411e-04 4.327083879616111517e-04 1.982780668186023831e-04 1.362956099910661578e-04 4.628060269169509411e-04 4.327083879616111517e-04
1.100000000000000000e+04 1.948672579601407051e-04 1.243029400939121842e-04 3.866087354253977537e-04 4.225869779475033283e-04 1.948672579601407051e-04 1.243029400939121842e-04 3.866087354253977537e-04 4.225869779475033283e-04
1.200000000000000000e+04 1.872053981060162187e-04 1.144894195022061467e-04 3.202267689630389214e-04 4.147357249166816473e-04 1.872053981060162187e-04 1.144894195022061467e-04 3.202267689630389214e-04 4.147357249166816473e-04
1.300000000000000000e+04 1.747563364915549755e-04 1.063507734215818346e-04 2.662762999534606934e-04 4.072290612384676933e-04 1.747563364915549755e-04 1.063507734215818346e-04 2.662762999534606934e-04 4.072290612384676933e-04
1.400000000000000000e+04 1.599521201569586992e-04 9.938190487446263433e-05 2.254704886581748724e-04 3.979107132181525230e-04 1.599521201569586992e-04 9.938190487446263433e-05 2.254704886581748724e-04 3.979107132181525230e-04
1.500000000000000000e+04 1.439743500668555498e-04 9.270898590330034494e-05 1.851796114351600409e-04 3.936231078114360571e-04 1.439743500668555498e-04 9.270898590330034494e-05 1.851796114351600409e-04 3.936231078114360571e-04
1.600000000000000000e+04 1.297424605581909418e-04 8.707171218702569604e-05 1.556783536216244102e-04 3.865322505589574575e-04 1.297424605581909418e-04 8.707171218702569604e-05 1.556783536216244102e-04 3.865322505589574575e-04
1.700000000000000000e+04 1.175713332486338913e-04 8.260957110906019807e-05 1.305925543420016766e-04 3.828813496511429548e-04 1.175713332486338913e-04 8.260957110906019807e-05 1.305925543420016766e-04 3.828813496511429548e-04
1.800000000000000000e+04 1.082029048120602965e-04 7.984819967532530427e-05 1.199190228362567723e-04 3.703174879774451256e-04 1.082029048120602965e-04 7.984819967532530427e-05 1.199190228362567723e-04 3.703174879774451256e-04
1.900000000000000000e+04 1.017045651678927243e-04 7.841156912036240101e-05 1.128443182096816599e-04 3.620111674536019564e-04 1.017045651678927243e-04 7.841156912036240101e-05 1.128443182096816599e-04 3.620111674536019564e-04
2.000000000000000000e+04 8.568268822273239493e-05 7.549184374511241913e-05 9.500017040409147739e-05 3.633274463936686516e-04 8.568268822273239493e-05 7.549184374511241913e-05 9.500017040409147739e-05 3.633274463936686516e-04
2.100000000000000000e+04 7.550260488642379642e-05 7.408948295051231980e-05 8.845105185173451900e-05 3.584586374927312136e-04 7.550260488642379642e-05 7.408948295051231980e-05 8.845105185173451900e-05 3.584586374927312136e-04
2.200000000000000000e+04 6.623401714023202658e-05 7.302426820388063788e-05 8.365289977518841624e-05 3.541658807080239058e-04 6.623401714023202658e-05 7.302426820388063788e-05 8.365289977518841624e-05 3.541658807080239058e-04
2.300000000000000000e+04 5.825428524985909462e-05 7.216269295895472169e-05 8.012985199457034469e-05 3.503956249915063381e-04 5.825428524985909462e-05 7.216269295895472169e-05 8.012985199457034469e-05 3.503956249915063381e-04
2.400000000000000000e+04 5.157830673852004111e-05 7.149082375690340996e-05 7.747399649815633893e-05 3.470338997431099415e-04 5.157830673852004111e-05 7.149082375690340996e-05 7.747399649815633893e-05 3.470338997431099415e-04
2.500000000000000000e+04 2.630350354593247175e-04 1.015414527500979602e-04 1.218630568473599851e-04 4.469970590434968472e-04 2.630350354593247175e-04 1.015414527500979602e-04 1.218630568473599851e-04 4.469970590434968472e-04
2.600000000000000000e+04 4.131045716349035501e-05 7.058300980133935809e-05 7.369429658865556121e-05 3.413865633774548769e-04 4.131045716349035501e-05 7.058300980133935809e-05 7.369429658865556121e-05 3.413865633774548769e-04
2.700000000000000000e+04 3.732578261406160891e-05 7.033586734905838966e-05 7.255270611494779587e-05 3.388052573427557945e-04 3.732578261406160891e-05 7.033586734905838966e-05 7.255270611494779587e-05 3.388052573427557945e-04
2.800000000000000000e+04 3.368773832335136831e-05 7.018921314738690853e-05 7.065165118547156453e-05 3.373319632373750210e-04 3.368773832335136831e-05 7.018921314738690853e-05 7.065165118547156453e-05 3.373319632373750210e-04
2.900000000000000000e+04 3.066481076530180871e-05 7.009257387835532427e-05 6.948407099116593599e-05 3.356334636919200420e-04 3.066481076530180871e-05 7.009257387835532427e-05 6.948407099116593599e-05 3.356334636919200420e-04
3.000000000000000000e+04 2.808018143696244806e-05 7.001464837230741978e-05 6.848701741546392441e-05 3.341499832458794117e-04 2.808018143696244806e-05 7.001464837230741978e-05 6.848701741546392441e-05 3.341499832458794117e-04
3.100000000000000000e+04 2.590806434454862028e-05 7.006210944382473826e-05 6.720279634464532137e-05 3.332591732032597065e-04 2.590806434454862028e-05 7.006210944382473826e-05 6.720279634464532137e-05 3.332591732032597065e-04
3.200000000000000000e+04 2.403412327112164348e-05 6.994896830292418599e-05 6.660541839664801955e-05 3.319021197967231274e-04 2.403412327112164348e-05 6.994896830292418599e-05 6.660541839664801955e-05 3.319021197967231274e-04
3.300000000000000000e+04 2.274049802508670837e-05 6.977740849833935499e-05 6.629231211263686419e-05 3.309445746708661318e-04 2.274049802508670837e-05 6.977740849833935499e-05 6.629231211263686419e-05 3.309445746708661318e-04
3.400000000000000000e+04 2.104722079820930958e-05 6.992251292103901505e-05 6.491381645901128650e-05 3.302814147900789976e-04 2.104722079820930958e-05 6.992251292103901505e-05 6.491381645901128650e-05 3.302814147900789976e-04
3.500000000000000000e+04 1.983713264053221792e-05 6.989147368585690856e-05 6.414646486518904567e-05 3.296120557934045792e-04 1.983713264053221792e-05 6.989147368585690856e-05 6.414646486518904567e-05 3.296120557934045792e-04
3.600000000000000000e+04 1.879358751466497779e-05 6.985666550463065505e-05 6.339306128211319447e-05 3.290353051852434874e-04 1.879358751466497779e-05 6.985666550463065505e-05 6.339306128211319447e-05 3.290353051852434874e-04
3.700000000000000000e+04 1.181638945126906037e-04 7.728652417426928878e-05 8.308532414957880974e-05 3.576272865757346153e-04 1.181638945126906037e-04 7.728652417426928878e-05 8.308532414957880974e-05 3.576272865757346153e-04
3.800000000000000000e+04 8.920652908273041248e-05 8.396802149945870042e-05 8.431632159044966102e-05 3.561809717211872339e-04 8.920652908273041248e-05 8.396802149945870042e-05 8.431632159044966102e-05 3.561809717211872339e-04
3.900000000000000000e+04 1.646283817535731941e-05 6.981573096709325910e-05 6.141090852906927466e-05 3.276368661317974329e-04 1.646283817535731941e-05 6.981573096709325910e-05 6.141090852906927466e-05 3.276368661317974329e-04
4.000000000000000000e+04 1.583432458573952317e-05 6.956893776077777147e-05 6.091962495702318847e-05 3.272678004577755928e-04 1.583432458573952317e-05 6.956893776077777147e-05 6.091962495702318847e-05 3.272678004577755928e-04
4.100000000000000000e+04 1.527867425465956330e-05 6.951487739570438862e-05 6.032943565514869988e-05 3.269437002018094063e-04 1.527867425465956330e-05 6.951487739570438862e-05 6.032943565514869988e-05 3.269437002018094063e-04
4.200000000000000000e+04 1.482127845520153642e-05 6.935068813618272543e-05 5.986406176816672087e-05 3.266648272983729839e-04 1.482127845520153642e-05 6.935068813618272543e-05 5.986406176816672087e-05 3.266648272983729839e-04
4.300000000000000000e+04 1.432719182048458606e-05 6.932648102520033717e-05 5.925941877649165690e-05 3.264112747274339199e-04 1.432719182048458606e-05 6.932648102520033717e-05 5.925941877649165690e-05 3.264112747274339199e-04
4.400000000000000000e+04 1.403039641445502639e-05 6.937143916729837656e-05 5.864176273462362587e-05 3.262490790802985430e-04 1.403039641445502639e-05 6.937143916729837656e-05 5.864176273462362587e-05 3.262490790802985430e-04
4.500000000000000000e+04 1.505912678112508729e-05 6.957714504096657038e-05 5.812004383187741041e-05 3.265989071223884821e-04 1.505912678112508729e-05 6.957714504096657038e-05 5.812004383187741041e-05 3.265989071223884821e-04
4.600000000000000000e+04 1.322134085057768971e-05 6.900261359987780452e-05 5.775790123152546585e-05 3.257495118305087090e-04 1.322134085057768971e-05 6.900261359987780452e-05 5.775790123152546585e-05 3.257495118305087090e-04
4.700000000000000000e+04 1.291801163461059332e-05 6.891843804623931646e-05 5.727478855988010764e-05 3.255456394981592894e-04 1.291801163461059332e-05 6.891843804623931646e-05 5.727478855988010764e-05 3.255456394981592894e-04
4.800000000000000000e+04 1.262996374862268567e-05 6.872210360597819090e-05 5.684042844222858548e-05 3.253954637330025434e-04 1.262996374862268567e-05 6.872210360597819090e-05 5.684042844222858548e-05 3.253954637330025434e-04
4.900000000000000000e+04 1.236826210515573621e-05 6.854840466985478997e-05 5.640888775815255940e-05 3.252487222198396921e-04 1.236826210515573621e-05 6.854840466985478997e-05 5.640888775815255940e-05 3.252487222198396921e-04
5.000000000000000000e+04 1.213227915286552161e-05 6.843305891379714012e-05 5.594345566350966692e-05 3.250795707572251558e-04 1.213227915286552161e-05 6.843305891379714012e-05 5.594345566350966692e-05 3.250795707572251558e-04
5.100000000000000000e+04 1.191446062875911593e-05 6.828909681644290686e-05 5.551286085392348468e-05 3.249321889597922564e-04 1.191446062875911593e-05 6.828909681644290686e-05 5.551286085392348468e-05 3.249321889597922564e-04
5.200000000000000000e+04 1.172429256257601082e-05 6.818219117121770978e-05 5.505838998942635953e-05 3.247770655434578657e-04 1.172429256257601082e-05 6.818219117121770978e-05 5.505838998942635953e-05 3.247770655434578657e-04
5.300000000000000000e+04 1.152547702076844871e-05 6.797036621719598770e-05 5.464340574690140784e-05 3.246594278607517481e-04 1.152547702076844871e-05 6.797036621719598770e-05 5.464340574690140784e-05 3.246594278607517481e-04
5.400000000000000000e+04 1.135529691964620724e-05 6.780761032132431865e-05 5.422193498816341162e-05 3.245300031267106533e-04 1.135529691964620724e-05 6.780761032132431865e-05 5.422193498816341162e-05 3.245300031267106533e-04
5.500000000000000000e+04 1.119362150348024443e-05 6.763714191038161516e-05 5.381580558605492115e-05 3.244116960559040308e-04 1.119362150348024443e-05 6.763714191038161516e-05 5.381580558605492115e-05 3.244116960559040308e-04
5.600000000000000000e+04 1.104265356843825430e-05 6.745467544533312321e-05 5.338803021004423499e-05 3.242875682190060616e-04 1.104265356843825430e-05 6.745467544533312321e-05 5.338803021004423499e-05 3.242875682190060616e-04
5.700000000000000000e+04 1.089791203412460163e-05 6.726364517817273736e-05 5.295279333950020373e-05 3.241723752580583096e-04 1.089791203412460163e-05 6.726364517817273736e-05 5.295279333950020373e-05 3.241723752580583096e-04
5.800000000000000000e+04 1.079895901057170704e-05 6.687312998110428452e-05 5.255710493656806648e-05 3.242931852582842112e-04 1.079895901057170704e-05 6.687312998110428452e-05 5.255710493656806648e-05 3.242931852582842112e-04
5.900000000000000000e+04 1.064807111106347293e-05 6.687612039968371391e-05 5.211828101892024279e-05 3.239345678593963385e-04 1.064807111106347293e-05 6.687612039968371391e-05 5.211828101892024279e-05 3.239345678593963385e-04
6.000000000000000000e+04 1.054128460964420810e-05 6.667012348771095276e-05 5.170951044419780374e-05 3.238192293792963028e-04 1.054128460964420810e-05 6.667012348771095276e-05 5.170951044419780374e-05 3.238192293792963028e-04
6.100000000000000000e+04 1.043922566168475896e-05 6.645215762546285987e-05 5.127941403770819306e-05 3.237040946260094643e-04 1.043922566168475896e-05 6.645215762546285987e-05 5.127941403770819306e-05 3.237040946260094643e-04
6.200000000000000000e+04 1.034939123201183975e-05 6.623052468057721853e-05 5.084508302388712764e-05 3.235852636862546206e-04 1.034939123201183975e-05 6.623052468057721853e-05 5.084508302388712764e-05 3.235852636862546206e-04
6.300000000000000000e+04 1.026671816362068057e-05 6.599620246561244130e-05 5.039069219492375851e-05 3.234605246689170599e-04 1.026671816362068057e-05 6.599620246561244130e-05 5.039069219492375851e-05 3.234605246689170599e-04
6.400000000000000000e+04 1.019405317492783070e-05 6.576346640940755606e-05 4.992029425920918584e-05 3.233408788219094276e-04 1.019405317492783070e-05 6.576346640940755606e-05 4.992029425920918584e-05 3.233408788219094276e-04
6.500000000000000000e+04 1.012644133879803121e-05 6.552725244546309114e-05 4.945488399243913591e-05 3.232132294215261936e-04 1.012644133879803121e-05 6.552725244546309114e-05 4.945488399243913591e-05 3.232132294215261936e-04
6.600000000000000000e+04 1.450269155611749738e-05 6.459462019847705960e-05 5.075772060081362724e-05 3.260202356614172459e-04 1.450269155611749738e-05 6.459462019847705960e-05 5.075772060081362724e-05 3.260202356614172459e-04
6.700000000000000000e+04 1.010988762573106214e-05 6.531815597554668784e-05 4.853109203395433724e-05 3.227623528800904751e-04 1.010988762573106214e-05 6.531815597554668784e-05 4.853109203395433724e-05 3.227623528800904751e-04
6.800000000000000000e+04 9.970496648747939616e-06 6.468570063589140773e-05 4.794413325726054609e-05 3.229375288356095552e-04 9.970496648747939616e-06 6.468570063589140773e-05 4.794413325726054609e-05 3.229375288356095552e-04
6.900000000000000000e+04 9.916582712321542203e-06 6.449562351917847991e-05 4.739719588542357087e-05 3.227242850698530674e-04 9.916582712321542203e-06 6.449562351917847991e-05 4.739719588542357087e-05 3.227242850698530674e-04
7.000000000000000000e+04 9.870439498627092689e-06 6.427352491300553083e-05 4.684915256802923977e-05 3.225617983844131231e-04 9.870439498627092689e-06 6.427352491300553083e-05 4.684915256802923977e-05 3.225617983844131231e-04
7.100000000000000000e+04 9.833897820499259979e-06 6.401054997695609927e-05 4.627757880371063948e-05 3.224239044357091188e-04 9.833897820499259979e-06 6.401054997695609927e-05 4.627757880371063948e-05 3.224239044357091188e-04
7.200000000000000000e+04 9.798156497708987445e-06 6.376356759574264288e-05 4.569668817566707730e-05 3.222659579478204250e-04 9.798156497708987445e-06 6.376356759574264288e-05 4.569668817566707730e-05 3.222659579478204250e-04
7.300000000000000000e+04 9.772680641617625952e-06 6.332833436317741871e-05 4.502604861045256257e-05 3.223761159460991621e-04 9.772680641617625952e-06 6.332833436317741871e-05 4.502604861045256257e-05 3.223761159460991621e-04
7.400000000000000000e+04 1.526649248262401670e-05 6.442717858590185642e-05 4.554901897790841758e-05 3.228492278140038252e-04 1.526649248262401670e-05 6.442717858590185642e-05 4.554901897790841758e-05 3.228492278140038252e-04
7.500000000000000000e+04 9.702232091512996703e-06 6.296030187513679266e-05 4.386992077343165874e-05 3.218152269255369902e-04 9.702232091512996703e-06 6.296030187513679266e-05 4.386992077343165874e-05 3.218152269255369902e-04
7.600000000000000000e+04 1.007442642730893567e-05 6.363878492265939713e-05 4.389458626974374056e-05 3.202628286089748144e-04 1.007442642730893567e-05 6.363878492265939713e-05 4.389458626974374056e-05 3.202628286089748144e-04
7.700000000000000000e+04 9.630000931792892516e-06 6.237367779249325395e-05 4.265362440492026508e-05 3.215437463950365782e-04 9.630000931792892516e-06 6.237367779249325395e-05 4.265362440492026508e-05 3.215437463950365782e-04
7.800000000000000000e+04 9.597389180271420628e-06 6.209310231497511268e-05 4.203665957902558148e-05 3.213841700926423073e-04 9.597389180271420628e-06 6.209310231497511268e-05 4.203665957902558148e-05 3.213841700926423073e-04
7.900000000000000000e+04 9.547916306473780423e-06 6.182694050949066877e-05 4.145519051235169172e-05 3.212114388588815928e-04 9.547916306473780423e-06 6.182694050949066877e-05 4.145519051235169172e-05 3.212114388588815928e-04
8.000000000000000000e+04 9.500828127784188837e-06 6.156692688819020987e-05 4.086342960363253951e-05 3.210210707038640976e-04 9.500828127784188837e-06 6.156692688819020987e-05 4.086342960363253951e-05 3.210210707038640976e-04
8.100000000000000000e+04 4.966631968272849917e-05 6.310376193141564727e-05 5.487344242283143103e-05 3.403562004677951336e-04 4.966631968272849917e-05 6.310376193141564727e-05 5.487344242283143103e-05 3.403562004677951336e-04
8.200000000000000000e+04 1.762661850079894066e-05 6.432435475289821625e-05 4.305259062675759196e-05 3.214740718249231577e-04 1.762661850079894066e-05 6.432435475289821625e-05 4.305259062675759196e-05 3.214740718249231577e-04
8.300000000000000000e+04 9.361763659399002790e-06 5.997081461828202009e-05 3.880246367771178484e-05 3.219211357645690441e-04 9.361763659399002790e-06 5.997081461828202009e-05 3.880246367771178484e-05 3.219211357645690441e-04
8.400000000000000000e+04 1.115272607421502471e-05 5.987817712593823671e-05 3.917550930054858327e-05 3.215063479728996754e-04 1.115272607421502471e-05 5.987817712593823671e-05 3.917550930054858327e-05 3.215063479728996754e-04
8.500000000000000000e+04 9.127789780905004591e-06 6.008849231875501573e-05 3.803612344199791551e-05 3.202478110324591398e-04 9.127789780905004591e-06 6.008849231875501573e-05 3.803612344199791551e-05 3.202478110324591398e-04
8.600000000000000000e+04 9.024304745253175497e-06 5.972207873128354549e-05 3.749463212443515658e-05 3.201625077053904533e-04 9.024304745253175497e-06 5.972207873128354549e-05 3.749463212443515658e-05 3.201625077053904533e-04
8.700000000000000000e+04 8.924302164814434946e-06 5.939970651525072753e-05 3.697261126944795251e-05 3.200473729521036148e-04 8.924302164814434946e-06 5.939970651525072753e-05 3.697261126944795251e-05 3.200473729521036148e-04
8.800000000000000000e+04 8.825389159028418362e-06 5.913588393013924360e-05 3.648314304882660508e-05 3.198336053173989058e-04 8.825389159028418362e-06 5.913588393013924360e-05 3.648314304882660508e-05 3.198336053173989058e-04
8.900000000000000000e+04 1.207592868013307452e-04 8.262687333626672626e-05 7.760876906104385853e-05 3.486608038656413555e-04 1.207592868013307452e-04 8.262687333626672626e-05 7.760876906104385853e-05 3.486608038656413555e-04
9.000000000000000000e+04 8.621748747827950865e-06 5.847476495546288788e-05 3.544230276020243764e-05 3.196370671503245831e-04 8.621748747827950865e-06 5.847476495546288788e-05 3.544230276020243764e-05 3.196370671503245831e-04
9.100000000000000000e+04 8.520694791513960809e-06 5.810548464069142938e-05 3.494678094284608960e-05 3.195837198290973902e-04 8.520694791513960809e-06 5.810548464069142938e-05 3.494678094284608960e-05 3.195837198290973902e-04
9.200000000000000000e+04 3.700996603583917022e-05 5.781869185739196837e-05 4.343351247371174395e-05 3.333984350319951773e-04 3.700996603583917022e-05 5.781869185739196837e-05 4.343351247371174395e-05 3.333984350319951773e-04
9.300000000000000000e+04 8.336090104421600699e-06 5.755741949542425573e-05 3.398237458895891905e-05 3.192027797922492027e-04 8.336090104421600699e-06 5.755741949542425573e-05 3.398237458895891905e-05 3.192027797922492027e-04
9.400000000000000000e+04 8.246164725278504193e-06 5.714950020774267614e-05 3.348049722262658179e-05 3.191606374457478523e-04 8.246164725278504193e-06 5.714950020774267614e-05 3.348049722262658179e-05 3.191606374457478523e-04
9.500000000000000000e+04 8.160415745805948973e-06 5.681660695699974895e-05 3.300895696156658232e-05 3.190345305483788252e-04 8.160415745805948973e-06 5.681660695699974895e-05 3.300895696156658232e-05 3.190345305483788252e-04
9.600000000000000000e+04 8.498408533341716975e-06 5.698625682271085680e-05 3.293832560302689672e-05 3.180177591275423765e-04 8.498408533341716975e-06 5.698625682271085680e-05 3.293832560302689672e-05 3.180177591275423765e-04
9.700000000000000000e+04 8.223260010709054768e-06 5.582300946116447449e-05 3.205161192454397678e-05 3.192907315678894520e-04 8.223260010709054768e-06 5.582300946116447449e-05 3.205161192454397678e-05 3.192907315678894520e-04
9.800000000000000000e+04 8.008843906281981617e-06 5.560671706916764379e-05 3.155436206725426018e-05 3.189221024513244629e-04 8.008843906281981617e-06 5.560671706916764379e-05 3.155436206725426018e-05 3.189221024513244629e-04
9.900000000000000000e+04 7.932839253044221550e-06 5.537586912396363914e-05 3.111285332124680281e-05 3.186120011378079653e-04 7.932839253044221550e-06 5.537586912396363914e-05 3.111285332124680281e-05 3.186120011378079653e-04
1.000000000000000000e+05 1.039450216921977699e-04 7.404041389236226678e-05 6.402657891158014536e-05 3.395133826415985823e-04 1.039450216921977699e-04 7.404041389236226678e-05 6.402657891158014536e-05 3.395133826415985823e-04
