# step, loss_train, loss_test, metrics_test
0.000000000000000000e+00 6.331459007924422622e-05 1.810992216633167118e-06 9.463661285735724960e-07 4.360633850097656250e+00 1.234318375587463379e+00 3.828202009201049805e+00 6.331459007924422622e-05 1.810992216633167118e-06 9.463661285735724960e-07 4.360633850097656250e+00 1.234318375587463379e+00 3.828202009201049805e+00
1.000000000000000000e+02 3.575699811335653067e-04 4.638330638408660889e-02 8.693878352642059326e-02 6.796852350234985352e-01 1.195013523101806641e+00 2.695516586303710938e+00 3.575699811335653067e-04 4.638330638408660889e-02 8.693878352642059326e-02 6.796852350234985352e-01 1.195013523101806641e+00 2.695516586303710938e+00
2.000000000000000000e+02 2.047028951346874237e-02 6.076458841562271118e-02 1.507389396429061890e-01 5.411382913589477539e-01 1.180531382560729980e+00 1.521640658378601074e+00 2.047028951346874237e-02 6.076458841562271118e-02 1.507389396429061890e-01 5.411382913589477539e-01 1.180531382560729980e+00 1.521640658378601074e+00
3.000000000000000000e+02 4.468524083495140076e-02 4.642537236213684082e-02 7.823345065116882324e-02 5.410882234573364258e-01 1.182325005531311035e+00 1.177463650703430176e+00 4.468524083495140076e-02 4.642537236213684082e-02 7.823345065116882324e-02 5.410882234573364258e-01 1.182325005531311035e+00 1.177463650703430176e+00
4.000000000000000000e+02 4.479105770587921143e-02 2.993128821253776550e-02 4.795296490192413330e-02 5.449147820472717285e-01 1.179337978363037109e+00 1.022930860519409180e+00 4.479105770587921143e-02 2.993128821253776550e-02 4.795296490192413330e-02 5.449147820472717285e-01 1.179337978363037109e+00 1.022930860519409180e+00
5.000000000000000000e+02 3.150597959756851196e-02 2.677856385707855225e-02 3.593000024557113647e-02 5.371457338333129883e-01 1.174155950546264648e+00 9.659921526908874512e-01 3.150597959756851196e-02 2.677856385707855225e-02 3.593000024557113647e-02 5.371457338333129883e-01 1.174155950546264648e+00 9.659921526908874512e-01
6.000000000000000000e+02 3.229375183582305908e-02 3.054115734994411469e-02 3.861069679260253906e-02 5.271335840225219727e-01 1.175410628318786621e+00 9.334149360656738281e-01 3.229375183582305908e-02 3.054115734994411469e-02 3.861069679260253906e-02 5.271335840225219727e-01 1.175410628318786621e+00 9.334149360656738281e-01
7.000000000000000000e+02 2.233229391276836395e-02 1.893114484846591949e-02 2.616980299353599548e-02 5.285434126853942871e-01 1.169224858283996582e+00 9.497787952423095703e-01 2.233229391276836395e-02 1.893114484846591949e-02 2.616980299353599548e-02 5.285434126853942871e-01 1.169224858283996582e+00 9.497787952423095703e-01
8.000000000000000000e+02 2.515550144016742706e-02 2.117406576871871948e-02 2.518693357706069946e-02 5.141668915748596191e-01 1.169894218444824219e+00 8.895640969276428223e-01 2.515550144016742706e-02 2.117406576871871948e-02 2.518693357706069946e-02 5.141668915748596191e-01 1.169894218444824219e+00 8.895640969276428223e-01
9.000000000000000000e+02 2.659812197089195251e-02 1.760919019579887390e-02 2.932549454271793365e-02 5.096648931503295898e-01 1.167218327522277832e+00 8.824450969696044922e-01 2.659812197089195251e-02 1.760919019579887390e-02 2.932549454271793365e-02 5.096648931503295898e-01 1.167218327522277832e+00 8.824450969696044922e-01
1.000000000000000000e+03 2.649380266666412354e-02 1.738688535988330841e-02 2.364963479340076447e-02 5.026697516441345215e-01 1.167023301124572754e+00 8.672863841056823730e-01 2.649380266666412354e-02 1.738688535988330841e-02 2.364963479340076447e-02 5.026697516441345215e-01 1.167023301124572754e+00 8.672863841056823730e-01
1.100000000000000000e+03 2.562437579035758972e-02 1.574669592082500458e-02 2.137730084359645844e-02 4.996201992034912109e-01 1.162909626960754395e+00 8.558366894721984863e-01 2.562437579035758972e-02 1.574669592082500458e-02 2.137730084359645844e-02 4.996201992034912109e-01 1.162909626960754395e+00 8.558366894721984863e-01
1.200000000000000000e+03 2.188016474246978760e-02 1.337347738444805145e-02 2.019653283059597015e-02 5.119414925575256348e-01 1.160457015037536621e+00 8.702533245086669922e-01 2.188016474246978760e-02 1.337347738444805145e-02 2.019653283059597015e-02 5.119414925575256348e-01 1.160457015037536621e+00 8.702533245086669922e-01
1.300000000000000000e+03 2.205906808376312256e-02 2.168876118957996368e-02 2.914305962622165680e-02 5.077837109565734863e-01 1.163680791854858398e+00 8.478277325630187988e-01 2.205906808376312256e-02 2.168876118957996368e-02 2.914305962622165680e-02 5.077837109565734863e-01 1.163680791854858398e+00 8.478277325630187988e-01
1.400000000000000000e+03 2.471997775137424469e-02 1.401943247765302658e-02 1.851313374936580658e-02 4.970692396163940430e-01 1.157402157783508301e+00 8.280078172683715820e-01 2.471997775137424469e-02 1.401943247765302658e-02 1.851313374936580658e-02 4.970692396163940430e-01 1.157402157783508301e+00 8.280078172683715820e-01
1.500000000000000000e+03 2.620496600866317749e-02 1.705831848084926605e-02 2.057581394910812378e-02 4.931830465793609619e-01 1.155072808265686035e+00 8.220312595367431641e-01 2.620496600866317749e-02 1.705831848084926605e-02 2.057581394910812378e-02 4.931830465793609619e-01 1.155072808265686035e+00 8.220312595367431641e-01
1.600000000000000000e+03 2.131801843643188477e-02 2.078478597104549408e-02 2.293729223310947418e-02 5.032166242599487305e-01 1.157231211662292480e+00 8.243342041969299316e-01 2.131801843643188477e-02 2.078478597104549408e-02 2.293729223310947418e-02 5.032166242599487305e-01 1.157231211662292480e+00 8.243342041969299316e-01
1.700000000000000000e+03 2.650186046957969666e-02 1.354557368904352188e-02 1.888648606836795807e-02 4.893568456172943115e-01 1.154432415962219238e+00 8.058748841285705566e-01 2.650186046957969666e-02 1.354557368904352188e-02 1.888648606836795807e-02 4.893568456172943115e-01 1.154432415962219238e+00 8.058748841285705566e-01
1.800000000000000000e+03 2.747557125985622406e-02 3.263690322637557983e-02 2.762255258858203888e-02 5.508700013160705566e-01 1.167169213294982910e+00 8.425436615943908691e-01 2.747557125985622406e-02 3.263690322637557983e-02 2.762255258858203888e-02 5.508700013160705566e-01 1.167169213294982910e+00 8.425436615943908691e-01
1.900000000000000000e+03 2.805331908166408539e-02 1.899275928735733032e-02 1.848713867366313934e-02 4.881436824798583984e-01 1.150174379348754883e+00 8.142554163932800293e-01 2.805331908166408539e-02 1.899275928735733032e-02 1.848713867366313934e-02 4.881436824798583984e-01 1.150174379348754883e+00 8.142554163932800293e-01
2.000000000000000000e+03 2.775860764086246490e-02 3.369674086570739746e-02 2.687844447791576385e-02 4.923023283481597900e-01 1.153991580009460449e+00 8.569385409355163574e-01 2.775860764086246490e-02 3.369674086570739746e-02 2.687844447791576385e-02 4.923023283481597900e-01 1.153991580009460449e+00 8.569385409355163574e-01
2.100000000000000000e+03 2.317905984818935394e-02 1.387543231248855591e-02 1.821811497211456299e-02 4.885171651840209961e-01 1.147840142250061035e+00 7.790505886077880859e-01 2.317905984818935394e-02 1.387543231248855591e-02 1.821811497211456299e-02 4.885171651840209961e-01 1.147840142250061035e+00 7.790505886077880859e-01
2.200000000000000000e+03 2.514842525124549866e-02 1.367296185344457626e-02 1.725665852427482605e-02 4.860417544841766357e-01 1.145314216613769531e+00 7.670115232467651367e-01 2.514842525124549866e-02 1.367296185344457626e-02 1.725665852427482605e-02 4.860417544841766357e-01 1.145314216613769531e+00 7.670115232467651367e-01
2.300000000000000000e+03 2.932861819863319397e-02 1.487804297357797623e-02 1.968807727098464966e-02 4.826260805130004883e-01 1.144931674003601074e+00 7.737579345703125000e-01 2.932861819863319397e-02 1.487804297357797623e-02 1.968807727098464966e-02 4.826260805130004883e-01 1.144931674003601074e+00 7.737579345703125000e-01
2.400000000000000000e+03 2.543743140995502472e-02 1.773490570485591888e-02 2.268145233392715454e-02 4.871087670326232910e-01 1.142068624496459961e+00 7.773638367652893066e-01 2.543743140995502472e-02 1.773490570485591888e-02 2.268145233392715454e-02 4.871087670326232910e-01 1.142068624496459961e+00 7.773638367652893066e-01
2.500000000000000000e+03 2.737981826066970825e-02 1.648033410310745239e-02 1.933944411575794220e-02 4.812807142734527588e-01 1.141089677810668945e+00 7.520824074745178223e-01 2.737981826066970825e-02 1.648033410310745239e-02 1.933944411575794220e-02 4.812807142734527588e-01 1.141089677810668945e+00 7.520824074745178223e-01
2.600000000000000000e+03 1.811731234192848206e-02 2.078190259635448456e-02 3.468822315335273743e-02 5.095897912979125977e-01 1.151346802711486816e+00 7.967142462730407715e-01 1.811731234192848206e-02 2.078190259635448456e-02 3.468822315335273743e-02 5.095897912979125977e-01 1.151346802711486816e+00 7.967142462730407715e-01
2.700000000000000000e+03 2.139131538569927216e-02 3.088683634996414185e-02 3.183877095580101013e-02 4.924436807632446289e-01 1.145134687423706055e+00 8.302031755447387695e-01 2.139131538569927216e-02 3.088683634996414185e-02 3.183877095580101013e-02 4.924436807632446289e-01 1.145134687423706055e+00 8.302031755447387695e-01
2.800000000000000000e+03 2.285393513739109039e-02 1.665352284908294678e-02 2.467908896505832672e-02 4.833041429519653320e-01 1.145438432693481445e+00 7.722377777099609375e-01 2.285393513739109039e-02 1.665352284908294678e-02 2.467908896505832672e-02 4.833041429519653320e-01 1.145438432693481445e+00 7.722377777099609375e-01
2.900000000000000000e+03 3.177748620510101318e-02 1.905111595988273621e-02 2.274486795067787170e-02 4.705459475517272949e-01 1.140848994255065918e+00 7.267941236495971680e-01 3.177748620510101318e-02 1.905111595988273621e-02 2.274486795067787170e-02 4.705459475517272949e-01 1.140848994255065918e+00 7.267941236495971680e-01
3.000000000000000000e+03 2.833520807325839996e-02 1.746083237230777740e-02 2.021934092044830322e-02 4.711378812789916992e-01 1.134330272674560547e+00 7.077602744102478027e-01 2.833520807325839996e-02 1.746083237230777740e-02 2.021934092044830322e-02 4.711378812789916992e-01 1.134330272674560547e+00 7.077602744102478027e-01
3.100000000000000000e+03 3.052495233714580536e-02 1.764564588665962219e-02 2.388434112071990967e-02 4.693752825260162354e-01 1.131400942802429199e+00 7.003579139709472656e-01 3.052495233714580536e-02 1.764564588665962219e-02 2.388434112071990967e-02 4.693752825260162354e-01 1.131400942802429199e+00 7.003579139709472656e-01
3.200000000000000000e+03 2.036425657570362091e-02 1.897417753934860229e-02 2.748345211148262024e-02 4.728650450706481934e-01 1.134226560592651367e+00 7.221626043319702148e-01 2.036425657570362091e-02 1.897417753934860229e-02 2.748345211148262024e-02 4.728650450706481934e-01 1.134226560592651367e+00 7.221626043319702148e-01
3.300000000000000000e+03 3.026832640171051025e-02 1.646636053919792175e-02 2.416374161839485168e-02 4.617674052715301514e-01 1.125972867012023926e+00 6.773508787155151367e-01 3.026832640171051025e-02 1.646636053919792175e-02 2.416374161839485168e-02 4.617674052715301514e-01 1.125972867012023926e+00 6.773508787155151367e-01
3.400000000000000000e+03 2.528217993676662445e-02 3.488659113645553589e-02 7.647814601659774780e-02 4.876416623592376709e-01 1.178524136543273926e+00 1.069774508476257324e+00 2.528217993676662445e-02 3.488659113645553589e-02 7.647814601659774780e-02 4.876416623592376709e-01 1.178524136543273926e+00 1.069774508476257324e+00
3.500000000000000000e+03 2.310023829340934753e-02 2.438169904053211212e-02 4.595129936933517456e-02 4.674503505229949951e-01 1.138841390609741211e+00 7.780907750129699707e-01 2.310023829340934753e-02 2.438169904053211212e-02 4.595129936933517456e-02 4.674503505229949951e-01 1.138841390609741211e+00 7.780907750129699707e-01
3.600000000000000000e+03 2.747831121087074280e-02 3.642320260405540466e-02 3.503338247537612915e-02 4.899796545505523682e-01 1.145828723907470703e+00 8.225076794624328613e-01 2.747831121087074280e-02 3.642320260405540466e-02 3.503338247537612915e-02 4.899796545505523682e-01 1.145828723907470703e+00 8.225076794624328613e-01
3.700000000000000000e+03 3.487096354365348816e-02 2.344067022204399109e-02 3.110441938042640686e-02 4.499482512474060059e-01 1.123644709587097168e+00 6.807060837745666504e-01 3.487096354365348816e-02 2.344067022204399109e-02 3.110441938042640686e-02 4.499482512474060059e-01 1.123644709587097168e+00 6.807060837745666504e-01
3.800000000000000000e+03 2.807194739580154419e-02 2.120057307183742523e-02 2.864226885139942169e-02 4.515027403831481934e-01 1.119609475135803223e+00 6.586383581161499023e-01 2.807194739580154419e-02 2.120057307183742523e-02 2.864226885139942169e-02 4.515027403831481934e-01 1.119609475135803223e+00 6.586383581161499023e-01
3.900000000000000000e+03 2.910030819475650787e-02 2.084502391517162323e-02 3.188486397266387939e-02 4.449083805084228516e-01 1.110800623893737793e+00 6.421340107917785645e-01 2.910030819475650787e-02 2.084502391517162323e-02 3.188486397266387939e-02 4.449083805084228516e-01 1.110800623893737793e+00 6.421340107917785645e-01
4.000000000000000000e+03 2.295546047389507294e-02 1.847250387072563171e-02 3.696321696043014526e-02 4.466188549995422363e-01 1.111179709434509277e+00 6.476404070854187012e-01 2.295546047389507294e-02 1.847250387072563171e-02 3.696321696043014526e-02 4.466188549995422363e-01 1.111179709434509277e+00 6.476404070854187012e-01
4.100000000000000000e+03 2.436675876379013062e-02 2.179169468581676483e-02 4.262872785329818726e-02 4.545167684555053711e-01 1.129524111747741699e+00 7.055305242538452148e-01 2.436675876379013062e-02 2.179169468581676483e-02 4.262872785329818726e-02 4.545167684555053711e-01 1.129524111747741699e+00 7.055305242538452148e-01
4.200000000000000000e+03 2.322455495595932007e-02 2.640451490879058838e-02 5.271222069859504700e-02 4.420372545719146729e-01 1.111305713653564453e+00 7.005072236061096191e-01 2.322455495595932007e-02 2.640451490879058838e-02 5.271222069859504700e-02 4.420372545719146729e-01 1.111305713653564453e+00 7.005072236061096191e-01
4.300000000000000000e+03 2.451527304947376251e-02 2.250384353101253510e-02 4.696785286068916321e-02 4.411453306674957275e-01 1.095078587532043457e+00 6.740860342979431152e-01 2.451527304947376251e-02 2.250384353101253510e-02 4.696785286068916321e-02 4.411453306674957275e-01 1.095078587532043457e+00 6.740860342979431152e-01
4.400000000000000000e+03 2.741055935621261597e-02 4.852924868464469910e-02 1.002096682786941528e-01 4.420424699783325195e-01 1.138280510902404785e+00 8.562951087951660156e-01 2.741055935621261597e-02 4.852924868464469910e-02 1.002096682786941528e-01 4.420424699783325195e-01 1.138280510902404785e+00 8.562951087951660156e-01
4.500000000000000000e+03 2.640206366777420044e-02 2.350370399653911591e-02 4.328710585832595825e-02 4.241864979267120361e-01 1.095875740051269531e+00 6.235231161117553711e-01 2.640206366777420044e-02 2.350370399653911591e-02 4.328710585832595825e-02 4.241864979267120361e-01 1.095875740051269531e+00 6.235231161117553711e-01
4.600000000000000000e+03 2.848708815872669220e-02 2.545385807752609253e-02 4.584663361310958862e-02 4.153282344341278076e-01 1.081698775291442871e+00 6.112374067306518555e-01 2.848708815872669220e-02 2.545385807752609253e-02 4.584663361310958862e-02 4.153282344341278076e-01 1.081698775291442871e+00 6.112374067306518555e-01
4.700000000000000000e+03 4.151121154427528381e-02 3.134848177433013916e-02 4.857589304447174072e-02 4.100164175033569336e-01 1.086854815483093262e+00 6.323985457420349121e-01 4.151121154427528381e-02 3.134848177433013916e-02 4.857589304447174072e-02 4.100164175033569336e-01 1.086854815483093262e+00 6.323985457420349121e-01
4.800000000000000000e+03 3.974547237157821655e-02 4.838017001748085022e-02 7.795401662588119507e-02 4.264307320117950439e-01 1.129927277565002441e+00 7.695891857147216797e-01 3.974547237157821655e-02 4.838017001748085022e-02 7.795401662588119507e-02 4.264307320117950439e-01 1.129927277565002441e+00 7.695891857147216797e-01
4.900000000000000000e+03 2.483681030571460724e-02 2.509425580501556396e-02 5.647874996066093445e-02 4.037423133850097656e-01 1.054133534431457520e+00 6.013495922088623047e-01 2.483681030571460724e-02 2.509425580501556396e-02 5.647874996066093445e-02 4.037423133850097656e-01 1.054133534431457520e+00 6.013495922088623047e-01
5.000000000000000000e+03 2.808015793561935425e-02 2.427665516734123230e-02 5.038129165768623352e-02 4.017537236213684082e-01 1.061445593833923340e+00 5.975564122200012207e-01 2.808015793561935425e-02 2.427665516734123230e-02 5.038129165768623352e-02 4.017537236213684082e-01 1.061445593833923340e+00 5.975564122200012207e-01
5.100000000000000000e+03 2.417677454650402069e-02 2.645359747111797333e-02 4.939484596252441406e-02 3.913814127445220947e-01 1.041996359825134277e+00 5.668092370033264160e-01 2.417677454650402069e-02 2.645359747111797333e-02 4.939484596252441406e-02 3.913814127445220947e-01 1.041996359825134277e+00 5.668092370033264160e-01
5.200000000000000000e+03 2.497909218072891235e-02 2.817894518375396729e-02 5.974706634879112244e-02 3.871574699878692627e-01 1.033205509185791016e+00 5.731049180030822754e-01 2.497909218072891235e-02 2.817894518375396729e-02 5.974706634879112244e-02 3.871574699878692627e-01 1.033205509185791016e+00 5.731049180030822754e-01
5.300000000000000000e+03 2.274086885154247284e-02 2.458301559090614319e-02 5.279875174164772034e-02 3.916964232921600342e-01 1.058415770530700684e+00 5.973226428031921387e-01 2.274086885154247284e-02 2.458301559090614319e-02 5.279875174164772034e-02 3.916964232921600342e-01 1.058415770530700684e+00 5.973226428031921387e-01
5.400000000000000000e+03 2.796830609440803528e-02 3.040679544210433960e-02 4.842497780919075012e-02 3.839541077613830566e-01 1.016964912414550781e+00 5.738930702209472656e-01 2.796830609440803528e-02 3.040679544210433960e-02 4.842497780919075012e-02 3.839541077613830566e-01 1.016964912414550781e+00 5.738930702209472656e-01
5.500000000000000000e+03 2.188561670482158661e-02 2.672006376087665558e-02 5.411519110202789307e-02 3.734299838542938232e-01 1.018573999404907227e+00 5.507035255432128906e-01 2.188561670482158661e-02 2.672006376087665558e-02 5.411519110202789307e-02 3.734299838542938232e-01 1.018573999404907227e+00 5.507035255432128906e-01
5.600000000000000000e+03 2.062118239700794220e-02 3.112947382032871246e-02 5.443328991532325745e-02 3.780354559421539307e-01 1.043014407157897949e+00 5.763241052627563477e-01 2.062118239700794220e-02 3.112947382032871246e-02 5.443328991532325745e-02 3.780354559421539307e-01 1.043014407157897949e+00 5.763241052627563477e-01
5.700000000000000000e+03 3.147695213556289673e-02 3.977871313691139221e-02 5.693233013153076172e-02 3.938978314399719238e-01 1.072098016738891602e+00 6.244832277297973633e-01 3.147695213556289673e-02 3.977871313691139221e-02 5.693233013153076172e-02 3.938978314399719238e-01 1.072098016738891602e+00 6.244832277297973633e-01
5.800000000000000000e+03 2.132649347186088562e-02 3.792801871895790100e-02 6.763391196727752686e-02 3.832888305187225342e-01 1.039747834205627441e+00 6.288287639617919922e-01 2.132649347186088562e-02 3.792801871895790100e-02 6.763391196727752686e-02 3.832888305187225342e-01 1.039747834205627441e+00 6.288287639617919922e-01
5.900000000000000000e+03 3.027182072401046753e-02 5.436082929372787476e-02 8.585808426141738892e-02 3.913849592208862305e-01 1.067494630813598633e+00 6.942444443702697754e-01 3.027182072401046753e-02 5.436082929372787476e-02 8.585808426141738892e-02 3.913849592208862305e-01 1.067494630813598633e+00 6.942444443702697754e-01
6.000000000000000000e+03 2.294607646763324738e-02 2.968167327344417572e-02 6.527503579854965210e-02 3.781031966209411621e-01 1.054738521575927734e+00 5.958475470542907715e-01 2.294607646763324738e-02 2.968167327344417572e-02 6.527503579854965210e-02 3.781031966209411621e-01 1.054738521575927734e+00 5.958475470542907715e-01
6.100000000000000000e+03 3.045519813895225525e-02 5.903631821274757385e-02 8.350113779306411743e-02 4.109071791172027588e-01 1.072084784507751465e+00 7.108892798423767090e-01 3.045519813895225525e-02 5.903631821274757385e-02 8.350113779306411743e-02 4.109071791172027588e-01 1.072084784507751465e+00 7.108892798423767090e-01
6.200000000000000000e+03 2.337087132036685944e-02 3.185902535915374756e-02 5.065591633319854736e-02 3.684957623481750488e-01 1.029749751091003418e+00 5.404784083366394043e-01 2.337087132036685944e-02 3.185902535915374756e-02 5.065591633319854736e-02 3.684957623481750488e-01 1.029749751091003418e+00 5.404784083366394043e-01
6.300000000000000000e+03 2.509948052465915680e-02 2.900606207549571991e-02 5.468468740582466125e-02 3.814164102077484131e-01 1.050884008407592773e+00 5.633233189582824707e-01 2.509948052465915680e-02 2.900606207549571991e-02 5.468468740582466125e-02 3.814164102077484131e-01 1.050884008407592773e+00 5.633233189582824707e-01
6.400000000000000000e+03 2.319955267012119293e-02 3.235682472586631775e-02 4.912547022104263306e-02 3.599532544612884521e-01 1.009986162185668945e+00 5.181917548179626465e-01 2.319955267012119293e-02 3.235682472586631775e-02 4.912547022104263306e-02 3.599532544612884521e-01 1.009986162185668945e+00 5.181917548179626465e-01
6.500000000000000000e+03 2.682343311607837677e-02 3.784367069602012634e-02 5.211282894015312195e-02 3.671047389507293701e-01 1.016327500343322754e+00 5.312237143516540527e-01 2.682343311607837677e-02 3.784367069602012634e-02 5.211282894015312195e-02 3.671047389507293701e-01 1.016327500343322754e+00 5.312237143516540527e-01
6.600000000000000000e+03 2.692491002380847931e-02 4.988975077867507935e-02 7.060835510492324829e-02 3.742913901805877686e-01 1.016139984130859375e+00 5.964201688766479492e-01 2.692491002380847931e-02 4.988975077867507935e-02 7.060835510492324829e-02 3.742913901805877686e-01 1.016139984130859375e+00 5.964201688766479492e-01
6.700000000000000000e+03 2.514667436480522156e-02 3.464850038290023804e-02 4.474705830216407776e-02 3.628058731555938721e-01 9.937640428543090820e-01 4.957963526248931885e-01 2.514667436480522156e-02 3.464850038290023804e-02 4.474705830216407776e-02 3.628058731555938721e-01 9.937640428543090820e-01 4.957963526248931885e-01
6.800000000000000000e+03 2.244923636317253113e-02 3.151907771825790405e-02 5.277295038104057312e-02 3.403446674346923828e-01 9.774172902107238770e-01 4.819418191909790039e-01 2.244923636317253113e-02 3.151907771825790405e-02 5.277295038104057312e-02 3.403446674346923828e-01 9.774172902107238770e-01 4.819418191909790039e-01
6.900000000000000000e+03 2.142547629773616791e-02 3.306086361408233643e-02 4.627871513366699219e-02 3.346491158008575439e-01 9.455301165580749512e-01 4.656579494476318359e-01 2.142547629773616791e-02 3.306086361408233643e-02 4.627871513366699219e-02 3.346491158008575439e-01 9.455301165580749512e-01 4.656579494476318359e-01
7.000000000000000000e+03 2.389779873192310333e-02 4.167420044541358948e-02 5.560102313756942749e-02 3.609712123870849609e-01 9.939225316047668457e-01 5.453770756721496582e-01 2.389779873192310333e-02 4.167420044541358948e-02 5.560102313756942749e-02 3.609712123870849609e-01 9.939225316047668457e-01 5.453770756721496582e-01
7.100000000000000000e+03 2.495333179831504822e-02 3.179394081234931946e-02 4.327939823269844055e-02 3.424072265625000000e-01 9.455326199531555176e-01 4.758382439613342285e-01 2.495333179831504822e-02 3.179394081234931946e-02 4.327939823269844055e-02 3.424072265625000000e-01 9.455326199531555176e-01 4.758382439613342285e-01
7.200000000000000000e+03 2.628426998853683472e-02 3.961726650595664978e-02 5.074007809162139893e-02 3.643213510513305664e-01 1.002197861671447754e+00 5.050001144409179688e-01 2.628426998853683472e-02 3.961726650595664978e-02 5.074007809162139893e-02 3.643213510513305664e-01 1.002197861671447754e+00 5.050001144409179688e-01
7.300000000000000000e+03 2.611275017261505127e-02 4.118909686803817749e-02 6.207954511046409607e-02 3.907338380813598633e-01 1.059799790382385254e+00 5.521292686462402344e-01 2.611275017261505127e-02 4.118909686803817749e-02 6.207954511046409607e-02 3.907338380813598633e-01 1.059799790382385254e+00 5.521292686462402344e-01
7.400000000000000000e+03 3.751565143465995789e-02 4.886496439576148987e-02 7.724525779485702515e-02 3.449848890304565430e-01 9.577723145484924316e-01 6.595230698585510254e-01 3.751565143465995789e-02 4.886496439576148987e-02 7.724525779485702515e-02 3.449848890304565430e-01 9.577723145484924316e-01 6.595230698585510254e-01
7.500000000000000000e+03 2.596145868301391602e-02 3.436286002397537231e-02 5.652414262294769287e-02 3.416758477687835693e-01 9.609330296516418457e-01 4.947090446949005127e-01 2.596145868301391602e-02 3.436286002397537231e-02 5.652414262294769287e-02 3.416758477687835693e-01 9.609330296516418457e-01 4.947090446949005127e-01
7.600000000000000000e+03 2.030105330049991608e-02 3.217300400137901306e-02 4.464439302682876587e-02 3.302713334560394287e-01 9.564167261123657227e-01 4.384636580944061279e-01 2.030105330049991608e-02 3.217300400137901306e-02 4.464439302682876587e-02 3.302713334560394287e-01 9.564167261123657227e-01 4.384636580944061279e-01
7.700000000000000000e+03 2.347750216722488403e-02 3.145554661750793457e-02 3.811686113476753235e-02 3.227607309818267822e-01 9.091357588768005371e-01 3.911171853542327881e-01 2.347750216722488403e-02 3.145554661750793457e-02 3.811686113476753235e-02 3.227607309818267822e-01 9.091357588768005371e-01 3.911171853542327881e-01
7.800000000000000000e+03 2.483687363564968109e-02 3.647957742214202881e-02 4.641425237059593201e-02 3.309516608715057373e-01 9.271345138549804688e-01 4.446908533573150635e-01 2.483687363564968109e-02 3.647957742214202881e-02 4.641425237059593201e-02 3.309516608715057373e-01 9.271345138549804688e-01 4.446908533573150635e-01
7.900000000000000000e+03 4.363678768277168274e-02 7.438851147890090942e-02 6.797900050878524780e-02 4.022321105003356934e-01 1.054097175598144531e+00 7.099477648735046387e-01 4.363678768277168274e-02 7.438851147890090942e-02 6.797900050878524780e-02 4.022321105003356934e-01 1.054097175598144531e+00 7.099477648735046387e-01
8.000000000000000000e+03 2.085652761161327362e-02 3.489656746387481689e-02 3.920768573880195618e-02 3.330827653408050537e-01 9.537099599838256836e-01 4.264797866344451904e-01 2.085652761161327362e-02 3.489656746387481689e-02 3.920768573880195618e-02 3.330827653408050537e-01 9.537099599838256836e-01 4.264797866344451904e-01
8.100000000000000000e+03 2.593510597944259644e-02 3.715366497635841370e-02 4.152948409318923950e-02 3.428399562835693359e-01 9.470206499099731445e-01 4.066208004951477051e-01 2.593510597944259644e-02 3.715366497635841370e-02 4.152948409318923950e-02 3.428399562835693359e-01 9.470206499099731445e-01 4.066208004951477051e-01
8.200000000000000000e+03 2.763082087039947510e-02 4.115596786141395569e-02 4.994570836424827576e-02 3.442515730857849121e-01 9.452095627784729004e-01 4.421347677707672119e-01 2.763082087039947510e-02 4.115596786141395569e-02 4.994570836424827576e-02 3.442515730857849121e-01 9.452095627784729004e-01 4.421347677707672119e-01
8.300000000000000000e+03 2.545059286057949066e-02 3.128116577863693237e-02 5.821793526411056519e-02 3.390971422195434570e-01 9.484686851501464844e-01 4.575001895427703857e-01 2.545059286057949066e-02 3.128116577863693237e-02 5.821793526411056519e-02 3.390971422195434570e-01 9.484686851501464844e-01 4.575001895427703857e-01
8.400000000000000000e+03 3.074998408555984497e-02 5.995459854602813721e-02 6.756291538476943970e-02 4.076063632965087891e-01 1.057557106018066406e+00 5.970120429992675781e-01 3.074998408555984497e-02 5.995459854602813721e-02 6.756291538476943970e-02 4.076063632965087891e-01 1.057557106018066406e+00 5.970120429992675781e-01
8.500000000000000000e+03 3.026994317770004272e-02 4.980452358722686768e-02 4.994096234440803528e-02 3.466030359268188477e-01 9.661546945571899414e-01 5.154052972793579102e-01 3.026994317770004272e-02 4.980452358722686768e-02 4.994096234440803528e-02 3.466030359268188477e-01 9.661546945571899414e-01 5.154052972793579102e-01
8.600000000000000000e+03 4.492308571934700012e-02 1.063497811555862427e-01 8.766803145408630371e-02 3.756848573684692383e-01 1.009914040565490723e+00 8.826707005500793457e-01 4.492308571934700012e-02 1.063497811555862427e-01 8.766803145408630371e-02 3.756848573684692383e-01 1.009914040565490723e+00 8.826707005500793457e-01
8.700000000000000000e+03 1.647092215716838837e-02 2.725906856358051300e-02 4.583688825368881226e-02 4.045609533786773682e-01 1.155873060226440430e+00 6.756706833839416504e-01 1.647092215716838837e-02 2.725906856358051300e-02 4.583688825368881226e-02 4.045609533786773682e-01 1.155873060226440430e+00 6.756706833839416504e-01
8.800000000000000000e+03 1.338397711515426636e-02 2.458482794463634491e-02 4.505003988742828369e-02 3.860507309436798096e-01 1.121266603469848633e+00 5.214768052101135254e-01 1.338397711515426636e-02 2.458482794463634491e-02 4.505003988742828369e-02 3.860507309436798096e-01 1.121266603469848633e+00 5.214768052101135254e-01
8.900000000000000000e+03 1.595092937350273132e-02 2.861346676945686340e-02 4.612845554947853088e-02 3.718010485172271729e-01 1.074296832084655762e+00 4.479702711105346680e-01 1.595092937350273132e-02 2.861346676945686340e-02 4.612845554947853088e-02 3.718010485172271729e-01 1.074296832084655762e+00 4.479702711105346680e-01
9.000000000000000000e+03 2.011155150830745697e-02 3.289068117737770081e-02 4.608459770679473877e-02 3.593251705169677734e-01 1.014170646667480469e+00 4.260866940021514893e-01 2.011155150830745697e-02 3.289068117737770081e-02 4.608459770679473877e-02 3.593251705169677734e-01 1.014170646667480469e+00 4.260866940021514893e-01
9.100000000000000000e+03 3.191858902573585510e-02 4.574199765920639038e-02 5.441038683056831360e-02 3.580278456211090088e-01 9.794362783432006836e-01 4.817261993885040283e-01 3.191858902573585510e-02 4.574199765920639038e-02 5.441038683056831360e-02 3.580278456211090088e-01 9.794362783432006836e-01 4.817261993885040283e-01
9.200000000000000000e+03 2.739650942385196686e-02 3.867807984352111816e-02 4.169978946447372437e-02 3.515897989273071289e-01 9.493235349655151367e-01 4.337573349475860596e-01 2.739650942385196686e-02 3.867807984352111816e-02 4.169978946447372437e-02 3.515897989273071289e-01 9.493235349655151367e-01 4.337573349475860596e-01
9.300000000000000000e+03 2.405969053506851196e-02 3.444506227970123291e-02 4.145371913909912109e-02 3.381321430206298828e-01 9.513767361640930176e-01 3.949913978576660156e-01 2.405969053506851196e-02 3.444506227970123291e-02 4.145371913909912109e-02 3.381321430206298828e-01 9.513767361640930176e-01 3.949913978576660156e-01
9.400000000000000000e+03 2.621739916503429413e-02 3.915070369839668274e-02 3.821754083037376404e-02 3.286370038986206055e-01 9.358232617378234863e-01 3.797637820243835449e-01 2.621739916503429413e-02 3.915070369839668274e-02 3.821754083037376404e-02 3.286370038986206055e-01 9.358232617378234863e-01 3.797637820243835449e-01
9.500000000000000000e+03 2.678747661411762238e-02 3.376965224742889404e-02 4.076121374964714050e-02 3.285473287105560303e-01 9.226765632629394531e-01 3.807013332843780518e-01 2.678747661411762238e-02 3.376965224742889404e-02 4.076121374964714050e-02 3.285473287105560303e-01 9.226765632629394531e-01 3.807013332843780518e-01
9.600000000000000000e+03 3.747476637363433838e-02 3.970254957675933838e-02 4.303604736924171448e-02 3.374457955360412598e-01 9.645549058914184570e-01 4.888159036636352539e-01 3.747476637363433838e-02 3.970254957675933838e-02 4.303604736924171448e-02 3.374457955360412598e-01 9.645549058914184570e-01 4.888159036636352539e-01
9.700000000000000000e+03 3.839405998587608337e-02 6.611201912164688110e-02 6.597580760717391968e-02 3.720136582851409912e-01 1.063141584396362305e+00 6.026335358619689941e-01 3.839405998587608337e-02 6.611201912164688110e-02 6.597580760717391968e-02 3.720136582851409912e-01 1.063141584396362305e+00 6.026335358619689941e-01
9.800000000000000000e+03 2.525714784860610962e-02 3.648071363568305969e-02 3.702839836478233337e-02 3.164253830909729004e-01 9.197998046875000000e-01 3.559115231037139893e-01 2.525714784860610962e-02 3.648071363568305969e-02 3.702839836478233337e-02 3.164253830909729004e-01 9.197998046875000000e-01 3.559115231037139893e-01
9.900000000000000000e+03 3.204206377267837524e-02 5.360619723796844482e-02 5.335113033652305603e-02 3.435308039188385010e-01 9.906483888626098633e-01 4.684069156646728516e-01 3.204206377267837524e-02 5.360619723796844482e-02 5.335113033652305603e-02 3.435308039188385010e-01 9.906483888626098633e-01 4.684069156646728516e-01
1.000000000000000000e+04 4.861595109105110168e-02 9.660231322050094604e-02 9.376063197851181030e-02 4.098754227161407471e-01 1.125683784484863281e+00 7.675216197967529297e-01 4.861595109105110168e-02 9.660231322050094604e-02 9.376063197851181030e-02 4.098754227161407471e-01 1.125683784484863281e+00 7.675216197967529297e-01
1.000000000000000000e+04 4.861595109105110168e-02 9.660231322050094604e-02 9.376063197851181030e-02 4.098754227161407471e-01 1.125683784484863281e+00 7.675216197967529297e-01 4.861595109105110168e-02 9.660231322050094604e-02 9.376063197851181030e-02 4.098754227161407471e-01 1.125683784484863281e+00 7.675216197967529297e-01
1.010000000000000000e+04 8.362633176147937775e-03 2.079590968787670135e-02 3.184432908892631531e-02 4.377239048480987549e-01 1.170677304267883301e+00 8.039400577545166016e-01 8.362633176147937775e-03 2.079590968787670135e-02 3.184432908892631531e-02 4.377239048480987549e-01 1.170677304267883301e+00 8.039400577545166016e-01
1.020000000000000000e+04 7.565357256680727005e-03 1.882094517350196838e-02 3.101732768118381500e-02 4.199095368385314941e-01 1.160418510437011719e+00 7.449293136596679688e-01 7.565357256680727005e-03 1.882094517350196838e-02 3.101732768118381500e-02 4.199095368385314941e-01 1.160418510437011719e+00 7.449293136596679688e-01
1.030000000000000000e+04 7.504451088607311249e-03 1.977681741118431091e-02 3.082676418125629425e-02 4.114530682563781738e-01 1.156187295913696289e+00 6.997819542884826660e-01 7.504451088607311249e-03 1.977681741118431091e-02 3.082676418125629425e-02 4.114530682563781738e-01 1.156187295913696289e+00 6.997819542884826660e-01
1.040000000000000000e+04 1.003008801490068436e-02 2.187122404575347900e-02 3.262776508927345276e-02 4.064012467861175537e-01 1.140372037887573242e+00 6.398481726646423340e-01 1.003008801490068436e-02 2.187122404575347900e-02 3.262776508927345276e-02 4.064012467861175537e-01 1.140372037887573242e+00 6.398481726646423340e-01
1.050000000000000000e+04 1.211210526525974274e-02 2.510054036974906921e-02 3.366065770387649536e-02 4.014893174171447754e-01 1.110815167427062988e+00 5.859483480453491211e-01 1.211210526525974274e-02 2.510054036974906921e-02 3.366065770387649536e-02 4.014893174171447754e-01 1.110815167427062988e+00 5.859483480453491211e-01
1.060000000000000000e+04 2.002041414380073547e-02 4.314292967319488525e-02 4.893399402499198914e-02 3.981661498546600342e-01 1.073045134544372559e+00 6.193615198135375977e-01 2.002041414380073547e-02 4.314292967319488525e-02 4.893399402499198914e-02 3.981661498546600342e-01 1.073045134544372559e+00 6.193615198135375977e-01
1.070000000000000000e+04 1.779598742723464966e-02 2.731477096676826477e-02 3.973018750548362732e-02 3.877958357334136963e-01 1.054414868354797363e+00 5.030151009559631348e-01 1.779598742723464966e-02 2.731477096676826477e-02 3.973018750548362732e-02 3.877958357334136963e-01 1.054414868354797363e+00 5.030151009559631348e-01
1.080000000000000000e+04 2.019016444683074951e-02 3.991645202040672302e-02 4.995637387037277222e-02 3.827615380287170410e-01 1.019467949867248535e+00 5.271958112716674805e-01 2.019016444683074951e-02 3.991645202040672302e-02 4.995637387037277222e-02 3.827615380287170410e-01 1.019467949867248535e+00 5.271958112716674805e-01
1.090000000000000000e+04 2.527442947030067444e-02 2.980644255876541138e-02 4.219749942421913147e-02 3.730718791484832764e-01 1.016042709350585938e+00 4.815586507320404053e-01 2.527442947030067444e-02 2.980644255876541138e-02 4.219749942421913147e-02 3.730718791484832764e-01 1.016042709350585938e+00 4.815586507320404053e-01
1.100000000000000000e+04 2.104383893311023712e-02 3.549492359161376953e-02 4.328532516956329346e-02 3.581705987453460693e-01 9.632696509361267090e-01 4.068683385848999023e-01 2.104383893311023712e-02 3.549492359161376953e-02 4.328532516956329346e-02 3.581705987453460693e-01 9.632696509361267090e-01 4.068683385848999023e-01
1.110000000000000000e+04 5.041714757680892944e-02 4.133037477731704712e-02 6.494223326444625854e-02 3.832098245620727539e-01 1.060129880905151367e+00 7.616127133369445801e-01 5.041714757680892944e-02 4.133037477731704712e-02 6.494223326444625854e-02 3.832098245620727539e-01 1.060129880905151367e+00 7.616127133369445801e-01
1.120000000000000000e+04 3.033781796693801880e-02 4.999375715851783752e-02 4.653123393654823303e-02 3.518085181713104248e-01 9.342207908630371094e-01 4.552292525768280029e-01 3.033781796693801880e-02 4.999375715851783752e-02 4.653123393654823303e-02 3.518085181713104248e-01 9.342207908630371094e-01 4.552292525768280029e-01
1.130000000000000000e+04 2.596348710358142853e-02 3.767647966742515564e-02 3.907962143421173096e-02 3.317608833312988281e-01 8.916627764701843262e-01 3.510821461677551270e-01 2.596348710358142853e-02 3.767647966742515564e-02 3.907962143421173096e-02 3.317608833312988281e-01 8.916627764701843262e-01 3.510821461677551270e-01
1.140000000000000000e+04 3.257729485630989075e-02 4.423310607671737671e-02 4.913518950343132019e-02 3.417232930660247803e-01 9.288794398307800293e-01 4.313383698463439941e-01 3.257729485630989075e-02 4.423310607671737671e-02 4.913518950343132019e-02 3.417232930660247803e-01 9.288794398307800293e-01 4.313383698463439941e-01
1.150000000000000000e+04 2.682227827608585358e-02 4.024998843669891357e-02 4.152623191475868225e-02 3.175621330738067627e-01 8.674805760383605957e-01 3.339234888553619385e-01 2.682227827608585358e-02 4.024998843669891357e-02 4.152623191475868225e-02 3.175621330738067627e-01 8.674805760383605957e-01 3.339234888553619385e-01
1.160000000000000000e+04 3.072644025087356567e-02 4.492830112576484680e-02 4.221083968877792358e-02 3.177984654903411865e-01 8.328669667243957520e-01 3.415016829967498779e-01 3.072644025087356567e-02 4.492830112576484680e-02 4.221083968877792358e-02 3.177984654903411865e-01 8.328669667243957520e-01 3.415016829967498779e-01
1.170000000000000000e+04 3.650331124663352966e-02 4.947344958782196045e-02 5.275706201791763306e-02 3.366675674915313721e-01 9.129882454872131348e-01 4.458267092704772949e-01 3.650331124663352966e-02 4.947344958782196045e-02 5.275706201791763306e-02 3.366675674915313721e-01 9.129882454872131348e-01 4.458267092704772949e-01
1.180000000000000000e+04 2.760371193289756775e-02 4.282961785793304443e-02 4.229123145341873169e-02 2.925951480865478516e-01 7.939779162406921387e-01 2.911999523639678955e-01 2.760371193289756775e-02 4.282961785793304443e-02 4.229123145341873169e-02 2.925951480865478516e-01 7.939779162406921387e-01 2.911999523639678955e-01
1.190000000000000000e+04 2.986112982034683228e-02 4.768801853060722351e-02 4.612455517053604126e-02 2.955402135848999023e-01 8.004581928253173828e-01 3.042195439338684082e-01 2.986112982034683228e-02 4.768801853060722351e-02 4.612455517053604126e-02 2.955402135848999023e-01 8.004581928253173828e-01 3.042195439338684082e-01
1.200000000000000000e+04 3.736771643161773682e-02 6.888668984174728394e-02 5.386336147785186768e-02 3.357046842575073242e-01 8.826218843460083008e-01 4.719095826148986816e-01 3.736771643161773682e-02 6.888668984174728394e-02 5.386336147785186768e-02 3.357046842575073242e-01 8.826218843460083008e-01 4.719095826148986816e-01
1.210000000000000000e+04 3.546563163399696350e-02 5.686737596988677979e-02 5.467593669891357422e-02 3.080589473247528076e-01 8.361010551452636719e-01 3.726638257503509521e-01 3.546563163399696350e-02 5.686737596988677979e-02 5.467593669891357422e-02 3.080589473247528076e-01 8.361010551452636719e-01 3.726638257503509521e-01
1.220000000000000000e+04 3.685033321380615234e-02 5.718639492988586426e-02 5.755922198295593262e-02 3.065357506275177002e-01 8.349245786666870117e-01 3.828616440296173096e-01 3.685033321380615234e-02 5.718639492988586426e-02 5.755922198295593262e-02 3.065357506275177002e-01 8.349245786666870117e-01 3.828616440296173096e-01
1.230000000000000000e+04 3.172969073057174683e-02 5.099768564105033875e-02 4.498557001352310181e-02 2.724195122718811035e-01 7.278398871421813965e-01 2.882636189460754395e-01 3.172969073057174683e-02 5.099768564105033875e-02 4.498557001352310181e-02 2.724195122718811035e-01 7.278398871421813965e-01 2.882636189460754395e-01
1.240000000000000000e+04 4.223803058266639709e-02 6.565147638320922852e-02 5.725897848606109619e-02 3.481310904026031494e-01 9.231483936309814453e-01 4.992321729660034180e-01 4.223803058266639709e-02 6.565147638320922852e-02 5.725897848606109619e-02 3.481310904026031494e-01 9.231483936309814453e-01 4.992321729660034180e-01
1.250000000000000000e+04 3.677899017930030823e-02 6.101856380701065063e-02 4.241019114851951599e-02 3.005470931529998779e-01 7.736114263534545898e-01 3.835278153419494629e-01 3.677899017930030823e-02 6.101856380701065063e-02 4.241019114851951599e-02 3.005470931529998779e-01 7.736114263534545898e-01 3.835278153419494629e-01
1.260000000000000000e+04 2.873375639319419861e-02 5.335561931133270264e-02 4.774487391114234924e-02 2.677375674247741699e-01 7.481951713562011719e-01 2.779368162155151367e-01 2.873375639319419861e-02 5.335561931133270264e-02 4.774487391114234924e-02 2.677375674247741699e-01 7.481951713562011719e-01 2.779368162155151367e-01
1.270000000000000000e+04 3.747434169054031372e-02 6.393346190452575684e-02 5.736222863197326660e-02 2.825927734375000000e-01 7.669008374214172363e-01 3.184809088706970215e-01 3.747434169054031372e-02 6.393346190452575684e-02 5.736222863197326660e-02 2.825927734375000000e-01 7.669008374214172363e-01 3.184809088706970215e-01
1.280000000000000000e+04 6.911216676235198975e-02 8.263991028070449829e-02 9.246403723955154419e-02 4.443274438381195068e-01 1.136239528656005859e+00 7.841492891311645508e-01 6.911216676235198975e-02 8.263991028070449829e-02 9.246403723955154419e-02 4.443274438381195068e-01 1.136239528656005859e+00 7.841492891311645508e-01
1.290000000000000000e+04 8.645441383123397827e-02 9.318538010120391846e-02 1.123443990945816040e-01 4.649951457977294922e-01 1.216175556182861328e+00 1.020929217338562012e+00 8.645441383123397827e-02 9.318538010120391846e-02 1.123443990945816040e-01 4.649951457977294922e-01 1.216175556182861328e+00 1.020929217338562012e+00
1.300000000000000000e+04 3.084176778793334961e-02 5.745901539921760559e-02 4.832985252141952515e-02 2.620282769203186035e-01 7.219364047050476074e-01 2.633011639118194580e-01 3.084176778793334961e-02 5.745901539921760559e-02 4.832985252141952515e-02 2.620282769203186035e-01 7.219364047050476074e-01 2.633011639118194580e-01
1.310000000000000000e+04 4.840956628322601318e-02 8.514605462551116943e-02 6.954052299261093140e-02 2.987914085388183594e-01 7.633796334266662598e-01 3.716460466384887695e-01 4.840956628322601318e-02 8.514605462551116943e-02 6.954052299261093140e-02 2.987914085388183594e-01 7.633796334266662598e-01 3.716460466384887695e-01
1.320000000000000000e+04 3.003826551139354706e-02 5.438305810093879700e-02 4.571423679590225220e-02 2.404392212629318237e-01 6.708112955093383789e-01 2.247927039861679077e-01 3.003826551139354706e-02 5.438305810093879700e-02 4.571423679590225220e-02 2.404392212629318237e-01 6.708112955093383789e-01 2.247927039861679077e-01
1.330000000000000000e+04 2.878768369555473328e-02 5.076737329363822937e-02 4.396720230579376221e-02 2.325153201818466187e-01 6.547959446907043457e-01 2.102687060832977295e-01 2.878768369555473328e-02 5.076737329363822937e-02 4.396720230579376221e-02 2.325153201818466187e-01 6.547959446907043457e-01 2.102687060832977295e-01
1.340000000000000000e+04 3.074120916426181793e-02 5.310957506299018860e-02 4.484704881906509399e-02 2.300042659044265747e-01 6.341803669929504395e-01 2.014026194810867310e-01 3.074120916426181793e-02 5.310957506299018860e-02 4.484704881906509399e-02 2.300042659044265747e-01 6.341803669929504395e-01 2.014026194810867310e-01
1.350000000000000000e+04 1.278514135628938675e-02 2.647983841598033905e-02 2.438746020197868347e-02 4.156855940818786621e-01 1.159679293632507324e+00 7.572836875915527344e-01 1.278514135628938675e-02 2.647983841598033905e-02 2.438746020197868347e-02 4.156855940818786621e-01 1.159679293632507324e+00 7.572836875915527344e-01
1.360000000000000000e+04 1.234888471662998199e-02 2.575556188821792603e-02 2.470808476209640503e-02 4.019403755664825439e-01 1.149710178375244141e+00 6.824309825897216797e-01 1.234888471662998199e-02 2.575556188821792603e-02 2.470808476209640503e-02 4.019403755664825439e-01 1.149710178375244141e+00 6.824309825897216797e-01
1.370000000000000000e+04 1.372524723410606384e-02 2.665817178785800934e-02 2.949531562626361847e-02 3.940986692905426025e-01 1.131543397903442383e+00 6.011155843734741211e-01 1.372524723410606384e-02 2.665817178785800934e-02 2.949531562626361847e-02 3.940986692905426025e-01 1.131543397903442383e+00 6.011155843734741211e-01
1.380000000000000000e+04 1.567328162491321564e-02 2.875654958188533783e-02 3.056742250919342041e-02 3.840739130973815918e-01 1.098165392875671387e+00 5.347290039062500000e-01 1.567328162491321564e-02 2.875654958188533783e-02 3.056742250919342041e-02 3.840739130973815918e-01 1.098165392875671387e+00 5.347290039062500000e-01
1.390000000000000000e+04 2.114916592836380005e-02 3.722949326038360596e-02 3.497414663434028625e-02 3.661252558231353760e-01 1.039995551109313965e+00 4.906973242759704590e-01 2.114916592836380005e-02 3.722949326038360596e-02 3.497414663434028625e-02 3.661252558231353760e-01 1.039995551109313965e+00 4.906973242759704590e-01
1.400000000000000000e+04 2.762413956224918365e-02 4.201545566320419312e-02 4.209208488464355469e-02 3.452401757240295410e-01 9.627691507339477539e-01 4.442110359668731689e-01 2.762413956224918365e-02 4.201545566320419312e-02 4.209208488464355469e-02 3.452401757240295410e-01 9.627691507339477539e-01 4.442110359668731689e-01
1.410000000000000000e+04 3.053907863795757294e-02 4.512481391429901123e-02 4.877768456935882568e-02 3.247850537300109863e-01 8.893079757690429688e-01 3.964424431324005127e-01 3.053907863795757294e-02 4.512481391429901123e-02 4.877768456935882568e-02 3.247850537300109863e-01 8.893079757690429688e-01 3.964424431324005127e-01
1.420000000000000000e+04 3.119953908026218414e-02 4.411183297634124756e-02 4.851470142602920532e-02 3.083750903606414795e-01 8.412210941314697266e-01 3.636769652366638184e-01 3.119953908026218414e-02 4.411183297634124756e-02 4.851470142602920532e-02 3.083750903606414795e-01 8.412210941314697266e-01 3.636769652366638184e-01
1.430000000000000000e+04 3.458994254469871521e-02 4.230067878961563110e-02 5.051011964678764343e-02 2.959025204181671143e-01 8.026555180549621582e-01 3.408354818820953369e-01 3.458994254469871521e-02 4.230067878961563110e-02 5.051011964678764343e-02 2.959025204181671143e-01 8.026555180549621582e-01 3.408354818820953369e-01
1.440000000000000000e+04 3.548978269100189209e-02 5.432857573032379150e-02 5.018180981278419495e-02 2.961194217205047607e-01 7.877061367034912109e-01 3.950586318969726562e-01 3.548978269100189209e-02 5.432857573032379150e-02 5.018180981278419495e-02 2.961194217205047607e-01 7.877061367034912109e-01 3.950586318969726562e-01
1.450000000000000000e+04 3.224942833185195923e-02 4.650680720806121826e-02 4.541745036840438843e-02 2.875959873199462891e-01 7.657920122146606445e-01 3.410136699676513672e-01 3.224942833185195923e-02 4.650680720806121826e-02 4.541745036840438843e-02 2.875959873199462891e-01 7.657920122146606445e-01 3.410136699676513672e-01
1.460000000000000000e+04 3.283314406871795654e-02 4.208138585090637207e-02 4.951729625463485718e-02 3.227582871913909912e-01 8.625377416610717773e-01 4.020341038703918457e-01 3.283314406871795654e-02 4.208138585090637207e-02 4.951729625463485718e-02 3.227582871913909912e-01 8.625377416610717773e-01 4.020341038703918457e-01
1.470000000000000000e+04 3.128854185342788696e-02 5.074560642242431641e-02 4.983640834689140320e-02 2.736823260784149170e-01 7.373100519180297852e-01 3.135247230529785156e-01 3.128854185342788696e-02 5.074560642242431641e-02 4.983640834689140320e-02 2.736823260784149170e-01 7.373100519180297852e-01 3.135247230529785156e-01
1.480000000000000000e+04 3.531420975923538208e-02 4.977167770266532898e-02 5.630470439791679382e-02 2.870152592658996582e-01 7.840308547019958496e-01 3.352707922458648682e-01 3.531420975923538208e-02 4.977167770266532898e-02 5.630470439791679382e-02 2.870152592658996582e-01 7.840308547019958496e-01 3.352707922458648682e-01
1.490000000000000000e+04 3.445928543806076050e-02 5.355704203248023987e-02 4.108168557286262512e-02 2.990989983081817627e-01 7.794898748397827148e-01 3.804208636283874512e-01 3.445928543806076050e-02 5.355704203248023987e-02 4.108168557286262512e-02 2.990989983081817627e-01 7.794898748397827148e-01 3.804208636283874512e-01
1.500000000000000000e+04 7.165937125682830811e-02 8.819127827882766724e-02 8.085736632347106934e-02 3.704425096511840820e-01 9.240585565567016602e-01 6.787654757499694824e-01 7.165937125682830811e-02 8.819127827882766724e-02 8.085736632347106934e-02 3.704425096511840820e-01 9.240585565567016602e-01 6.787654757499694824e-01
1.510000000000000000e+04 4.130996763706207275e-02 6.794219464063644409e-02 6.187689676880836487e-02 3.142701089382171631e-01 7.724052667617797852e-01 4.063566029071807861e-01 4.130996763706207275e-02 6.794219464063644409e-02 6.187689676880836487e-02 3.142701089382171631e-01 7.724052667617797852e-01 4.063566029071807861e-01
1.520000000000000000e+04 8.134257048368453979e-02 6.120809540152549744e-02 6.231706589460372925e-02 3.159340620040893555e-01 8.523219823837280273e-01 5.950727462768554688e-01 8.134257048368453979e-02 6.120809540152549744e-02 6.231706589460372925e-02 3.159340620040893555e-01 8.523219823837280273e-01 5.950727462768554688e-01
1.530000000000000000e+04 3.177880123257637024e-02 5.145005881786346436e-02 4.883025959134101868e-02 2.677780687808990479e-01 7.221174240112304688e-01 3.146951198577880859e-01 3.177880123257637024e-02 5.145005881786346436e-02 4.883025959134101868e-02 2.677780687808990479e-01 7.221174240112304688e-01 3.146951198577880859e-01
1.540000000000000000e+04 2.879602275788784027e-02 4.344265908002853394e-02 4.285974428057670593e-02 2.475413084030151367e-01 6.914656162261962891e-01 2.613787353038787842e-01 2.879602275788784027e-02 4.344265908002853394e-02 4.285974428057670593e-02 2.475413084030151367e-01 6.914656162261962891e-01 2.613787353038787842e-01
1.550000000000000000e+04 3.088241070508956909e-02 5.392369627952575684e-02 3.890656307339668274e-02 2.606811523437500000e-01 7.291583418846130371e-01 3.241810500621795654e-01 3.088241070508956909e-02 5.392369627952575684e-02 3.890656307339668274e-02 2.606811523437500000e-01 7.291583418846130371e-01 3.241810500621795654e-01
1.560000000000000000e+04 3.003694303333759308e-02 4.779947176575660706e-02 4.593118280172348022e-02 2.962012887001037598e-01 7.991266846656799316e-01 3.391892313957214355e-01 3.003694303333759308e-02 4.779947176575660706e-02 4.593118280172348022e-02 2.962012887001037598e-01 7.991266846656799316e-01 3.391892313957214355e-01
1.570000000000000000e+04 3.207246214151382446e-02 4.905365034937858582e-02 4.952699691057205200e-02 2.350930571556091309e-01 6.734476089477539062e-01 2.480878978967666626e-01 3.207246214151382446e-02 4.905365034937858582e-02 4.952699691057205200e-02 2.350930571556091309e-01 6.734476089477539062e-01 2.480878978967666626e-01
1.580000000000000000e+04 3.010638430714607239e-02 4.965363442897796631e-02 4.528090357780456543e-02 2.345910817384719849e-01 6.713901162147521973e-01 2.493980675935745239e-01 3.010638430714607239e-02 4.965363442897796631e-02 4.528090357780456543e-02 2.345910817384719849e-01 6.713901162147521973e-01 2.493980675935745239e-01
1.590000000000000000e+04 5.741231143474578857e-02 7.475154101848602295e-02 5.643784627318382263e-02 3.790032267570495605e-01 9.312531948089599609e-01 5.745511651039123535e-01 5.741231143474578857e-02 7.475154101848602295e-02 5.643784627318382263e-02 3.790032267570495605e-01 9.312531948089599609e-01 5.745511651039123535e-01
1.600000000000000000e+04 3.556451573967933655e-02 6.002608314156532288e-02 5.444411188364028931e-02 2.797884941101074219e-01 7.525731325149536133e-01 3.528815209865570068e-01 3.556451573967933655e-02 6.002608314156532288e-02 5.444411188364028931e-02 2.797884941101074219e-01 7.525731325149536133e-01 3.528815209865570068e-01
1.610000000000000000e+04 3.257711231708526611e-02 5.555088445544242859e-02 4.937671497464179993e-02 2.434259802103042603e-01 6.508521437644958496e-01 2.682808041572570801e-01 3.257711231708526611e-02 5.555088445544242859e-02 4.937671497464179993e-02 2.434259802103042603e-01 6.508521437644958496e-01 2.682808041572570801e-01
1.620000000000000000e+04 2.861558645963668823e-02 4.826799407601356506e-02 4.187420010566711426e-02 2.245146185159683228e-01 6.463164687156677246e-01 2.303071618080139160e-01 2.861558645963668823e-02 4.826799407601356506e-02 4.187420010566711426e-02 2.245146185159683228e-01 6.463164687156677246e-01 2.303071618080139160e-01
1.630000000000000000e+04 4.904106259346008301e-02 5.776454135775566101e-02 5.277035757899284363e-02 2.561591565608978271e-01 7.297510504722595215e-01 3.390349447727203369e-01 4.904106259346008301e-02 5.776454135775566101e-02 5.277035757899284363e-02 2.561591565608978271e-01 7.297510504722595215e-01 3.390349447727203369e-01
1.640000000000000000e+04 4.683327674865722656e-02 6.266854703426361084e-02 5.750773474574089050e-02 2.865299582481384277e-01 7.101331353187561035e-01 3.451091349124908447e-01 4.683327674865722656e-02 6.266854703426361084e-02 5.750773474574089050e-02 2.865299582481384277e-01 7.101331353187561035e-01 3.451091349124908447e-01
1.650000000000000000e+04 4.512070491909980774e-02 7.143946737051010132e-02 6.454426050186157227e-02 3.282790482044219971e-01 8.434020876884460449e-01 4.512463510036468506e-01 4.512070491909980774e-02 7.143946737051010132e-02 6.454426050186157227e-02 3.282790482044219971e-01 8.434020876884460449e-01 4.512463510036468506e-01
1.660000000000000000e+04 3.436841070652008057e-02 6.572046875953674316e-02 5.257663130760192871e-02 2.430307567119598389e-01 6.277680397033691406e-01 3.147183954715728760e-01 3.436841070652008057e-02 6.572046875953674316e-02 5.257663130760192871e-02 2.430307567119598389e-01 6.277680397033691406e-01 3.147183954715728760e-01
1.670000000000000000e+04 3.589216619729995728e-02 6.489267200231552124e-02 5.239805206656455994e-02 2.518172264099121094e-01 6.507467031478881836e-01 3.007130026817321777e-01 3.589216619729995728e-02 6.489267200231552124e-02 5.239805206656455994e-02 2.518172264099121094e-01 6.507467031478881836e-01 3.007130026817321777e-01
1.680000000000000000e+04 3.028010390698909760e-02 5.476447939872741699e-02 4.305250942707061768e-02 2.216425538063049316e-01 6.043756008148193359e-01 2.374765723943710327e-01 3.028010390698909760e-02 5.476447939872741699e-02 4.305250942707061768e-02 2.216425538063049316e-01 6.043756008148193359e-01 2.374765723943710327e-01
1.690000000000000000e+04 4.325669258832931519e-02 7.201983779668807983e-02 6.024770811200141907e-02 3.107744157314300537e-01 7.971843481063842773e-01 4.254869222640991211e-01 4.325669258832931519e-02 7.201983779668807983e-02 6.024770811200141907e-02 3.107744157314300537e-01 7.971843481063842773e-01 4.254869222640991211e-01
1.700000000000000000e+04 3.230591863393783569e-02 6.447345018386840820e-02 5.050877481698989868e-02 2.274179160594940186e-01 6.369518041610717773e-01 2.482328116893768311e-01 3.230591863393783569e-02 6.447345018386840820e-02 5.050877481698989868e-02 2.274179160594940186e-01 6.369518041610717773e-01 2.482328116893768311e-01
1.710000000000000000e+04 3.190938383340835571e-02 5.288193747401237488e-02 4.373250529170036316e-02 2.179454416036605835e-01 5.862984657287597656e-01 2.230162620544433594e-01 3.190938383340835571e-02 5.288193747401237488e-02 4.373250529170036316e-02 2.179454416036605835e-01 5.862984657287597656e-01 2.230162620544433594e-01
1.720000000000000000e+04 2.870829403400421143e-02 5.447296798229217529e-02 4.377707466483116150e-02 2.037309706211090088e-01 5.841015577316284180e-01 1.978170871734619141e-01 2.870829403400421143e-02 5.447296798229217529e-02 4.377707466483116150e-02 2.037309706211090088e-01 5.841015577316284180e-01 1.978170871734619141e-01
1.730000000000000000e+04 3.301966562867164612e-02 5.240799114108085632e-02 4.390986263751983643e-02 1.970883160829544067e-01 5.474852323532104492e-01 1.840479075908660889e-01 3.301966562867164612e-02 5.240799114108085632e-02 4.390986263751983643e-02 1.970883160829544067e-01 5.474852323532104492e-01 1.840479075908660889e-01
1.740000000000000000e+04 3.291524946689605713e-02 6.086129322648048401e-02 4.926474019885063171e-02 2.213916629552841187e-01 6.125802397727966309e-01 2.273158580064773560e-01 3.291524946689605713e-02 6.086129322648048401e-02 4.926474019885063171e-02 2.213916629552841187e-01 6.125802397727966309e-01 2.273158580064773560e-01
1.750000000000000000e+04 3.572333976626396179e-02 6.553248316049575806e-02 5.273245647549629211e-02 2.419270873069763184e-01 6.529039144515991211e-01 2.712023258209228516e-01 3.572333976626396179e-02 6.553248316049575806e-02 5.273245647549629211e-02 2.419270873069763184e-01 6.529039144515991211e-01 2.712023258209228516e-01
1.760000000000000000e+04 3.544217720627784729e-02 6.386686861515045166e-02 5.334614589810371399e-02 2.287986129522323608e-01 6.182889342308044434e-01 2.379407733678817749e-01 3.544217720627784729e-02 6.386686861515045166e-02 5.334614589810371399e-02 2.287986129522323608e-01 6.182889342308044434e-01 2.379407733678817749e-01
1.770000000000000000e+04 3.571916371583938599e-02 5.258357152342796326e-02 4.021387919783592224e-02 2.251082509756088257e-01 5.878386497497558594e-01 2.059360593557357788e-01 3.571916371583938599e-02 5.258357152342796326e-02 4.021387919783592224e-02 2.251082509756088257e-01 5.878386497497558594e-01 2.059360593557357788e-01
1.780000000000000000e+04 4.549207165837287903e-02 6.940319389104843140e-02 6.611285358667373657e-02 2.644768059253692627e-01 6.460173726081848145e-01 3.155440688133239746e-01 4.549207165837287903e-02 6.940319389104843140e-02 6.611285358667373657e-02 2.644768059253692627e-01 6.460173726081848145e-01 3.155440688133239746e-01
1.790000000000000000e+04 3.215449675917625427e-02 5.510493367910385132e-02 4.418945312500000000e-02 1.883650422096252441e-01 5.194134712219238281e-01 1.665521413087844849e-01 3.215449675917625427e-02 5.510493367910385132e-02 4.418945312500000000e-02 1.883650422096252441e-01 5.194134712219238281e-01 1.665521413087844849e-01
1.800000000000000000e+04 3.363295644521713257e-02 6.184160336852073669e-02 4.741892218589782715e-02 2.039019763469696045e-01 5.608319044113159180e-01 2.003414928913116455e-01 3.363295644521713257e-02 6.184160336852073669e-02 4.741892218589782715e-02 2.039019763469696045e-01 5.608319044113159180e-01 2.003414928913116455e-01
1.810000000000000000e+04 3.492942452430725098e-02 6.944735348224639893e-02 5.401134490966796875e-02 2.203240990638732910e-01 6.045821309089660645e-01 2.387243062257766724e-01 3.492942452430725098e-02 6.944735348224639893e-02 5.401134490966796875e-02 2.203240990638732910e-01 6.045821309089660645e-01 2.387243062257766724e-01
1.820000000000000000e+04 3.534149006009101868e-02 6.895375251770019531e-02 5.338949337601661682e-02 2.192790955305099487e-01 5.953230261802673340e-01 2.324505597352981567e-01 3.534149006009101868e-02 6.895375251770019531e-02 5.338949337601661682e-02 2.192790955305099487e-01 5.953230261802673340e-01 2.324505597352981567e-01
1.830000000000000000e+04 3.620595484972000122e-02 6.991164386272430420e-02 5.504916235804557800e-02 2.252018451690673828e-01 6.074671149253845215e-01 2.463045418262481689e-01 3.620595484972000122e-02 6.991164386272430420e-02 5.504916235804557800e-02 2.252018451690673828e-01 6.074671149253845215e-01 2.463045418262481689e-01
1.840000000000000000e+04 3.311552852392196655e-02 6.282380968332290649e-02 4.833082109689712524e-02 1.930667608976364136e-01 5.314972996711730957e-01 1.805016845464706421e-01 3.311552852392196655e-02 6.282380968332290649e-02 4.833082109689712524e-02 1.930667608976364136e-01 5.314972996711730957e-01 1.805016845464706421e-01
1.850000000000000000e+04 3.247867897152900696e-02 5.549359321594238281e-02 4.493414238095283508e-02 1.775625795125961304e-01 4.821728467941284180e-01 1.481607258319854736e-01 3.247867897152900696e-02 5.549359321594238281e-02 4.493414238095283508e-02 1.775625795125961304e-01 4.821728467941284180e-01 1.481607258319854736e-01
1.860000000000000000e+04 3.452460840344429016e-02 5.387833714485168457e-02 4.854324460029602051e-02 2.008473277091979980e-01 4.918875694274902344e-01 1.804804056882858276e-01 3.452460840344429016e-02 5.387833714485168457e-02 4.854324460029602051e-02 2.008473277091979980e-01 4.918875694274902344e-01 1.804804056882858276e-01
1.870000000000000000e+04 4.114416986703872681e-02 6.873092800378799438e-02 6.186759471893310547e-02 2.689265012741088867e-01 6.007593274116516113e-01 2.953752279281616211e-01 4.114416986703872681e-02 6.873092800378799438e-02 6.186759471893310547e-02 2.689265012741088867e-01 6.007593274116516113e-01 2.953752279281616211e-01
1.880000000000000000e+04 3.486315906047821045e-02 6.637313961982727051e-02 5.519248545169830322e-02 2.170632034540176392e-01 5.218873023986816406e-01 2.080408632755279541e-01 3.486315906047821045e-02 6.637313961982727051e-02 5.519248545169830322e-02 2.170632034540176392e-01 5.218873023986816406e-01 2.080408632755279541e-01
1.890000000000000000e+04 3.256661444902420044e-02 5.425348132848739624e-02 4.567632824182510376e-02 1.744829863309860229e-01 4.652908146381378174e-01 1.387006789445877075e-01 3.256661444902420044e-02 5.425348132848739624e-02 4.567632824182510376e-02 1.744829863309860229e-01 4.652908146381378174e-01 1.387006789445877075e-01
1.900000000000000000e+04 3.435079008340835571e-02 5.555864423513412476e-02 4.781780391931533813e-02 1.906955987215042114e-01 4.690913558006286621e-01 1.688208878040313721e-01 3.435079008340835571e-02 5.555864423513412476e-02 4.781780391931533813e-02 1.906955987215042114e-01 4.690913558006286621e-01 1.688208878040313721e-01
1.910000000000000000e+04 3.299446403980255127e-02 5.450141802430152893e-02 4.827199131250381470e-02 1.799197196960449219e-01 4.739943146705627441e-01 1.407711058855056763e-01 3.299446403980255127e-02 5.450141802430152893e-02 4.827199131250381470e-02 1.799197196960449219e-01 4.739943146705627441e-01 1.407711058855056763e-01
1.920000000000000000e+04 3.158194199204444885e-02 5.761291459202766418e-02 4.703373834490776062e-02 1.801362037658691406e-01 4.593821465969085693e-01 1.522865891456604004e-01 3.158194199204444885e-02 5.761291459202766418e-02 4.703373834490776062e-02 1.801362037658691406e-01 4.593821465969085693e-01 1.522865891456604004e-01
1.930000000000000000e+04 4.197053983807563782e-02 7.012578845024108887e-02 6.248987093567848206e-02 2.575460672378540039e-01 5.645927786827087402e-01 2.705695927143096924e-01 4.197053983807563782e-02 7.012578845024108887e-02 6.248987093567848206e-02 2.575460672378540039e-01 5.645927786827087402e-01 2.705695927143096924e-01
1.940000000000000000e+04 4.090369120240211487e-02 6.658543646335601807e-02 6.022003293037414551e-02 2.358336150646209717e-01 6.089918017387390137e-01 2.591270506381988525e-01 4.090369120240211487e-02 6.658543646335601807e-02 6.022003293037414551e-02 2.358336150646209717e-01 6.089918017387390137e-01 2.591270506381988525e-01
1.950000000000000000e+04 2.904748357832431793e-02 5.024025589227676392e-02 4.251779988408088684e-02 1.721446514129638672e-01 4.628901481628417969e-01 1.305466592311859131e-01 2.904748357832431793e-02 5.024025589227676392e-02 4.251779988408088684e-02 1.721446514129638672e-01 4.628901481628417969e-01 1.305466592311859131e-01
1.960000000000000000e+04 4.259031265974044800e-02 7.074796408414840698e-02 6.573795527219772339e-02 2.511934638023376465e-01 6.516810059547424316e-01 3.035270869731903076e-01 4.259031265974044800e-02 7.074796408414840698e-02 6.573795527219772339e-02 2.511934638023376465e-01 6.516810059547424316e-01 3.035270869731903076e-01
1.970000000000000000e+04 3.649653866887092590e-02 6.759317219257354736e-02 6.073471903800964355e-02 2.179661542177200317e-01 5.832959413528442383e-01 2.452557832002639771e-01 3.649653866887092590e-02 6.759317219257354736e-02 6.073471903800964355e-02 2.179661542177200317e-01 5.832959413528442383e-01 2.452557832002639771e-01
1.980000000000000000e+04 3.558387234807014465e-02 6.864114850759506226e-02 5.776899680495262146e-02 2.142395526170730591e-01 5.728631615638732910e-01 2.335897088050842285e-01 3.558387234807014465e-02 6.864114850759506226e-02 5.776899680495262146e-02 2.142395526170730591e-01 5.728631615638732910e-01 2.335897088050842285e-01
1.990000000000000000e+04 1.110153794288635254e-01 8.823905885219573975e-02 1.054676473140716553e-01 6.002557873725891113e-01 1.358537793159484863e+00 9.905377626419067383e-01 1.110153794288635254e-01 8.823905885219573975e-02 1.054676473140716553e-01 6.002557873725891113e-01 1.358537793159484863e+00 9.905377626419067383e-01
2.000000000000000000e+04 3.585924208164215088e-02 5.943350866436958313e-02 5.601557716727256775e-02 2.144494503736495972e-01 5.561742186546325684e-01 2.123162448406219482e-01 3.585924208164215088e-02 5.943350866436958313e-02 5.601557716727256775e-02 2.144494503736495972e-01 5.561742186546325684e-01 2.123162448406219482e-01
2.000000000000000000e+04 3.585924208164215088e-02 5.943350866436958313e-02 5.601557716727256775e-02 2.144494503736495972e-01 5.561742186546325684e-01 2.123162448406219482e-01 3.585924208164215088e-02 5.943350866436958313e-02 5.601557716727256775e-02 2.144494503736495972e-01 5.561742186546325684e-01 2.123162448406219482e-01
2.010000000000000000e+04 2.985880337655544281e-02 5.009770393371582031e-02 4.517932981252670288e-02 1.569281965494155884e-01 4.114903211593627930e-01 1.122474297881126404e-01 2.985880337655544281e-02 5.009770393371582031e-02 4.517932981252670288e-02 1.569281965494155884e-01 4.114903211593627930e-01 1.122474297881126404e-01
2.020000000000000000e+04 3.098925203084945679e-02 5.134779587388038635e-02 4.834908992052078247e-02 1.520110964775085449e-01 3.958804905414581299e-01 1.077999770641326904e-01 3.098925203084945679e-02 5.134779587388038635e-02 4.834908992052078247e-02 1.520110964775085449e-01 3.958804905414581299e-01 1.077999770641326904e-01
2.030000000000000000e+04 3.188258782029151917e-02 5.167232826352119446e-02 5.040609464049339294e-02 1.480681300163269043e-01 3.838703632354736328e-01 1.036486178636550903e-01 3.188258782029151917e-02 5.167232826352119446e-02 5.040609464049339294e-02 1.480681300163269043e-01 3.838703632354736328e-01 1.036486178636550903e-01
2.040000000000000000e+04 3.261300921440124512e-02 5.156126618385314941e-02 5.183250457048416138e-02 1.449074745178222656e-01 3.737969398498535156e-01 9.968348592519760132e-02 3.261300921440124512e-02 5.156126618385314941e-02 5.183250457048416138e-02 1.449074745178222656e-01 3.737969398498535156e-01 9.968348592519760132e-02
2.050000000000000000e+04 3.311160951852798462e-02 5.118327215313911438e-02 5.285618454217910767e-02 1.423157602548599243e-01 3.649364709854125977e-01 9.588904678821563721e-02 3.311160951852798462e-02 5.118327215313911438e-02 5.285618454217910767e-02 1.423157602548599243e-01 3.649364709854125977e-01 9.588904678821563721e-02
2.060000000000000000e+04 3.342708572745323181e-02 5.061595141887664795e-02 5.351090431213378906e-02 1.401047110557556152e-01 3.569840788841247559e-01 9.226144105195999146e-02 3.342708572745323181e-02 5.061595141887664795e-02 5.351090431213378906e-02 1.401047110557556152e-01 3.569840788841247559e-01 9.226144105195999146e-02
2.070000000000000000e+04 3.339149802923202515e-02 5.009628459811210632e-02 5.375140160322189331e-02 1.378258615732192993e-01 3.520980775356292725e-01 8.924306184053421021e-02 3.339149802923202515e-02 5.009628459811210632e-02 5.375140160322189331e-02 1.378258615732192993e-01 3.520980775356292725e-01 8.924306184053421021e-02
2.080000000000000000e+04 3.362615033984184265e-02 5.034115910530090332e-02 5.458709597587585449e-02 1.360958963632583618e-01 3.486056327819824219e-01 8.746606856584548950e-02 3.362615033984184265e-02 5.034115910530090332e-02 5.458709597587585449e-02 1.360958963632583618e-01 3.486056327819824219e-01 8.746606856584548950e-02
2.090000000000000000e+04 3.357975184917449951e-02 4.875655099749565125e-02 5.397230014204978943e-02 1.360695213079452515e-01 3.382675647735595703e-01 8.373219519853591919e-02 3.357975184917449951e-02 4.875655099749565125e-02 5.397230014204978943e-02 1.360695213079452515e-01 3.382675647735595703e-01 8.373219519853591919e-02
2.100000000000000000e+04 3.340472280979156494e-02 4.815801233053207397e-02 5.386957526206970215e-02 1.342137604951858521e-01 3.337759375572204590e-01 8.108565211296081543e-02 3.340472280979156494e-02 4.815801233053207397e-02 5.386957526206970215e-02 1.342137604951858521e-01 3.337759375572204590e-01 8.108565211296081543e-02
2.110000000000000000e+04 3.326488658785820007e-02 4.760415852069854736e-02 5.377281084656715393e-02 1.330011636018753052e-01 3.292879760265350342e-01 7.883057743310928345e-02 3.326488658785820007e-02 4.760415852069854736e-02 5.377281084656715393e-02 1.330011636018753052e-01 3.292879760265350342e-01 7.883057743310928345e-02
2.120000000000000000e+04 3.360952436923980713e-02 4.918076843023300171e-02 5.509034171700477600e-02 1.313225775957107544e-01 3.306835293769836426e-01 7.887829095125198364e-02 3.360952436923980713e-02 4.918076843023300171e-02 5.509034171700477600e-02 1.313225775957107544e-01 3.306835293769836426e-01 7.887829095125198364e-02
2.130000000000000000e+04 3.332482278347015381e-02 4.711201041936874390e-02 5.374120548367500305e-02 1.329054385423660278e-01 3.201144337654113770e-01 7.608712464570999146e-02 3.332482278347015381e-02 4.711201041936874390e-02 5.374120548367500305e-02 1.329054385423660278e-01 3.201144337654113770e-01 7.608712464570999146e-02
2.140000000000000000e+04 3.315711766481399536e-02 4.677621275186538696e-02 5.353325977921485901e-02 1.321631669998168945e-01 3.164590895175933838e-01 7.452157884836196899e-02 3.315711766481399536e-02 4.677621275186538696e-02 5.353325977921485901e-02 1.321631669998168945e-01 3.164590895175933838e-01 7.452157884836196899e-02
2.150000000000000000e+04 3.277422115206718445e-02 4.575688391923904419e-02 5.296380072832107544e-02 1.299934983253479004e-01 3.129357397556304932e-01 7.182805240154266357e-02 3.277422115206718445e-02 4.575688391923904419e-02 5.296380072832107544e-02 1.299934983253479004e-01 3.129357397556304932e-01 7.182805240154266357e-02
2.160000000000000000e+04 3.269595652818679810e-02 4.599300771951675415e-02 5.328698083758354187e-02 1.274423450231552124e-01 3.122509121894836426e-01 7.023683190345764160e-02 3.269595652818679810e-02 4.599300771951675415e-02 5.328698083758354187e-02 1.274423450231552124e-01 3.122509121894836426e-01 7.023683190345764160e-02
2.170000000000000000e+04 3.267877921462059021e-02 4.598844423890113831e-02 5.335106700658798218e-02 1.267303824424743652e-01 3.099047243595123291e-01 6.923082470893859863e-02 3.267877921462059021e-02 4.598844423890113831e-02 5.335106700658798218e-02 1.267303824424743652e-01 3.099047243595123291e-01 6.923082470893859863e-02
2.180000000000000000e+04 3.331583365797996521e-02 4.808431118726730347e-02 5.488706752657890320e-02 1.264917105436325073e-01 3.126098811626434326e-01 7.065486907958984375e-02 3.331583365797996521e-02 4.808431118726730347e-02 5.488706752657890320e-02 1.264917105436325073e-01 3.126098811626434326e-01 7.065486907958984375e-02
2.190000000000000000e+04 3.280195221304893494e-02 4.602215811610221863e-02 5.289838835597038269e-02 1.296468824148178101e-01 3.005206584930419922e-01 6.886378675699234009e-02 3.280195221304893494e-02 4.602215811610221863e-02 5.289838835597038269e-02 1.296468824148178101e-01 3.005206584930419922e-01 6.886378675699234009e-02
2.200000000000000000e+04 3.219715505838394165e-02 4.486636072397232056e-02 5.258895084261894226e-02 1.244948729872703552e-01 3.008133172988891602e-01 6.527178734540939331e-02 3.219715505838394165e-02 4.486636072397232056e-02 5.258895084261894226e-02 1.244948729872703552e-01 3.008133172988891602e-01 6.527178734540939331e-02
2.210000000000000000e+04 3.273433446884155273e-02 4.650522395968437195e-02 5.381312966346740723e-02 1.239147335290908813e-01 3.011292517185211182e-01 6.597033888101577759e-02 3.273433446884155273e-02 4.650522395968437195e-02 5.381312966346740723e-02 1.239147335290908813e-01 3.011292517185211182e-01 6.597033888101577759e-02
2.220000000000000000e+04 3.220374882221221924e-02 4.429119080305099487e-02 5.164691433310508728e-02 1.273410320281982422e-01 2.923482656478881836e-01 6.491858512163162231e-02 3.220374882221221924e-02 4.429119080305099487e-02 5.164691433310508728e-02 1.273410320281982422e-01 2.923482656478881836e-01 6.491858512163162231e-02
2.230000000000000000e+04 3.184195607900619507e-02 4.387706890702247620e-02 5.178003758192062378e-02 1.225359290838241577e-01 2.927886843681335449e-01 6.204968318343162537e-02 3.184195607900619507e-02 4.387706890702247620e-02 5.178003758192062378e-02 1.225359290838241577e-01 2.927886843681335449e-01 6.204968318343162537e-02
2.240000000000000000e+04 3.442340716719627380e-02 5.079775676131248474e-02 5.566017702221870422e-02 1.319574564695358276e-01 2.915858626365661621e-01 7.095336914062500000e-02 3.442340716719627380e-02 5.079775676131248474e-02 5.566017702221870422e-02 1.319574564695358276e-01 2.915858626365661621e-01 7.095336914062500000e-02
2.250000000000000000e+04 3.140466287732124329e-02 4.187345504760742188e-02 4.983226954936981201e-02 1.230619028210639954e-01 2.851130962371826172e-01 5.991324037313461304e-02 3.140466287732124329e-02 4.187345504760742188e-02 4.983226954936981201e-02 1.230619028210639954e-01 2.851130962371826172e-01 5.991324037313461304e-02
2.260000000000000000e+04 3.233968839049339294e-02 4.489932209253311157e-02 5.184093490242958069e-02 1.260024160146713257e-01 2.829686403274536133e-01 6.277828663587570190e-02 3.233968839049339294e-02 4.489932209253311157e-02 5.184093490242958069e-02 1.260024160146713257e-01 2.829686403274536133e-01 6.277828663587570190e-02
2.270000000000000000e+04 3.105793707072734833e-02 4.171182960271835327e-02 4.995405301451683044e-02 1.205654442310333252e-01 2.809666693210601807e-01 5.772356316447257996e-02 3.105793707072734833e-02 4.171182960271835327e-02 4.995405301451683044e-02 1.205654442310333252e-01 2.809666693210601807e-01 5.772356316447257996e-02
2.280000000000000000e+04 3.097629733383655548e-02 4.117098450660705566e-02 4.932859539985656738e-02 1.207106783986091614e-01 2.782726883888244629e-01 5.711959302425384521e-02 3.097629733383655548e-02 4.117098450660705566e-02 4.932859539985656738e-02 1.207106783986091614e-01 2.782726883888244629e-01 5.711959302425384521e-02
2.290000000000000000e+04 3.200235590338706970e-02 4.465422034263610840e-02 5.214578658342361450e-02 1.192160174250602722e-01 2.830990552902221680e-01 5.917083099484443665e-02 3.200235590338706970e-02 4.465422034263610840e-02 5.214578658342361450e-02 1.192160174250602722e-01 2.830990552902221680e-01 5.917083099484443665e-02
2.300000000000000000e+04 3.152373060584068298e-02 4.341824352741241455e-02 5.124552547931671143e-02 1.183601096272468567e-01 2.791200280189514160e-01 5.742644518613815308e-02 3.152373060584068298e-02 4.341824352741241455e-02 5.124552547931671143e-02 1.183601096272468567e-01 2.791200280189514160e-01 5.742644518613815308e-02
2.310000000000000000e+04 3.063726425170898438e-02 4.040680825710296631e-02 4.881937801837921143e-02 1.189967021346092224e-01 2.719331681728363037e-01 5.486114323139190674e-02 3.063726425170898438e-02 4.040680825710296631e-02 4.881937801837921143e-02 1.189967021346092224e-01 2.719331681728363037e-01 5.486114323139190674e-02
2.320000000000000000e+04 3.063287027180194855e-02 4.040027037262916565e-02 4.880152642726898193e-02 1.178336516022682190e-01 2.719277441501617432e-01 5.429401993751525879e-02 3.063287027180194855e-02 4.040027037262916565e-02 4.880152642726898193e-02 1.178336516022682190e-01 2.719277441501617432e-01 5.429401993751525879e-02
2.330000000000000000e+04 3.058524616062641144e-02 4.038355499505996704e-02 4.886393621563911438e-02 1.172704771161079407e-01 2.700553834438323975e-01 5.377314612269401550e-02 3.058524616062641144e-02 4.038355499505996704e-02 4.886393621563911438e-02 1.172704771161079407e-01 2.700553834438323975e-01 5.377314612269401550e-02
2.340000000000000000e+04 3.043901734054088593e-02 3.969657421112060547e-02 4.819888621568679810e-02 1.170279011130332947e-01 2.677512466907501221e-01 5.296281352639198303e-02 3.043901734054088593e-02 3.969657421112060547e-02 4.819888621568679810e-02 1.170279011130332947e-01 2.677512466907501221e-01 5.296281352639198303e-02
2.350000000000000000e+04 3.071063756942749023e-02 3.969437628984451294e-02 4.828999564051628113e-02 1.184976771473884583e-01 2.638971507549285889e-01 5.323080718517303467e-02 3.071063756942749023e-02 3.969437628984451294e-02 4.828999564051628113e-02 1.184976771473884583e-01 2.638971507549285889e-01 5.323080718517303467e-02
2.360000000000000000e+04 3.063230961561203003e-02 4.060259461402893066e-02 4.903277382254600525e-02 1.156787946820259094e-01 2.663218975067138672e-01 5.274499952793121338e-02 3.063230961561203003e-02 4.060259461402893066e-02 4.903277382254600525e-02 1.156787946820259094e-01 2.663218975067138672e-01 5.274499952793121338e-02
2.370000000000000000e+04 3.047257661819458008e-02 4.023859649896621704e-02 4.875110089778900146e-02 1.150554791092872620e-01 2.642914950847625732e-01 5.203339457511901855e-02 3.047257661819458008e-02 4.023859649896621704e-02 4.875110089778900146e-02 1.150554791092872620e-01 2.642914950847625732e-01 5.203339457511901855e-02
2.380000000000000000e+04 3.098145499825477600e-02 3.970571607351303101e-02 4.831719025969505310e-02 1.181137934327125549e-01 2.588599920272827148e-01 5.254127457737922668e-02 3.098145499825477600e-02 3.970571607351303101e-02 4.831719025969505310e-02 1.181137934327125549e-01 2.588599920272827148e-01 5.254127457737922668e-02
2.390000000000000000e+04 3.003754653036594391e-02 3.826654329895973206e-02 4.723721370100975037e-02 1.152649819850921631e-01 2.579195201396942139e-01 5.018611252307891846e-02 3.003754653036594391e-02 3.826654329895973206e-02 4.723721370100975037e-02 1.152649819850921631e-01 2.579195201396942139e-01 5.018611252307891846e-02
2.400000000000000000e+04 3.081029653549194336e-02 3.891976550221443176e-02 4.779563844203948975e-02 1.171235665678977966e-01 2.557286918163299561e-01 5.131628736853599548e-02 3.081029653549194336e-02 3.891976550221443176e-02 4.779563844203948975e-02 1.171235665678977966e-01 2.557286918163299561e-01 5.131628736853599548e-02
2.410000000000000000e+04 3.471047431230545044e-02 4.774849116802215576e-02 5.431716889142990112e-02 1.231904327869415283e-01 2.585765123367309570e-01 5.961141362786293030e-02 3.471047431230545044e-02 4.774849116802215576e-02 5.431716889142990112e-02 1.231904327869415283e-01 2.585765123367309570e-01 5.961141362786293030e-02
2.420000000000000000e+04 3.177452087402343750e-02 4.083357006311416626e-02 4.918257892131805420e-02 1.182377338409423828e-01 2.534064352512359619e-01 5.265944078564643860e-02 3.177452087402343750e-02 4.083357006311416626e-02 4.918257892131805420e-02 1.182377338409423828e-01 2.534064352512359619e-01 5.265944078564643860e-02
2.430000000000000000e+04 3.026077710092067719e-02 3.911575302481651306e-02 4.815924540162086487e-02 1.129044517874717712e-01 2.552357017993927002e-01 4.943076148629188538e-02 3.026077710092067719e-02 3.911575302481651306e-02 4.815924540162086487e-02 1.129044517874717712e-01 2.552357017993927002e-01 4.943076148629188538e-02
2.440000000000000000e+04 2.980594709515571594e-02 3.849293291568756104e-02 4.729340225458145142e-02 1.120995059609413147e-01 2.534405887126922607e-01 4.841471835970878601e-02 2.980594709515571594e-02 3.849293291568756104e-02 4.729340225458145142e-02 1.120995059609413147e-01 2.534405887126922607e-01 4.841471835970878601e-02
2.450000000000000000e+04 2.973640896379947662e-02 3.733793273568153381e-02 4.671665281057357788e-02 1.122075989842414856e-01 2.502762079238891602e-01 4.751940816640853882e-02 2.973640896379947662e-02 3.733793273568153381e-02 4.671665281057357788e-02 1.122075989842414856e-01 2.502762079238891602e-01 4.751940816640853882e-02
2.460000000000000000e+04 2.975486591458320618e-02 3.643166646361351013e-02 4.611226543784141541e-02 1.128947585821151733e-01 2.470910698175430298e-01 4.694844409823417664e-02 2.975486591458320618e-02 3.643166646361351013e-02 4.611226543784141541e-02 1.128947585821151733e-01 2.470910698175430298e-01 4.694844409823417664e-02
2.470000000000000000e+04 3.012102283537387848e-02 3.896627575159072876e-02 4.786167293787002563e-02 1.110885068774223328e-01 2.506547272205352783e-01 4.807890206575393677e-02 3.012102283537387848e-02 3.896627575159072876e-02 4.786167293787002563e-02 1.110885068774223328e-01 2.506547272205352783e-01 4.807890206575393677e-02
2.480000000000000000e+04 2.998337894678115845e-02 3.836437314748764038e-02 4.754267260432243347e-02 1.107961982488632202e-01 2.484139353036880493e-01 4.734550416469573975e-02 2.998337894678115845e-02 3.836437314748764038e-02 4.754267260432243347e-02 1.107961982488632202e-01 2.484139353036880493e-01 4.734550416469573975e-02
2.490000000000000000e+04 3.012456744909286499e-02 3.621946647763252258e-02 4.586819559335708618e-02 1.130001097917556763e-01 2.425619512796401978e-01 4.647782817482948303e-02 3.012456744909286499e-02 3.621946647763252258e-02 4.586819559335708618e-02 1.130001097917556763e-01 2.425619512796401978e-01 4.647782817482948303e-02
2.500000000000000000e+04 2.973821945488452911e-02 3.737850859761238098e-02 4.697582125663757324e-02 1.102335527539253235e-01 2.449175566434860229e-01 4.618608206510543823e-02 2.973821945488452911e-02 3.737850859761238098e-02 4.697582125663757324e-02 1.102335527539253235e-01 2.449175566434860229e-01 4.618608206510543823e-02
2.510000000000000000e+04 3.114866279065608978e-02 3.796955943107604980e-02 4.725762456655502319e-02 1.140605434775352478e-01 2.401998937129974365e-01 4.765523597598075867e-02 3.114866279065608978e-02 3.796955943107604980e-02 4.725762456655502319e-02 1.140605434775352478e-01 2.401998937129974365e-01 4.765523597598075867e-02
2.520000000000000000e+04 2.946810051798820496e-02 3.576787561178207397e-02 4.557912796735763550e-02 1.098880171775817871e-01 2.403538674116134644e-01 4.463106393814086914e-02 2.946810051798820496e-02 3.576787561178207397e-02 4.557912796735763550e-02 1.098880171775817871e-01 2.403538674116134644e-01 4.463106393814086914e-02
2.530000000000000000e+04 3.133872896432876587e-02 4.203265160322189331e-02 5.076811462640762329e-02 1.100871562957763672e-01 2.477930039167404175e-01 4.915791377425193787e-02 3.133872896432876587e-02 4.203265160322189331e-02 5.076811462640762329e-02 1.100871562957763672e-01 2.477930039167404175e-01 4.915791377425193787e-02
2.540000000000000000e+04 3.078004345297813416e-02 3.697238862514495850e-02 4.646283760666847229e-02 1.129322350025177002e-01 2.366674691438674927e-01 4.625242576003074646e-02 3.078004345297813416e-02 3.697238862514495850e-02 4.646283760666847229e-02 1.129322350025177002e-01 2.366674691438674927e-01 4.625242576003074646e-02
2.550000000000000000e+04 2.966742590069770813e-02 3.482402861118316650e-02 4.494351893663406372e-02 1.103252843022346497e-01 2.347849458456039429e-01 4.371747374534606934e-02 2.966742590069770813e-02 3.482402861118316650e-02 4.494351893663406372e-02 1.103252843022346497e-01 2.347849458456039429e-01 4.371747374534606934e-02
2.560000000000000000e+04 2.970182150602340698e-02 3.718452528119087219e-02 4.678666591644287109e-02 1.082840934395790100e-01 2.388766109943389893e-01 4.461578279733657837e-02 2.970182150602340698e-02 3.718452528119087219e-02 4.678666591644287109e-02 1.082840934395790100e-01 2.388766109943389893e-01 4.461578279733657837e-02
2.570000000000000000e+04 3.025227598845958710e-02 3.546373546123504639e-02 4.553336650133132935e-02 1.106504723429679871e-01 2.319332212209701538e-01 4.385976493358612061e-02 3.025227598845958710e-02 3.546373546123504639e-02 4.553336650133132935e-02 1.106504723429679871e-01 2.319332212209701538e-01 4.385976493358612061e-02
2.580000000000000000e+04 3.152076900005340576e-02 3.726797178387641907e-02 4.670585691928863525e-02 1.124452650547027588e-01 2.318877875804901123e-01 4.574173316359519958e-02 3.152076900005340576e-02 3.726797178387641907e-02 4.670585691928863525e-02 1.124452650547027588e-01 2.318877875804901123e-01 4.574173316359519958e-02
2.590000000000000000e+04 3.042570315301418304e-02 3.543822467327117920e-02 4.551785811781883240e-02 1.103680506348609924e-01 2.296104729175567627e-01 4.348928853869438171e-02 3.042570315301418304e-02 3.543822467327117920e-02 4.551785811781883240e-02 1.103680506348609924e-01 2.296104729175567627e-01 4.348928853869438171e-02
2.600000000000000000e+04 3.051957674324512482e-02 3.905090317130088806e-02 4.846517741680145264e-02 1.075347363948822021e-01 2.371713221073150635e-01 4.523203894495964050e-02 3.051957674324512482e-02 3.905090317130088806e-02 4.846517741680145264e-02 1.075347363948822021e-01 2.371713221073150635e-01 4.523203894495964050e-02
2.610000000000000000e+04 2.940418757498264313e-02 3.543908149003982544e-02 4.545119404792785645e-02 1.068571060895919800e-01 2.315453737974166870e-01 4.235339537262916565e-02 2.940418757498264313e-02 3.543908149003982544e-02 4.545119404792785645e-02 1.068571060895919800e-01 2.315453737974166870e-01 4.235339537262916565e-02
2.620000000000000000e+04 2.942154183983802795e-02 3.579023480415344238e-02 4.577926546335220337e-02 1.063666269183158875e-01 2.308172583580017090e-01 4.225981235504150391e-02 2.942154183983802795e-02 3.579023480415344238e-02 4.577926546335220337e-02 1.063666269183158875e-01 2.308172583580017090e-01 4.225981235504150391e-02
2.630000000000000000e+04 2.996199578046798706e-02 3.759079799056053162e-02 4.721406102180480957e-02 1.061647236347198486e-01 2.321870177984237671e-01 4.332520440220832825e-02 2.996199578046798706e-02 3.759079799056053162e-02 4.721406102180480957e-02 1.061647236347198486e-01 2.321870177984237671e-01 4.332520440220832825e-02
2.640000000000000000e+04 2.917194925248622894e-02 3.348304331302642822e-02 4.362915083765983582e-02 1.066829264163970947e-01 2.250326424837112427e-01 4.051426053047180176e-02 2.917194925248622894e-02 3.348304331302642822e-02 4.362915083765983582e-02 1.066829264163970947e-01 2.250326424837112427e-01 4.051426053047180176e-02
2.650000000000000000e+04 3.134026378393173218e-02 3.650274872779846191e-02 4.638269543647766113e-02 1.095770150423049927e-01 2.231259047985076904e-01 4.300803318619728088e-02 3.134026378393173218e-02 3.650274872779846191e-02 4.638269543647766113e-02 1.095770150423049927e-01 2.231259047985076904e-01 4.300803318619728088e-02
2.660000000000000000e+04 3.155990689992904663e-02 3.670173510909080505e-02 4.660983011126518250e-02 1.097224801778793335e-01 2.222872078418731689e-01 4.313680902123451233e-02 3.155990689992904663e-02 3.670173510909080505e-02 4.660983011126518250e-02 1.097224801778793335e-01 2.222872078418731689e-01 4.313680902123451233e-02
2.670000000000000000e+04 3.011283837258815765e-02 3.419749438762664795e-02 4.438499361276626587e-02 1.075526922941207886e-01 2.210367470979690552e-01 4.077081009745597839e-02 3.011283837258815765e-02 3.419749438762664795e-02 4.438499361276626587e-02 1.075526922941207886e-01 2.210367470979690552e-01 4.077081009745597839e-02
2.680000000000000000e+04 3.054885938763618469e-02 3.925345465540885925e-02 4.856511205434799194e-02 1.048574000597000122e-01 2.291045635938644409e-01 4.338875040411949158e-02 3.054885938763618469e-02 3.925345465540885925e-02 4.856511205434799194e-02 1.048574000597000122e-01 2.291045635938644409e-01 4.338875040411949158e-02
2.690000000000000000e+04 2.975060045719146729e-02 3.323262557387351990e-02 4.362647607922554016e-02 1.065040379762649536e-01 2.189034968614578247e-01 3.969205543398857117e-02 2.975060045719146729e-02 3.323262557387351990e-02 4.362647607922554016e-02 1.065040379762649536e-01 2.189034968614578247e-01 3.969205543398857117e-02
2.700000000000000000e+04 2.964363992214202881e-02 3.296821564435958862e-02 4.338338226079940796e-02 1.060384735465049744e-01 2.178947031497955322e-01 3.928593546152114868e-02 2.964363992214202881e-02 3.296821564435958862e-02 4.338338226079940796e-02 1.060384735465049744e-01 2.178947031497955322e-01 3.928593546152114868e-02
2.710000000000000000e+04 2.954966761171817780e-02 3.576524183154106140e-02 4.564977809786796570e-02 1.039048135280609131e-01 2.229465395212173462e-01 4.044220596551895142e-02 2.954966761171817780e-02 3.576524183154106140e-02 4.564977809786796570e-02 1.039048135280609131e-01 2.229465395212173462e-01 4.044220596551895142e-02
2.720000000000000000e+04 3.053905442357063293e-02 3.912386298179626465e-02 4.834761470556259155e-02 1.039849668741226196e-01 2.256053537130355835e-01 4.257442429661750793e-02 3.053905442357063293e-02 3.912386298179626465e-02 4.834761470556259155e-02 1.039849668741226196e-01 2.256053537130355835e-01 4.257442429661750793e-02
2.730000000000000000e+04 3.034120053052902222e-02 3.403269499540328979e-02 4.395791888236999512e-02 1.063774228096008301e-01 2.152350395917892456e-01 3.971146419644355774e-02 3.034120053052902222e-02 3.403269499540328979e-02 4.395791888236999512e-02 1.063774228096008301e-01 2.152350395917892456e-01 3.971146419644355774e-02
2.740000000000000000e+04 2.935118973255157471e-02 3.236185014247894287e-02 4.286773502826690674e-02 1.045481413602828979e-01 2.141395211219787598e-01 3.800865635275840759e-02 2.935118973255157471e-02 3.236185014247894287e-02 4.286773502826690674e-02 1.045481413602828979e-01 2.141395211219787598e-01 3.800865635275840759e-02
2.750000000000000000e+04 2.880683913826942444e-02 3.241969272494316101e-02 4.286385700106620789e-02 1.029763892292976379e-01 2.146539986133575439e-01 3.751284629106521606e-02 2.880683913826942444e-02 3.241969272494316101e-02 4.286385700106620789e-02 1.029763892292976379e-01 2.146539986133575439e-01 3.751284629106521606e-02
2.760000000000000000e+04 2.941006608307361603e-02 3.549633175134658813e-02 4.539719969034194946e-02 1.023211702704429626e-01 2.181174457073211670e-01 3.923577070236206055e-02 2.941006608307361603e-02 3.549633175134658813e-02 4.539719969034194946e-02 1.023211702704429626e-01 2.181174457073211670e-01 3.923577070236206055e-02
2.770000000000000000e+04 4.041733592748641968e-02 5.457942187786102295e-02 6.200231239199638367e-02 1.149188876152038574e-01 2.196636646986007690e-01 5.388372391462326050e-02 4.041733592748641968e-02 5.457942187786102295e-02 6.200231239199638367e-02 1.149188876152038574e-01 2.196636646986007690e-01 5.388372391462326050e-02
2.780000000000000000e+04 2.934319525957107544e-02 3.220065683126449585e-02 4.266170412302017212e-02 1.038471907377243042e-01 2.106756269931793213e-01 3.732103854417800903e-02 2.934319525957107544e-02 3.220065683126449585e-02 4.266170412302017212e-02 1.038471907377243042e-01 2.106756269931793213e-01 3.732103854417800903e-02
2.790000000000000000e+04 2.901191636919975281e-02 3.182041645050048828e-02 4.232243448495864868e-02 1.027971208095550537e-01 2.098405659198760986e-01 3.663683310151100159e-02 2.901191636919975281e-02 3.182041645050048828e-02 4.232243448495864868e-02 1.027971208095550537e-01 2.098405659198760986e-01 3.663683310151100159e-02
2.800000000000000000e+04 2.860551327466964722e-02 3.284222632646560669e-02 4.285993054509162903e-02 1.011597141623497009e-01 2.117769569158554077e-01 3.674094006419181824e-02 2.860551327466964722e-02 3.284222632646560669e-02 4.285993054509162903e-02 1.011597141623497009e-01 2.117769569158554077e-01 3.674094006419181824e-02
2.810000000000000000e+04 2.973893098533153534e-02 3.670363128185272217e-02 4.634124785661697388e-02 1.011736616492271423e-01 2.158297598361968994e-01 3.919285163283348083e-02 2.973893098533153534e-02 3.670363128185272217e-02 4.634124785661697388e-02 1.011736616492271423e-01 2.158297598361968994e-01 3.919285163283348083e-02
2.820000000000000000e+04 3.091581352055072784e-02 3.502542525529861450e-02 4.446838051080703735e-02 1.043440774083137512e-01 2.078085988759994507e-01 3.855320811271667480e-02 3.091581352055072784e-02 3.502542525529861450e-02 4.446838051080703735e-02 1.043440774083137512e-01 2.078085988759994507e-01 3.855320811271667480e-02
2.830000000000000000e+04 2.932557091116905212e-02 3.577375039458274841e-02 4.535466805100440979e-02 1.003409102559089661e-01 2.131401598453521729e-01 3.809631988406181335e-02 2.932557091116905212e-02 3.577375039458274841e-02 4.535466805100440979e-02 1.003409102559089661e-01 2.131401598453521729e-01 3.809631988406181335e-02
2.840000000000000000e+04 3.053022362291812897e-02 3.399224951863288879e-02 4.422730579972267151e-02 1.036041378974914551e-01 2.054353654384613037e-01 3.751539066433906555e-02 3.053022362291812897e-02 3.399224951863288879e-02 4.422730579972267151e-02 1.036041378974914551e-01 2.054353654384613037e-01 3.751539066433906555e-02
2.850000000000000000e+04 2.864553406834602356e-02 3.118329122662544250e-02 4.150674864649772644e-02 1.011188924312591553e-01 2.054771333932876587e-01 3.527887165546417236e-02 2.864553406834602356e-02 3.118329122662544250e-02 4.150674864649772644e-02 1.011188924312591553e-01 2.054771333932876587e-01 3.527887165546417236e-02
2.860000000000000000e+04 3.074324131011962891e-02 3.998235240578651428e-02 4.865854233503341675e-02 1.003358513116836548e-01 2.163142859935760498e-01 4.053912684321403503e-02 3.074324131011962891e-02 3.998235240578651428e-02 4.865854233503341675e-02 1.003358513116836548e-01 2.163142859935760498e-01 4.053912684321403503e-02
2.870000000000000000e+04 2.892358787357807159e-02 3.155693411827087402e-02 4.153605550527572632e-02 1.013422384858131409e-01 2.036537826061248779e-01 3.531086817383766174e-02 2.892358787357807159e-02 3.155693411827087402e-02 4.153605550527572632e-02 1.013422384858131409e-01 2.036537826061248779e-01 3.531086817383766174e-02
2.880000000000000000e+04 2.825248427689075470e-02 3.141244500875473022e-02 4.148937389254570007e-02 9.972189366817474365e-02 2.048010975122451782e-01 3.480754792690277100e-02 2.825248427689075470e-02 3.141244500875473022e-02 4.148937389254570007e-02 9.972189366817474365e-02 2.048010975122451782e-01 3.480754792690277100e-02
2.890000000000000000e+04 2.852600999176502228e-02 3.333847597241401672e-02 4.311951994895935059e-02 9.875417500734329224e-02 2.061981856822967529e-01 3.554710745811462402e-02 2.852600999176502228e-02 3.333847597241401672e-02 4.311951994895935059e-02 9.875417500734329224e-02 2.061981856822967529e-01 3.554710745811462402e-02
2.900000000000000000e+04 3.197004646062850952e-02 4.313099756836891174e-02 5.185179784893989563e-02 1.000576913356781006e-01 2.152005136013031006e-01 4.192970320582389832e-02 3.197004646062850952e-02 4.313099756836891174e-02 5.185179784893989563e-02 1.000576913356781006e-01 2.152005136013031006e-01 4.192970320582389832e-02
2.910000000000000000e+04 2.990876138210296631e-02 3.302295506000518799e-02 4.304802417755126953e-02 1.015633642673492432e-01 2.004186809062957764e-01 3.576842695474624634e-02 2.990876138210296631e-02 3.302295506000518799e-02 4.304802417755126953e-02 1.015633642673492432e-01 2.004186809062957764e-01 3.576842695474624634e-02
2.920000000000000000e+04 2.835712954401969910e-02 3.278113529086112976e-02 4.264792427420616150e-02 9.811750054359436035e-02 2.035054862499237061e-01 3.480236232280731201e-02 2.835712954401969910e-02 3.278113529086112976e-02 4.264792427420616150e-02 9.811750054359436035e-02 2.035054862499237061e-01 3.480236232280731201e-02
2.930000000000000000e+04 2.803947404026985168e-02 3.155207633972167969e-02 4.147516191005706787e-02 9.833548963069915771e-02 2.023433297872543335e-01 3.404359519481658936e-02 2.803947404026985168e-02 3.155207633972167969e-02 4.147516191005706787e-02 9.833548963069915771e-02 2.023433297872543335e-01 3.404359519481658936e-02
2.940000000000000000e+04 2.875117212533950806e-02 3.052668645977973938e-02 4.098578914999961853e-02 1.002213880419731140e-01 1.987458616495132446e-01 3.397496789693832397e-02 2.875117212533950806e-02 3.052668645977973938e-02 4.098578914999961853e-02 1.002213880419731140e-01 1.987458616495132446e-01 3.397496789693832397e-02
2.950000000000000000e+04 3.178004920482635498e-02 3.637070208787918091e-02 4.629685357213020325e-02 1.024254336953163147e-01 1.982134282588958740e-01 3.736800700426101685e-02 3.178004920482635498e-02 3.637070208787918091e-02 4.629685357213020325e-02 1.024254336953163147e-01 1.982134282588958740e-01 3.736800700426101685e-02
2.960000000000000000e+04 3.029038384556770325e-02 3.375888988375663757e-02 4.350776597857475281e-02 1.009902656078338623e-01 1.972357779741287231e-01 3.555220738053321838e-02 3.029038384556770325e-02 3.375888988375663757e-02 4.350776597857475281e-02 1.009902656078338623e-01 1.972357779741287231e-01 3.555220738053321838e-02
2.970000000000000000e+04 2.884211763739585876e-02 3.171226009726524353e-02 4.133611544966697693e-02 9.886541962623596191e-02 1.964608132839202881e-01 3.369241580367088318e-02 2.884211763739585876e-02 3.171226009726524353e-02 4.133611544966697693e-02 9.886541962623596191e-02 1.964608132839202881e-01 3.369241580367088318e-02
2.980000000000000000e+04 2.837572060525417328e-02 3.063429892063140869e-02 4.053876921534538269e-02 9.866803139448165894e-02 1.961468160152435303e-01 3.318263217806816101e-02 2.837572060525417328e-02 3.063429892063140869e-02 4.053876921534538269e-02 9.866803139448165894e-02 1.961468160152435303e-01 3.318263217806816101e-02
2.990000000000000000e+04 2.783936448395252228e-02 3.056965768337249756e-02 4.055338725447654724e-02 9.707095474004745483e-02 1.960602402687072754e-01 3.260293602943420410e-02 2.783936448395252228e-02 3.056965768337249756e-02 4.055338725447654724e-02 9.707095474004745483e-02 1.960602402687072754e-01 3.260293602943420410e-02
3.000000000000000000e+04 2.856485359370708466e-02 3.089777939021587372e-02 4.087589308619499207e-02 9.836831688880920410e-02 1.943651288747787476e-01 3.301173821091651917e-02 2.856485359370708466e-02 3.089777939021587372e-02 4.087589308619499207e-02 9.836831688880920410e-02 1.943651288747787476e-01 3.301173821091651917e-02
