0 [1.0000e-01, 1.1000e+00]
100 [2.2201e-01, 1.2910e+00]
200 [6.6184e-01, 1.6307e+00]
300 [1.0509e+00, 1.8242e+00]
400 [1.2534e+00, 1.9386e+00]
500 [1.4102e+00, 2.0292e+00]
600 [1.4971e+00, 2.1021e+00]
700 [1.5608e+00, 2.1672e+00]
800 [1.6049e+00, 2.2286e+00]
900 [1.6419e+00, 2.2845e+00]
1000 [1.6313e+00, 2.3459e+00]
1100 [1.6626e+00, 2.3998e+00]
1200 [1.6789e+00, 2.4542e+00]
1300 [1.6771e+00, 2.5095e+00]
1400 [1.6819e+00, 2.5648e+00]
1500 [1.6924e+00, 2.6196e+00]
1600 [1.6719e+00, 2.6807e+00]
1700 [1.6726e+00, 2.7362e+00]
1800 [1.6856e+00, 2.7932e+00]
1900 [1.6557e+00, 2.8529e+00]
2000 [1.6611e+00, 2.9103e+00]
2100 [1.6281e+00, 2.9699e+00]
2200 [1.6074e+00, 3.0303e+00]
2300 [1.5899e+00, 3.0917e+00]
2400 [1.5690e+00, 3.1540e+00]
2500 [1.5481e+00, 3.2176e+00]
2600 [1.4742e+00, 3.2850e+00]
2700 [1.4150e+00, 3.3571e+00]
2800 [1.3560e+00, 3.4314e+00]
2900 [1.3149e+00, 3.5064e+00]
3000 [1.3047e+00, 3.5812e+00]
3100 [1.2639e+00, 3.6588e+00]
3200 [1.2227e+00, 3.7385e+00]
3300 [1.1345e+00, 3.8256e+00]
3400 [1.0982e+00, 3.9142e+00]
3500 [1.0244e+00, 4.0116e+00]
3600 [9.1130e-01, 4.1126e+00]
3700 [8.8203e-01, 4.2191e+00]
3800 [8.3383e-01, 4.3270e+00]
3900 [7.9295e-01, 4.4355e+00]
4000 [7.0856e-01, 4.5507e+00]
4100 [5.9879e-01, 4.6731e+00]
4200 [5.8960e-01, 4.7997e+00]
4300 [5.3615e-01, 4.9252e+00]
4400 [5.0531e-01, 5.0548e+00]
4500 [4.2678e-01, 5.1962e+00]
4600 [3.8803e-01, 5.3366e+00]
4700 [3.5734e-01, 5.4771e+00]
4800 [3.0492e-01, 5.6240e+00]
4900 [2.7858e-01, 5.7802e+00]
5000 [2.2298e-01, 5.9271e+00]
5100 [2.2041e-01, 6.0686e+00]
5200 [1.8415e-01, 6.2160e+00]
5300 [1.5365e-01, 6.3681e+00]
5400 [1.5609e-01, 6.5089e+00]
5500 [1.3031e-01, 6.6614e+00]
5600 [1.0501e-01, 6.8137e+00]
5700 [9.9346e-02, 6.9520e+00]
5800 [8.0901e-02, 7.0878e+00]
5900 [4.7197e-02, 7.2157e+00]
6000 [5.5889e-02, 7.3532e+00]
6100 [6.7229e-02, 7.4750e+00]
6200 [6.2334e-02, 7.6023e+00]
6300 [4.7718e-02, 7.7178e+00]
6400 [5.6811e-02, 7.8354e+00]
6500 [5.7785e-02, 7.9574e+00]
6600 [5.1307e-02, 8.0714e+00]
6700 [4.9483e-02, 8.1899e+00]
6800 [4.5856e-02, 8.3172e+00]
6900 [4.5953e-02, 8.4270e+00]
7000 [3.5666e-02, 8.5417e+00]
7100 [4.1522e-02, 8.6574e+00]
7200 [4.3011e-02, 8.7727e+00]
7300 [3.0747e-02, 8.8770e+00]
7400 [2.7202e-02, 8.9795e+00]
7500 [2.5923e-02, 9.1019e+00]
7600 [3.3677e-02, 9.2275e+00]
7700 [3.6573e-02, 9.3306e+00]
7800 [3.4701e-02, 9.4510e+00]
7900 [1.8587e-02, 9.5734e+00]
8000 [3.0723e-02, 9.7080e+00]
8100 [3.1502e-02, 9.8174e+00]
8200 [3.0531e-02, 9.9354e+00]
8300 [3.0037e-02, 1.0070e+01]
8400 [2.9825e-02, 1.0196e+01]
8500 [8.9357e-03, 1.0304e+01]
8600 [5.0246e-03, 1.0433e+01]
8700 [1.6758e-02, 1.0599e+01]
8800 [2.1972e-02, 1.0763e+01]
8900 [1.7856e-02, 1.0916e+01]
9000 [1.5608e-02, 1.1067e+01]
9100 [1.5161e-02, 1.1193e+01]
9200 [1.4420e-02, 1.1311e+01]
9300 [1.3749e-02, 1.1456e+01]
9400 [1.0855e-02, 1.1562e+01]
9500 [1.2953e-02, 1.1686e+01]
9600 [3.6304e-03, 1.1799e+01]
9700 [9.8307e-03, 1.1925e+01]
9800 [9.8758e-03, 1.2048e+01]
9900 [1.1599e-02, 1.2171e+01]
10000 [9.5265e-03, 1.2271e+01]
10000 [9.5265e-03, 1.2271e+01]
10100 [8.4931e-03, 1.2348e+01]
10200 [2.2554e-02, 1.2435e+01]
10300 [2.9209e-02, 1.2524e+01]
10400 [3.0723e-02, 1.2615e+01]
10500 [2.0454e-02, 1.2709e+01]
10600 [1.9805e-02, 1.2799e+01]
10700 [2.0141e-02, 1.2888e+01]
10800 [1.7932e-02, 1.2973e+01]
10900 [1.5815e-02, 1.3055e+01]
11000 [1.3614e-02, 1.3132e+01]
11100 [1.2272e-02, 1.3204e+01]
11200 [1.0340e-02, 1.3271e+01]
11300 [7.9873e-03, 1.3331e+01]
11400 [5.6614e-03, 1.3386e+01]
11500 [8.8420e-03, 1.3437e+01]
11600 [4.4960e-03, 1.3487e+01]
11700 [4.0899e-03, 1.3532e+01]
11800 [3.6776e-03, 1.3576e+01]
11900 [3.2634e-03, 1.3616e+01]
12000 [4.0353e-03, 1.3661e+01]
12100 [3.7558e-03, 1.3705e+01]
12200 [3.8965e-03, 1.3737e+01]
12300 [2.4404e-03, 1.3766e+01]
12400 [3.1780e-03, 1.3794e+01]
12500 [2.9608e-03, 1.3829e+01]
12600 [4.9164e-03, 1.3868e+01]
12700 [4.0461e-03, 1.3887e+01]
12800 [3.4642e-03, 1.3916e+01]
12900 [4.2028e-03, 1.3944e+01]
13000 [5.1870e-03, 1.4006e+01]
13100 [4.3564e-03, 1.4016e+01]
13200 [4.8548e-03, 1.4054e+01]
13300 [5.6070e-03, 1.4069e+01]
13400 [5.5580e-03, 1.4072e+01]
13500 [2.2793e-03, 1.4222e+01]
13600 [4.5304e-03, 1.4393e+01]
13700 [4.5638e-03, 1.4549e+01]
13800 [4.7743e-03, 1.4692e+01]
13900 [6.6206e-03, 1.4820e+01]
14000 [7.5605e-03, 1.4930e+01]
14100 [7.1277e-03, 1.5013e+01]
14200 [6.4298e-03, 1.5069e+01]
14300 [6.6066e-03, 1.5114e+01]
14400 [6.4312e-03, 1.5152e+01]
14500 [6.2050e-03, 1.5192e+01]
14600 [6.7793e-03, 1.5226e+01]
14700 [5.9017e-03, 1.5259e+01]
14800 [5.6004e-03, 1.5293e+01]
14900 [2.9005e-03, 1.5319e+01]
15000 [1.3775e-04, 1.5353e+01]
15100 [5.7882e-03, 1.5396e+01]
15200 [-2.0471e-03, 1.5433e+01]
15300 [6.1489e-03, 1.5490e+01]
15400 [4.7083e-03, 1.5544e+01]
15500 [2.4358e-03, 1.5554e+01]
15600 [7.4785e-03, 1.5578e+01]
15700 [5.6922e-03, 1.5590e+01]
15800 [4.7019e-03, 1.5607e+01]
15900 [3.0703e-03, 1.5599e+01]
16000 [4.6246e-03, 1.5604e+01]
16100 [4.1983e-03, 1.5608e+01]
16200 [4.0483e-03, 1.5659e+01]
16300 [-1.4061e-03, 1.5667e+01]
16400 [4.3249e-03, 1.5674e+01]
16500 [4.5477e-03, 1.5645e+01]
16600 [4.9827e-03, 1.5610e+01]
16700 [4.7047e-03, 1.5595e+01]
16800 [4.2622e-03, 1.5560e+01]
16900 [4.0047e-03, 1.5512e+01]
17000 [4.1773e-03, 1.5470e+01]
17100 [3.6228e-03, 1.5416e+01]
17200 [4.8543e-03, 1.5382e+01]
17300 [4.1656e-03, 1.5317e+01]
17400 [3.9035e-03, 1.5249e+01]
17500 [3.6508e-03, 1.5170e+01]
17600 [4.3943e-03, 1.5124e+01]
17700 [2.6891e-03, 1.5039e+01]
17800 [3.7537e-03, 1.4974e+01]
17900 [3.8157e-03, 1.4883e+01]
18000 [3.8064e-03, 1.4788e+01]
18100 [3.6970e-03, 1.4692e+01]
18200 [3.8540e-03, 1.4594e+01]
18300 [3.8802e-03, 1.4495e+01]
18400 [3.8406e-03, 1.4393e+01]
18500 [3.8555e-03, 1.4289e+01]
18600 [3.9222e-03, 1.4184e+01]
18700 [3.8691e-03, 1.4078e+01]
18800 [3.8812e-03, 1.3971e+01]
18900 [3.8833e-03, 1.3862e+01]
19000 [3.7138e-03, 1.3752e+01]
19100 [3.7108e-03, 1.3643e+01]
19200 [3.7241e-03, 1.3533e+01]
19300 [3.9092e-03, 1.3421e+01]
19400 [3.4579e-03, 1.3310e+01]
19500 [2.1060e-03, 1.3343e+01]
19600 [3.6377e-03, 1.3219e+01]
19700 [3.5134e-03, 1.3114e+01]
19800 [3.5852e-03, 1.3013e+01]
19900 [-2.4575e-04, 1.2916e+01]
20000 [3.6809e-03, 1.2901e+01]
20000 [3.6809e-03, 1.2901e+01]
20100 [3.5677e-03, 1.2891e+01]
20200 [3.7749e-03, 1.2879e+01]
20300 [3.7036e-03, 1.2867e+01]
20400 [3.5628e-03, 1.2856e+01]
20500 [3.4378e-03, 1.2844e+01]
20600 [3.3585e-03, 1.2833e+01]
20700 [3.3008e-03, 1.2822e+01]
20800 [3.2913e-03, 1.2810e+01]
20900 [3.2727e-03, 1.2799e+01]
21000 [3.2548e-03, 1.2788e+01]
21100 [3.2729e-03, 1.2777e+01]
21200 [3.3100e-03, 1.2766e+01]
21300 [3.3560e-03, 1.2755e+01]
21400 [3.3683e-03, 1.2743e+01]
21500 [3.4301e-03, 1.2732e+01]
21600 [3.4461e-03, 1.2721e+01]
21700 [3.5188e-03, 1.2710e+01]
21800 [3.6283e-03, 1.2699e+01]
21900 [3.6428e-03, 1.2688e+01]
22000 [3.6979e-03, 1.2677e+01]
22100 [3.7303e-03, 1.2666e+01]
22200 [3.7813e-03, 1.2655e+01]
22300 [3.7244e-03, 1.2644e+01]
22400 [3.7964e-03, 1.2634e+01]
22500 [3.7455e-03, 1.2623e+01]
22600 [3.7874e-03, 1.2612e+01]
22700 [3.7843e-03, 1.2601e+01]
22800 [3.7684e-03, 1.2591e+01]
22900 [3.8135e-03, 1.2580e+01]
23000 [3.7662e-03, 1.2570e+01]
23100 [3.7715e-03, 1.2559e+01]
23200 [3.8062e-03, 1.2548e+01]
23300 [3.8051e-03, 1.2538e+01]
23400 [3.7768e-03, 1.2528e+01]
23500 [3.7859e-03, 1.2517e+01]
23600 [3.7550e-03, 1.2507e+01]
23700 [3.6839e-03, 1.2496e+01]
23800 [3.7261e-03, 1.2486e+01]
23900 [3.7537e-03, 1.2476e+01]
24000 [3.6896e-03, 1.2466e+01]
24100 [3.7693e-03, 1.2455e+01]
24200 [3.7710e-03, 1.2445e+01]
24300 [3.6952e-03, 1.2435e+01]
24400 [3.7412e-03, 1.2425e+01]
24500 [3.7923e-03, 1.2414e+01]
24600 [3.8132e-03, 1.2404e+01]
24700 [3.7544e-03, 1.2394e+01]
24800 [3.8100e-03, 1.2384e+01]
24900 [3.9103e-03, 1.2374e+01]
25000 [3.9114e-03, 1.2363e+01]
25100 [3.9455e-03, 1.2353e+01]
25200 [3.9081e-03, 1.2343e+01]
25300 [3.9982e-03, 1.2333e+01]
25400 [3.8889e-03, 1.2323e+01]
25500 [4.0517e-03, 1.2313e+01]
25600 [4.0515e-03, 1.2303e+01]
25700 [4.0924e-03, 1.2292e+01]
25800 [4.1837e-03, 1.2282e+01]
25900 [4.1679e-03, 1.2272e+01]
26000 [4.2318e-03, 1.2262e+01]
26100 [4.2702e-03, 1.2252e+01]
26200 [4.2247e-03, 1.2242e+01]
26300 [4.3049e-03, 1.2232e+01]
26400 [4.2960e-03, 1.2222e+01]
26500 [4.3462e-03, 1.2212e+01]
26600 [4.3819e-03, 1.2201e+01]
26700 [4.4431e-03, 1.2191e+01]
26800 [4.4374e-03, 1.2181e+01]
26900 [4.4488e-03, 1.2171e+01]
27000 [4.5425e-03, 1.2161e+01]
27100 [4.4999e-03, 1.2151e+01]
27200 [4.7153e-03, 1.2141e+01]
27300 [4.6856e-03, 1.2131e+01]
27400 [4.6992e-03, 1.2121e+01]
27500 [4.6944e-03, 1.2111e+01]
27600 [4.7059e-03, 1.2101e+01]
27700 [4.7670e-03, 1.2091e+01]
27800 [4.7683e-03, 1.2081e+01]
27900 [4.8417e-03, 1.2071e+01]
28000 [4.8804e-03, 1.2061e+01]
28100 [4.9254e-03, 1.2050e+01]
28200 [5.0321e-03, 1.2040e+01]
28300 [4.9776e-03, 1.2030e+01]
28400 [5.0059e-03, 1.2020e+01]
28500 [5.0751e-03, 1.2010e+01]
28600 [5.1604e-03, 1.2000e+01]
28700 [5.1523e-03, 1.1990e+01]
28800 [5.1833e-03, 1.1981e+01]
28900 [5.1929e-03, 1.1971e+01]
29000 [5.2184e-03, 1.1961e+01]
29100 [5.2596e-03, 1.1951e+01]
29200 [5.2882e-03, 1.1941e+01]
29300 [5.3380e-03, 1.1931e+01]
29400 [5.3624e-03, 1.1921e+01]
29500 [5.3658e-03, 1.1911e+01]
29600 [5.3799e-03, 1.1901e+01]
29700 [5.4078e-03, 1.1891e+01]
29800 [5.4811e-03, 1.1881e+01]
29900 [5.4950e-03, 1.1871e+01]
30000 [5.4963e-03, 1.1861e+01]
