0 [6.0000e-01]
100 [6.2356e-01]
200 [6.3044e-01]
300 [6.2028e-01]
400 [6.0494e-01]
500 [5.8491e-01]
600 [5.6281e-01]
700 [5.4244e-01]
800 [5.2545e-01]
900 [5.1223e-01]
1000 [5.0251e-01]
1100 [4.9484e-01]
1200 [4.8851e-01]
1300 [4.8320e-01]
1400 [4.7871e-01]
1500 [4.7491e-01]
1600 [4.7175e-01]
1700 [4.6916e-01]
1800 [4.6719e-01]
1900 [4.6581e-01]
2000 [4.6503e-01]
2100 [4.6489e-01]
2200 [4.6534e-01]
2300 [4.6640e-01]
2400 [4.6804e-01]
2500 [4.7009e-01]
2600 [4.7257e-01]
2700 [4.7536e-01]
2800 [4.7823e-01]
2900 [4.8133e-01]
3000 [4.8436e-01]
3100 [4.8750e-01]
3200 [4.9056e-01]
3300 [4.9362e-01]
3400 [4.9669e-01]
3500 [4.9953e-01]
3600 [5.0247e-01]
3700 [5.0523e-01]
3800 [5.0802e-01]
3900 [5.1069e-01]
4000 [5.1327e-01]
4100 [5.1592e-01]
4200 [5.1837e-01]
4300 [5.2088e-01]
4400 [5.2342e-01]
4500 [5.2571e-01]
4600 [5.2815e-01]
4700 [5.3037e-01]
4800 [5.3269e-01]
4900 [5.3487e-01]
5000 [5.3703e-01]
5100 [5.3924e-01]
5200 [5.4110e-01]
5300 [5.4312e-01]
5400 [5.4500e-01]
5500 [5.4684e-01]
5600 [5.4869e-01]
5700 [5.5028e-01]
5800 [5.5199e-01]
5900 [5.5344e-01]
6000 [5.5500e-01]
6100 [5.5633e-01]
6200 [5.5767e-01]
6300 [5.5904e-01]
6400 [5.6019e-01]
6500 [5.6141e-01]
6600 [5.6259e-01]
6700 [5.6353e-01]
6800 [5.6461e-01]
6900 [5.6549e-01]
7000 [5.6640e-01]
7100 [5.6734e-01]
7200 [5.6798e-01]
7300 [5.6878e-01]
7400 [5.6957e-01]
7500 [5.7013e-01]
7600 [5.7080e-01]
7700 [5.7146e-01]
7800 [5.7187e-01]
7900 [5.7244e-01]
8000 [5.7281e-01]
8100 [5.7325e-01]
8200 [5.7370e-01]
8300 [5.7390e-01]
8400 [5.7426e-01]
8500 [5.7441e-01]
8600 [5.7465e-01]
8700 [5.7490e-01]
8800 [5.7487e-01]
8900 [5.7504e-01]
9000 [5.7519e-01]
9100 [5.7510e-01]
9200 [5.7517e-01]
9300 [5.7523e-01]
9400 [5.7504e-01]
9500 [5.7503e-01]
9600 [5.7502e-01]
9700 [5.7480e-01]
9800 [5.7471e-01]
9900 [5.7463e-01]
10000 [5.7434e-01]
10100 [5.7423e-01]
10200 [5.7397e-01]
10300 [5.7375e-01]
10400 [5.7359e-01]
10500 [5.7322e-01]
10600 [5.7303e-01]
10700 [5.7283e-01]
10800 [5.7243e-01]
10900 [5.7222e-01]
11000 [5.7182e-01]
11100 [5.7157e-01]
11200 [5.7132e-01]
11300 [5.7081e-01]
11400 [5.7058e-01]
11500 [5.7031e-01]
11600 [5.6985e-01]
11700 [5.6956e-01]
11800 [5.6925e-01]
11900 [5.6874e-01]
12000 [5.6842e-01]
12100 [5.6791e-01]
12200 [5.6746e-01]
12300 [5.6708e-01]
12400 [5.6667e-01]
12500 [5.6604e-01]
12600 [5.6559e-01]
12700 [5.6492e-01]
12800 [5.6443e-01]
12900 [5.6389e-01]
13000 [5.6315e-01]
13100 [5.6261e-01]
13200 [5.6203e-01]
13300 [5.6126e-01]
13400 [5.6068e-01]
13500 [5.5999e-01]
13600 [5.5926e-01]
13700 [5.5866e-01]
13800 [5.5801e-01]
13900 [5.5716e-01]
14000 [5.5658e-01]
14100 [5.5596e-01]
14200 [5.5516e-01]
14300 [5.5452e-01]
14400 [5.5388e-01]
14500 [5.5308e-01]
14600 [5.5245e-01]
14700 [5.5167e-01]
14800 [5.5101e-01]
14900 [5.5037e-01]
15000 [5.4956e-01]
15100 [5.4893e-01]
15200 [5.4824e-01]
15300 [5.4750e-01]
15400 [5.4685e-01]
15500 [5.4602e-01]
15600 [5.4540e-01]
15700 [5.4474e-01]
15800 [5.4392e-01]
15900 [5.4329e-01]
16000 [5.4262e-01]
16100 [5.4182e-01]
16200 [5.4117e-01]
16300 [5.4037e-01]
16400 [5.3970e-01]
16500 [5.3904e-01]
16600 [5.3822e-01]
16700 [5.3758e-01]
16800 [5.3691e-01]
16900 [5.3610e-01]
17000 [5.3546e-01]
17100 [5.3466e-01]
17200 [5.3401e-01]
17300 [5.3335e-01]
17400 [5.3256e-01]
17500 [5.3193e-01]
17600 [5.3123e-01]
17700 [5.3051e-01]
17800 [5.2989e-01]
17900 [5.2911e-01]
18000 [5.2853e-01]
18100 [5.2792e-01]
18200 [5.2710e-01]
18300 [5.2657e-01]
18400 [5.2602e-01]
18500 [5.2544e-01]
18600 [5.2475e-01]
18700 [5.2422e-01]
18800 [5.2352e-01]
18900 [5.2301e-01]
19000 [5.2251e-01]
19100 [5.2184e-01]
19200 [5.2134e-01]
19300 [5.2089e-01]
19400 [5.2042e-01]
19500 [5.1980e-01]
19600 [5.1938e-01]
19700 [5.1895e-01]
19800 [5.1838e-01]
19900 [5.1799e-01]
20000 [5.1760e-01]
20100 [5.1707e-01]
20200 [5.1672e-01]
20300 [5.1622e-01]
20400 [5.1587e-01]
20500 [5.1554e-01]
20600 [5.1507e-01]
20700 [5.1477e-01]
20800 [5.1439e-01]
20900 [5.1404e-01]
21000 [5.1376e-01]
21100 [5.1334e-01]
21200 [5.1309e-01]
21300 [5.1274e-01]
21400 [5.1245e-01]
21500 [5.1222e-01]
21600 [5.1186e-01]
21700 [5.1165e-01]
21800 [5.1132e-01]
21900 [5.1110e-01]
22000 [5.1091e-01]
22100 [5.1057e-01]
22200 [5.1041e-01]
22300 [5.1025e-01]
22400 [5.0993e-01]
22500 [5.0978e-01]
22600 [5.0948e-01]
22700 [5.0933e-01]
22800 [5.0919e-01]
22900 [5.0890e-01]
23000 [5.0878e-01]
23100 [5.0866e-01]
23200 [5.0834e-01]
23300 [5.0820e-01]
23400 [5.0811e-01]
23500 [5.0801e-01]
23600 [5.0790e-01]
23700 [5.0763e-01]
23800 [5.0755e-01]
23900 [5.0747e-01]
24000 [5.0725e-01]
24100 [5.0718e-01]
24200 [5.0708e-01]
24300 [5.0685e-01]
24400 [5.0680e-01]
24500 [5.0673e-01]
24600 [5.0654e-01]
24700 [5.0649e-01]
24800 [5.0633e-01]
24900 [5.0624e-01]
25000 [5.0619e-01]
25100 [5.0598e-01]
25200 [5.0593e-01]
25300 [5.0590e-01]
25400 [5.0572e-01]
25500 [5.0563e-01]
25600 [5.0560e-01]
25700 [5.0557e-01]
25800 [5.0531e-01]
25900 [5.0530e-01]
26000 [5.0528e-01]
26100 [5.0525e-01]
26200 [5.0510e-01]
26300 [5.0508e-01]
26400 [5.0506e-01]
26500 [5.0487e-01]
26600 [5.0486e-01]
26700 [5.0485e-01]
26800 [5.0462e-01]
26900 [5.0462e-01]
27000 [5.0462e-01]
27100 [5.0461e-01]
27200 [5.0448e-01]
27300 [5.0448e-01]
27400 [5.0433e-01]
27500 [5.0429e-01]
27600 [5.0429e-01]
27700 [5.0429e-01]
27800 [5.0406e-01]
27900 [5.0406e-01]
28000 [5.0407e-01]
28100 [5.0408e-01]
28200 [5.0396e-01]
28300 [5.0392e-01]
28400 [5.0393e-01]
28500 [5.0395e-01]
28600 [5.0381e-01]
28700 [5.0383e-01]
28800 [5.0373e-01]
28900 [5.0372e-01]
29000 [5.0374e-01]
29100 [5.0359e-01]
29200 [5.0361e-01]
29300 [5.0363e-01]
29400 [5.0346e-01]
29500 [5.0349e-01]
29600 [5.0350e-01]
29700 [5.0336e-01]
29800 [5.0337e-01]
29900 [5.0339e-01]
30000 [5.0336e-01]
30100 [5.0326e-01]
30200 [5.0329e-01]
30300 [5.0330e-01]
30400 [5.0314e-01]
30500 [5.0317e-01]
30600 [5.0319e-01]
30700 [5.0303e-01]
30800 [5.0305e-01]
30900 [5.0307e-01]
31000 [5.0311e-01]
31100 [5.0297e-01]
31200 [5.0300e-01]
31300 [5.0289e-01]
31400 [5.0290e-01]
31500 [5.0292e-01]
31600 [5.0277e-01]
31700 [5.0277e-01]
31800 [5.0280e-01]
31900 [5.0282e-01]
32000 [5.0271e-01]
32100 [5.0274e-01]
32200 [5.0277e-01]
32300 [5.0263e-01]
32400 [5.0266e-01]
32500 [5.0262e-01]
32600 [5.0258e-01]
32700 [5.0261e-01]
32800 [5.0249e-01]
32900 [5.0253e-01]
33000 [5.0255e-01]
33100 [5.0245e-01]
33200 [5.0248e-01]
33300 [5.0239e-01]
33400 [5.0240e-01]
33500 [5.0243e-01]
33600 [5.0231e-01]
33700 [5.0234e-01]
33800 [5.0238e-01]
33900 [5.0225e-01]
34000 [5.0228e-01]
34100 [5.0224e-01]
34200 [5.0221e-01]
34300 [5.0224e-01]
34400 [5.0213e-01]
34500 [5.0217e-01]
34600 [5.0221e-01]
34700 [5.0207e-01]
34800 [5.0211e-01]
34900 [5.0210e-01]
35000 [5.0201e-01]
35100 [5.0205e-01]
35200 [5.0197e-01]
35300 [5.0197e-01]
35400 [5.0200e-01]
35500 [5.0190e-01]
35600 [5.0193e-01]
35700 [5.0197e-01]
35800 [5.0182e-01]
35900 [5.0185e-01]
36000 [5.0188e-01]
36100 [5.0178e-01]
36200 [5.0181e-01]
36300 [5.0177e-01]
36400 [5.0170e-01]
36500 [5.0173e-01]
36600 [5.0176e-01]
36700 [5.0165e-01]
36800 [5.0169e-01]
36900 [5.0164e-01]
37000 [5.0163e-01]
37100 [5.0166e-01]
37200 [5.0156e-01]
37300 [5.0159e-01]
37400 [5.0154e-01]
37500 [5.0151e-01]
37600 [5.0154e-01]
37700 [5.0144e-01]
37800 [5.0147e-01]
37900 [5.0151e-01]
38000 [5.0141e-01]
38100 [5.0144e-01]
38200 [5.0137e-01]
38300 [5.0138e-01]
38400 [5.0141e-01]
38500 [5.0130e-01]
38600 [5.0134e-01]
38700 [5.0138e-01]
38800 [5.0129e-01]
38900 [5.0132e-01]
39000 [5.0122e-01]
39100 [5.0125e-01]
39200 [5.0129e-01]
39300 [5.0120e-01]
39400 [5.0123e-01]
39500 [5.0114e-01]
39600 [5.0118e-01]
39700 [5.0122e-01]
39800 [5.0110e-01]
39900 [5.0114e-01]
40000 [5.0111e-01]
40100 [5.0108e-01]
40200 [5.0112e-01]
40300 [5.0100e-01]
40400 [5.0104e-01]
40500 [5.0108e-01]
40600 [5.0095e-01]
40700 [5.0099e-01]
40800 [5.0103e-01]
40900 [5.0092e-01]
41000 [5.0096e-01]
41100 [5.0099e-01]
41200 [5.0090e-01]
41300 [5.0094e-01]
41400 [5.0087e-01]
41500 [5.0087e-01]
41600 [5.0091e-01]
41700 [5.0081e-01]
41800 [5.0085e-01]
41900 [5.0089e-01]
42000 [5.0075e-01]
42100 [5.0079e-01]
42200 [5.0083e-01]
42300 [5.0074e-01]
42400 [5.0078e-01]
42500 [5.0081e-01]
42600 [5.0071e-01]
42700 [5.0075e-01]
42800 [5.0071e-01]
42900 [5.0069e-01]
43000 [5.0073e-01]
43100 [5.0065e-01]
43200 [5.0069e-01]
43300 [5.0064e-01]
43400 [5.0065e-01]
43500 [5.0069e-01]
43600 [5.0060e-01]
43700 [5.0064e-01]
43800 [5.0055e-01]
43900 [5.0059e-01]
44000 [5.0063e-01]
44100 [5.0054e-01]
44200 [5.0058e-01]
44300 [5.0050e-01]
44400 [5.0054e-01]
44500 [5.0053e-01]
44600 [5.0049e-01]
44700 [5.0054e-01]
44800 [5.0045e-01]
44900 [5.0049e-01]
45000 [5.0046e-01]
45100 [5.0044e-01]
45200 [5.0048e-01]
45300 [5.0040e-01]
45400 [5.0044e-01]
45500 [5.0044e-01]
45600 [5.0040e-01]
45700 [5.0044e-01]
45800 [5.0035e-01]
45900 [5.0039e-01]
46000 [5.0035e-01]
46100 [5.0034e-01]
46200 [5.0038e-01]
46300 [5.0028e-01]
46400 [5.0032e-01]
46500 [5.0033e-01]
46600 [5.0031e-01]
46700 [5.0032e-01]
46800 [5.0030e-01]
46900 [5.0025e-01]
47000 [5.0029e-01]
47100 [5.0020e-01]
47200 [5.0024e-01]
47300 [5.0030e-01]
47400 [5.0018e-01]
47500 [5.0022e-01]
47600 [5.0018e-01]
47700 [5.0018e-01]
47800 [5.0022e-01]
47900 [5.0013e-01]
48000 [5.0017e-01]
48100 [5.0019e-01]
48200 [5.0012e-01]
48300 [5.0016e-01]
48400 [5.0007e-01]
48500 [5.0006e-01]
48600 [5.0011e-01]
48700 [5.0015e-01]
48800 [5.0005e-01]
48900 [5.0010e-01]
49000 [5.0009e-01]
49100 [5.0004e-01]
49200 [5.0008e-01]
49300 [4.9998e-01]
49400 [5.0001e-01]
49500 [5.0005e-01]
49600 [4.9998e-01]
49700 [5.0002e-01]
49800 [5.0005e-01]
49900 [4.9996e-01]
50000 [5.0000e-01]
50100 [4.9996e-01]
50200 [4.9995e-01]
50300 [4.9999e-01]
50400 [4.9988e-01]
50500 [4.9992e-01]
50600 [4.9996e-01]
50700 [4.9986e-01]
50800 [4.9990e-01]
50900 [4.9995e-01]
51000 [4.9984e-01]
51100 [4.9989e-01]
51200 [4.9993e-01]
51300 [4.9985e-01]
51400 [4.9989e-01]
51500 [4.9986e-01]
51600 [4.9988e-01]
51700 [4.9987e-01]
51800 [4.9980e-01]
51900 [4.9985e-01]
52000 [4.9978e-01]
52100 [4.9979e-01]
52200 [4.9984e-01]
52300 [4.9976e-01]
52400 [4.9981e-01]
52500 [4.9974e-01]
52600 [4.9976e-01]
52700 [4.9981e-01]
52800 [4.9972e-01]
52900 [4.9976e-01]
53000 [4.9981e-01]
53100 [4.9975e-01]
53200 [4.9981e-01]
53300 [4.9973e-01]
53400 [4.9977e-01]
53500 [4.9968e-01]
53600 [4.9972e-01]
53700 [4.9970e-01]
53800 [4.9972e-01]
53900 [4.9966e-01]
54000 [4.9967e-01]
54100 [4.9972e-01]
54200 [4.9960e-01]
54300 [4.9965e-01]
54400 [4.9970e-01]
54500 [4.9964e-01]
54600 [4.9968e-01]
54700 [4.9961e-01]
54800 [4.9965e-01]
54900 [4.9970e-01]
55000 [4.9961e-01]
55100 [4.9965e-01]
55200 [4.9958e-01]
55300 [4.9962e-01]
55400 [4.9966e-01]
55500 [4.9957e-01]
55600 [4.9962e-01]
55700 [4.9956e-01]
55800 [4.9958e-01]
55900 [4.9962e-01]
56000 [4.9953e-01]
56100 [4.9958e-01]
56200 [4.9962e-01]
56300 [4.9954e-01]
56400 [4.9958e-01]
56500 [4.9949e-01]
56600 [4.9953e-01]
56700 [4.9958e-01]
56800 [4.9950e-01]
56900 [4.9954e-01]
57000 [4.9959e-01]
57100 [4.9948e-01]
57200 [4.9953e-01]
57300 [4.9957e-01]
57400 [4.9949e-01]
57500 [4.9954e-01]
57600 [4.9947e-01]
57700 [4.9950e-01]
57800 [4.9955e-01]
57900 [4.9947e-01]
58000 [4.9952e-01]
58100 [4.9943e-01]
58200 [4.9948e-01]
58300 [4.9952e-01]
58400 [4.9947e-01]
58500 [4.9952e-01]
58600 [4.9944e-01]
58700 [4.9949e-01]
58800 [4.9941e-01]
58900 [4.9946e-01]
59000 [4.9952e-01]
59100 [4.9946e-01]
59200 [4.9943e-01]
59300 [4.9945e-01]
59400 [4.9952e-01]
59500 [4.9943e-01]
59600 [4.9948e-01]
59700 [4.9940e-01]
59800 [4.9945e-01]
59900 [4.9941e-01]
60000 [4.9944e-01]
60100 [4.9942e-01]
60200 [4.9940e-01]
60300 [4.9945e-01]
60400 [4.9935e-01]
60500 [4.9940e-01]
60600 [4.9945e-01]
60700 [4.9940e-01]
60800 [4.9945e-01]
60900 [4.9936e-01]
61000 [4.9941e-01]
61100 [4.9942e-01]
61200 [4.9937e-01]
61300 [4.9942e-01]
61400 [4.9941e-01]
61500 [4.9936e-01]
61600 [4.9941e-01]
61700 [4.9936e-01]
61800 [4.9937e-01]
61900 [4.9942e-01]
62000 [4.9932e-01]
62100 [4.9937e-01]
62200 [4.9942e-01]
62300 [4.9935e-01]
62400 [4.9940e-01]
62500 [4.9933e-01]
62600 [4.9937e-01]
62700 [4.9943e-01]
62800 [4.9939e-01]
62900 [4.9937e-01]
63000 [4.9941e-01]
63100 [4.9939e-01]
63200 [4.9936e-01]
63300 [4.9941e-01]
63400 [4.9936e-01]
63500 [4.9942e-01]
63600 [4.9935e-01]
63700 [4.9940e-01]
63800 [4.9931e-01]
63900 [4.9937e-01]
64000 [4.9933e-01]
64100 [4.9936e-01]
64200 [4.9942e-01]
64300 [4.9934e-01]
64400 [4.9939e-01]
64500 [4.9929e-01]
64600 [4.9935e-01]
64700 [4.9938e-01]
64800 [4.9937e-01]
64900 [4.9935e-01]
65000 [4.9937e-01]
65100 [4.9938e-01]
65200 [4.9936e-01]
65300 [4.9933e-01]
65400 [4.9937e-01]
65500 [4.9932e-01]
65600 [4.9937e-01]
65700 [4.9936e-01]
65800 [4.9932e-01]
65900 [4.9937e-01]
66000 [4.9931e-01]
66100 [4.9937e-01]
66200 [4.9928e-01]
66300 [4.9933e-01]
66400 [4.9933e-01]
66500 [4.9937e-01]
66600 [4.9930e-01]
66700 [4.9936e-01]
66800 [4.9928e-01]
66900 [4.9933e-01]
67000 [4.9939e-01]
67100 [4.9932e-01]
67200 [4.9937e-01]
67300 [4.9929e-01]
67400 [4.9934e-01]
67500 [4.9932e-01]
67600 [4.9928e-01]
67700 [4.9933e-01]
67800 [4.9935e-01]
67900 [4.9936e-01]
68000 [4.9932e-01]
68100 [4.9936e-01]
68200 [4.9931e-01]
68300 [4.9937e-01]
68400 [4.9933e-01]
68500 [4.9930e-01]
68600 [4.9935e-01]
68700 [4.9929e-01]
68800 [4.9935e-01]
68900 [4.9933e-01]
69000 [4.9931e-01]
69100 [4.9935e-01]
69200 [4.9930e-01]
69300 [4.9935e-01]
69400 [4.9931e-01]
69500 [4.9935e-01]
69600 [4.9930e-01]
69700 [4.9935e-01]
69800 [4.9929e-01]
69900 [4.9934e-01]
70000 [4.9932e-01]
70100 [4.9932e-01]
70200 [4.9934e-01]
70300 [4.9929e-01]
70400 [4.9935e-01]
70500 [4.9928e-01]
70600 [4.9933e-01]
70700 [4.9928e-01]
70800 [4.9929e-01]
70900 [4.9934e-01]
71000 [4.9928e-01]
71100 [4.9933e-01]
71200 [4.9929e-01]
71300 [4.9932e-01]
71400 [4.9934e-01]
71500 [4.9934e-01]
71600 [4.9930e-01]
71700 [4.9934e-01]
71800 [4.9927e-01]
71900 [4.9932e-01]
72000 [4.9936e-01]
72100 [4.9933e-01]
72200 [4.9931e-01]
72300 [4.9936e-01]
72400 [4.9929e-01]
72500 [4.9935e-01]
72600 [4.9934e-01]
72700 [4.9933e-01]
72800 [4.9932e-01]
72900 [4.9936e-01]
73000 [4.9933e-01]
73100 [4.9932e-01]
73200 [4.9935e-01]
73300 [4.9929e-01]
73400 [4.9935e-01]
73500 [4.9925e-01]
73600 [4.9930e-01]
73700 [4.9935e-01]
73800 [4.9931e-01]
73900 [4.9937e-01]
74000 [4.9930e-01]
74100 [4.9935e-01]
74200 [4.9931e-01]
74300 [4.9936e-01]
74400 [4.9931e-01]
74500 [4.9936e-01]
74600 [4.9930e-01]
74700 [4.9935e-01]
74800 [4.9928e-01]
74900 [4.9932e-01]
75000 [4.9937e-01]
75100 [4.9932e-01]
75200 [4.9937e-01]
75300 [4.9931e-01]
75400 [4.9936e-01]
75500 [4.9932e-01]
75600 [4.9936e-01]
75700 [4.9930e-01]
75800 [4.9935e-01]
75900 [4.9935e-01]
76000 [4.9933e-01]
76100 [4.9939e-01]
76200 [4.9936e-01]
76300 [4.9934e-01]
76400 [4.9937e-01]
76500 [4.9931e-01]
76600 [4.9937e-01]
76700 [4.9938e-01]
76800 [4.9938e-01]
76900 [4.9939e-01]
77000 [4.9936e-01]
77100 [4.9938e-01]
77200 [4.9937e-01]
77300 [4.9933e-01]
77400 [4.9934e-01]
77500 [4.9940e-01]
77600 [4.9932e-01]
77700 [4.9937e-01]
77800 [4.9939e-01]
77900 [4.9937e-01]
78000 [4.9936e-01]
78100 [4.9934e-01]
78200 [4.9940e-01]
78300 [4.9933e-01]
78400 [4.9938e-01]
78500 [4.9936e-01]
78600 [4.9941e-01]
78700 [4.9936e-01]
78800 [4.9942e-01]
78900 [4.9935e-01]
79000 [4.9940e-01]
79100 [4.9938e-01]
79200 [4.9938e-01]
79300 [4.9941e-01]
79400 [4.9938e-01]
79500 [4.9943e-01]
79600 [4.9939e-01]
79700 [4.9936e-01]
79800 [4.9941e-01]
79900 [4.9936e-01]
80000 [4.9941e-01]
80100 [4.9933e-01]
80200 [4.9937e-01]
80300 [4.9940e-01]
80400 [4.9943e-01]
80500 [4.9939e-01]
80600 [4.9943e-01]
80700 [4.9940e-01]
80800 [4.9942e-01]
80900 [4.9943e-01]
81000 [4.9940e-01]
81100 [4.9940e-01]
81200 [4.9941e-01]
81300 [4.9948e-01]
81400 [4.9942e-01]
81500 [4.9939e-01]
81600 [4.9941e-01]
81700 [4.9946e-01]
81800 [4.9939e-01]
81900 [4.9945e-01]
82000 [4.9941e-01]
82100 [4.9945e-01]
82200 [4.9942e-01]
82300 [4.9944e-01]
82400 [4.9940e-01]
82500 [4.9945e-01]
82600 [4.9941e-01]
82700 [4.9947e-01]
82800 [4.9942e-01]
82900 [4.9947e-01]
83000 [4.9937e-01]
83100 [4.9943e-01]
83200 [4.9949e-01]
83300 [4.9943e-01]
83400 [4.9949e-01]
83500 [4.9941e-01]
83600 [4.9947e-01]
83700 [4.9940e-01]
83800 [4.9945e-01]
83900 [4.9945e-01]
84000 [4.9946e-01]
84100 [4.9945e-01]
84200 [4.9948e-01]
84300 [4.9942e-01]
84400 [4.9947e-01]
84500 [4.9946e-01]
84600 [4.9943e-01]
84700 [4.9944e-01]
84800 [4.9950e-01]
84900 [4.9949e-01]
85000 [4.9948e-01]
85100 [4.9949e-01]
85200 [4.9945e-01]
85300 [4.9950e-01]
85400 [4.9949e-01]
85500 [4.9945e-01]
85600 [4.9951e-01]
85700 [4.9945e-01]
85800 [4.9951e-01]
85900 [4.9945e-01]
86000 [4.9950e-01]
86100 [4.9943e-01]
86200 [4.9949e-01]
86300 [4.9949e-01]
86400 [4.9951e-01]
86500 [4.9947e-01]
86600 [4.9953e-01]
86700 [4.9945e-01]
86800 [4.9950e-01]
86900 [4.9947e-01]
87000 [4.9952e-01]
87100 [4.9948e-01]
87200 [4.9952e-01]
87300 [4.9949e-01]
87400 [4.9956e-01]
87500 [4.9950e-01]
87600 [4.9949e-01]
87700 [4.9949e-01]
87800 [4.9952e-01]
87900 [4.9949e-01]
88000 [4.9954e-01]
88100 [4.9946e-01]
88200 [4.9951e-01]
88300 [4.9956e-01]
88400 [4.9952e-01]
88500 [4.9951e-01]
88600 [4.9950e-01]
88700 [4.9955e-01]
88800 [4.9950e-01]
88900 [4.9956e-01]
89000 [4.9950e-01]
89100 [4.9956e-01]
89200 [4.9949e-01]
89300 [4.9955e-01]
89400 [4.9953e-01]
89500 [4.9953e-01]
89600 [4.9957e-01]
89700 [4.9953e-01]
89800 [4.9958e-01]
89900 [4.9957e-01]
90000 [4.9952e-01]
90100 [4.9958e-01]
90200 [4.9955e-01]
90300 [4.9951e-01]
90400 [4.9957e-01]
90500 [4.9950e-01]
90600 [4.9956e-01]
90700 [4.9954e-01]
90800 [4.9952e-01]
90900 [4.9956e-01]
91000 [4.9953e-01]
91100 [4.9955e-01]
91200 [4.9958e-01]
91300 [4.9957e-01]
91400 [4.9959e-01]
91500 [4.9956e-01]
91600 [4.9956e-01]
91700 [4.9953e-01]
91800 [4.9958e-01]
91900 [4.9955e-01]
92000 [4.9959e-01]
92100 [4.9953e-01]
92200 [4.9959e-01]
92300 [4.9957e-01]
92400 [4.9960e-01]
92500 [4.9960e-01]
92600 [4.9956e-01]
92700 [4.9962e-01]
92800 [4.9953e-01]
92900 [4.9958e-01]
93000 [4.9959e-01]
93100 [4.9957e-01]
93200 [4.9963e-01]
93300 [4.9958e-01]
93400 [4.9960e-01]
93500 [4.9958e-01]
93600 [4.9963e-01]
93700 [4.9955e-01]
93800 [4.9960e-01]
93900 [4.9961e-01]
94000 [4.9959e-01]
94100 [4.9961e-01]
94200 [4.9960e-01]
94300 [4.9965e-01]
94400 [4.9961e-01]
94500 [4.9956e-01]
94600 [4.9962e-01]
94700 [4.9955e-01]
94800 [4.9959e-01]
94900 [4.9963e-01]
95000 [4.9960e-01]
95100 [4.9963e-01]
95200 [4.9960e-01]
95300 [4.9965e-01]
95400 [4.9960e-01]
95500 [4.9967e-01]
95600 [4.9960e-01]
95700 [4.9966e-01]
95800 [4.9959e-01]
95900 [4.9963e-01]
96000 [4.9956e-01]
96100 [4.9961e-01]
96200 [4.9965e-01]
96300 [4.9963e-01]
96400 [4.9957e-01]
96500 [4.9962e-01]
96600 [4.9965e-01]
96700 [4.9957e-01]
96800 [4.9963e-01]
96900 [4.9962e-01]
97000 [4.9965e-01]
97100 [4.9961e-01]
97200 [4.9966e-01]
97300 [4.9965e-01]
97400 [4.9964e-01]
97500 [4.9965e-01]
97600 [4.9962e-01]
97700 [4.9965e-01]
97800 [4.9967e-01]
97900 [4.9962e-01]
98000 [4.9964e-01]
98100 [4.9961e-01]
98200 [4.9966e-01]
98300 [4.9965e-01]
98400 [4.9960e-01]
98500 [4.9966e-01]
98600 [4.9960e-01]
98700 [4.9965e-01]
98800 [4.9959e-01]
98900 [4.9964e-01]
99000 [4.9964e-01]
99100 [4.9962e-01]
99200 [4.9966e-01]
99300 [4.9961e-01]
99400 [4.9967e-01]
99500 [4.9960e-01]
99600 [4.9966e-01]
99700 [4.9964e-01]
99800 [4.9967e-01]
99900 [4.9963e-01]
100000 [4.9969e-01]
