0 [0.0000e+00, 0.0000e+00]
100 [5.6740e-03, -1.0808e-02]
200 [2.6819e-02, -1.3849e-02]
300 [5.3246e-02, -5.9914e-03]
400 [7.7329e-02, 9.4221e-03]
500 [9.9366e-02, 3.4289e-02]
600 [1.1848e-01, 7.1519e-02]
700 [9.3653e-02, 5.9549e-02]
800 [6.2240e-02, 6.0997e-02]
900 [8.5294e-02, 8.1923e-02]
1000 [9.8939e-02, 9.1865e-02]
1100 [1.0229e-01, 9.6050e-02]
1200 [1.0272e-01, 9.7327e-02]
1300 [1.0254e-01, 9.7689e-02]
1400 [1.0228e-01, 9.7855e-02]
1500 [1.0202e-01, 9.7927e-02]
1600 [1.0176e-01, 9.7913e-02]
1700 [1.0149e-01, 9.7836e-02]
1800 [1.0122e-01, 9.7715e-02]
1900 [1.0094e-01, 9.7577e-02]
2000 [1.0066e-01, 9.7428e-02]
2100 [1.0041e-01, 9.7301e-02]
2200 [1.0020e-01, 9.7202e-02]
2300 [1.0003e-01, 9.7128e-02]
2400 [9.9881e-02, 9.7079e-02]
2500 [9.9764e-02, 9.7053e-02]
2600 [9.9651e-02, 9.7044e-02]
2700 [9.9535e-02, 9.7047e-02]
2800 [9.9409e-02, 9.7067e-02]
2900 [9.9268e-02, 9.7098e-02]
3000 [9.9112e-02, 9.7142e-02]
3100 [9.8946e-02, 9.7209e-02]
3200 [9.8792e-02, 9.7260e-02]
3300 [9.8643e-02, 9.7331e-02]
3400 [9.8534e-02, 9.7394e-02]
3500 [9.8444e-02, 9.7463e-02]
3600 [9.8384e-02, 9.7533e-02]
3700 [9.8338e-02, 9.7606e-02]
3800 [9.8295e-02, 9.7696e-02]
3900 [9.8280e-02, 9.7782e-02]
4000 [9.8254e-02, 9.7891e-02]
4100 [9.8245e-02, 9.8002e-02]
4200 [9.8238e-02, 9.8118e-02]
4300 [9.8235e-02, 9.8254e-02]
4400 [9.8242e-02, 9.8389e-02]
4500 [9.8251e-02, 9.8518e-02]
4600 [9.8258e-02, 9.8647e-02]
4700 [9.8291e-02, 9.8772e-02]
4800 [9.8316e-02, 9.8893e-02]
4900 [9.8346e-02, 9.9007e-02]
5000 [9.8373e-02, 9.9115e-02]
5100 [9.8405e-02, 9.9214e-02]
5200 [9.8434e-02, 9.9313e-02]
5300 [9.8460e-02, 9.9403e-02]
5400 [9.8484e-02, 9.9492e-02]
5500 [9.8505e-02, 9.9575e-02]
5600 [9.8521e-02, 9.9659e-02]
5700 [9.8535e-02, 9.9740e-02]
5800 [9.8545e-02, 9.9813e-02]
5900 [9.8553e-02, 9.9885e-02]
6000 [9.8559e-02, 9.9959e-02]
6100 [9.8574e-02, 1.0001e-01]
6200 [9.8566e-02, 1.0009e-01]
6300 [9.8569e-02, 1.0015e-01]
6400 [9.8570e-02, 1.0021e-01]
6500 [9.8572e-02, 1.0027e-01]
6600 [9.8568e-02, 1.0032e-01]
6700 [9.8575e-02, 1.0037e-01]
6800 [9.8574e-02, 1.0041e-01]
6900 [9.8579e-02, 1.0044e-01]
7000 [9.8577e-02, 1.0048e-01]
7100 [9.8595e-02, 1.0051e-01]
7200 [9.8583e-02, 1.0054e-01]
7300 [9.8596e-02, 1.0056e-01]
7400 [9.8581e-02, 1.0059e-01]
7500 [9.8596e-02, 1.0061e-01]
7600 [9.8601e-02, 1.0063e-01]
7700 [9.8605e-02, 1.0065e-01]
7800 [9.8607e-02, 1.0066e-01]
7900 [9.8614e-02, 1.0068e-01]
8000 [9.8618e-02, 1.0069e-01]
8100 [9.8625e-02, 1.0070e-01]
8200 [9.8633e-02, 1.0071e-01]
8300 [9.8634e-02, 1.0072e-01]
8400 [9.8641e-02, 1.0073e-01]
8500 [9.8646e-02, 1.0074e-01]
8600 [9.8653e-02, 1.0075e-01]
8700 [9.8657e-02, 1.0075e-01]
8800 [9.8659e-02, 1.0076e-01]
8900 [9.8666e-02, 1.0077e-01]
9000 [9.8671e-02, 1.0077e-01]
9100 [9.8678e-02, 1.0078e-01]
9200 [9.8679e-02, 1.0079e-01]
9300 [9.8700e-02, 1.0076e-01]
9400 [9.8690e-02, 1.0080e-01]
9500 [9.8693e-02, 1.0080e-01]
9600 [9.8700e-02, 1.0081e-01]
9700 [9.8703e-02, 1.0082e-01]
9800 [9.8710e-02, 1.0082e-01]
9900 [9.8714e-02, 1.0083e-01]
10000 [9.8716e-02, 1.0083e-01]
10100 [9.8724e-02, 1.0084e-01]
10200 [9.8714e-02, 1.0085e-01]
10300 [9.8732e-02, 1.0085e-01]
10400 [9.8736e-02, 1.0086e-01]
10500 [9.8757e-02, 1.0084e-01]
10600 [9.8755e-02, 1.0086e-01]
10700 [9.8750e-02, 1.0087e-01]
10800 [9.8756e-02, 1.0088e-01]
10900 [9.8769e-02, 1.0088e-01]
11000 [9.8764e-02, 1.0088e-01]
11100 [9.8766e-02, 1.0089e-01]
11200 [9.8776e-02, 1.0090e-01]
11300 [9.8780e-02, 1.0090e-01]
11400 [9.8784e-02, 1.0091e-01]
11500 [9.8786e-02, 1.0091e-01]
11600 [9.8786e-02, 1.0092e-01]
11700 [9.8799e-02, 1.0092e-01]
11800 [9.8802e-02, 1.0093e-01]
11900 [9.8809e-02, 1.0093e-01]
12000 [9.8811e-02, 1.0093e-01]
12100 [9.8813e-02, 1.0094e-01]
12200 [9.8823e-02, 1.0095e-01]
12300 [9.8828e-02, 1.0095e-01]
12400 [9.8833e-02, 1.0096e-01]
12500 [9.8849e-02, 1.0095e-01]
12600 [9.8835e-02, 1.0097e-01]
12700 [9.8862e-02, 1.0096e-01]
12800 [9.8854e-02, 1.0097e-01]
12900 [9.8879e-02, 1.0097e-01]
13000 [9.8863e-02, 1.0098e-01]
13100 [9.8869e-02, 1.0099e-01]
13200 [9.8873e-02, 1.0099e-01]
13300 [9.8877e-02, 1.0099e-01]
13400 [9.8883e-02, 1.0100e-01]
13500 [9.8888e-02, 1.0100e-01]
13600 [9.8890e-02, 1.0101e-01]
13700 [9.8897e-02, 1.0101e-01]
13800 [9.8904e-02, 1.0101e-01]
13900 [9.8899e-02, 1.0102e-01]
14000 [9.8914e-02, 1.0102e-01]
14100 [9.8919e-02, 1.0102e-01]
14200 [9.8920e-02, 1.0101e-01]
14300 [9.8929e-02, 1.0103e-01]
14400 [9.8945e-02, 1.0101e-01]
14500 [9.8934e-02, 1.0104e-01]
14600 [9.8944e-02, 1.0104e-01]
14700 [9.8944e-02, 1.0104e-01]
14800 [9.8955e-02, 1.0104e-01]
14900 [9.8945e-02, 1.0105e-01]
15000 [9.8965e-02, 1.0105e-01]
15100 [9.8975e-02, 1.0105e-01]
15200 [9.8974e-02, 1.0105e-01]
15300 [9.8995e-02, 1.0103e-01]
15400 [9.8984e-02, 1.0106e-01]
15500 [9.8990e-02, 1.0106e-01]
15600 [9.8994e-02, 1.0106e-01]
15700 [9.9000e-02, 1.0106e-01]
15800 [9.9004e-02, 1.0106e-01]
15900 [9.9011e-02, 1.0106e-01]
16000 [9.9012e-02, 1.0107e-01]
16100 [9.9018e-02, 1.0107e-01]
16200 [9.9024e-02, 1.0108e-01]
16300 [9.9020e-02, 1.0107e-01]
16400 [9.9035e-02, 1.0107e-01]
16500 [9.9012e-02, 1.0106e-01]
16600 [9.9048e-02, 1.0107e-01]
16700 [9.9050e-02, 1.0107e-01]
16800 [9.9052e-02, 1.0108e-01]
16900 [9.9068e-02, 1.0105e-01]
17000 [9.9064e-02, 1.0107e-01]
17100 [9.9068e-02, 1.0108e-01]
17200 [9.9074e-02, 1.0108e-01]
17300 [9.9116e-02, 1.0106e-01]
17400 [9.9078e-02, 1.0108e-01]
17500 [9.9087e-02, 1.0108e-01]
17600 [9.9091e-02, 1.0108e-01]
17700 [9.9095e-02, 1.0108e-01]
17800 [9.9095e-02, 1.0108e-01]
17900 [9.9106e-02, 1.0108e-01]
18000 [9.9112e-02, 1.0107e-01]
18100 [9.9115e-02, 1.0108e-01]
18200 [9.9096e-02, 1.0108e-01]
18300 [9.9124e-02, 1.0107e-01]
18400 [9.9128e-02, 1.0107e-01]
18500 [9.9138e-02, 1.0106e-01]
18600 [9.9136e-02, 1.0107e-01]
18700 [9.9140e-02, 1.0107e-01]
18800 [9.9136e-02, 1.0107e-01]
18900 [9.9148e-02, 1.0107e-01]
19000 [9.9153e-02, 1.0107e-01]
19100 [9.9158e-02, 1.0107e-01]
19200 [9.9161e-02, 1.0107e-01]
19300 [9.9146e-02, 1.0107e-01]
19400 [9.9171e-02, 1.0106e-01]
19500 [9.9175e-02, 1.0106e-01]
19600 [9.9179e-02, 1.0106e-01]
19700 [9.9192e-02, 1.0106e-01]
19800 [9.9187e-02, 1.0106e-01]
19900 [9.9188e-02, 1.0106e-01]
20000 [9.9197e-02, 1.0105e-01]
20100 [9.9199e-02, 1.0105e-01]
20200 [9.9202e-02, 1.0105e-01]
20300 [9.9199e-02, 1.0106e-01]
20400 [9.9210e-02, 1.0105e-01]
20500 [9.9214e-02, 1.0104e-01]
20600 [9.9218e-02, 1.0104e-01]
20700 [9.9223e-02, 1.0104e-01]
20800 [9.9223e-02, 1.0104e-01]
20900 [9.9228e-02, 1.0104e-01]
21000 [9.9221e-02, 1.0104e-01]
21100 [9.9237e-02, 1.0103e-01]
21200 [9.9241e-02, 1.0103e-01]
21300 [9.9244e-02, 1.0103e-01]
21400 [9.9245e-02, 1.0101e-01]
21500 [9.9252e-02, 1.0102e-01]
21600 [9.9252e-02, 1.0102e-01]
21700 [9.9258e-02, 1.0102e-01]
21800 [9.9270e-02, 1.0101e-01]
21900 [9.9266e-02, 1.0101e-01]
22000 [9.9269e-02, 1.0101e-01]
22100 [9.9265e-02, 1.0104e-01]
22200 [9.9275e-02, 1.0100e-01]
22300 [9.9275e-02, 1.0101e-01]
22400 [9.9282e-02, 1.0100e-01]
22500 [9.9283e-02, 1.0100e-01]
22600 [9.9288e-02, 1.0100e-01]
22700 [9.9288e-02, 1.0100e-01]
22800 [9.9293e-02, 1.0099e-01]
22900 [9.9298e-02, 1.0099e-01]
23000 [9.9299e-02, 1.0099e-01]
23100 [9.9306e-02, 1.0099e-01]
23200 [9.9309e-02, 1.0098e-01]
23300 [9.9309e-02, 1.0098e-01]
23400 [9.9308e-02, 1.0098e-01]
23500 [9.9315e-02, 1.0097e-01]
23600 [9.9319e-02, 1.0097e-01]
23700 [9.9340e-02, 1.0097e-01]
23800 [9.9325e-02, 1.0096e-01]
23900 [9.9328e-02, 1.0096e-01]
24000 [9.9331e-02, 1.0096e-01]
24100 [9.9335e-02, 1.0096e-01]
24200 [9.9335e-02, 1.0095e-01]
24300 [9.9339e-02, 1.0095e-01]
24400 [9.9332e-02, 1.0095e-01]
24500 [9.9345e-02, 1.0095e-01]
24600 [9.9350e-02, 1.0094e-01]
24700 [9.9349e-02, 1.0094e-01]
24800 [9.9353e-02, 1.0094e-01]
24900 [9.9353e-02, 1.0094e-01]
25000 [9.9358e-02, 1.0093e-01]
25100 [9.9361e-02, 1.0093e-01]
25200 [9.9365e-02, 1.0092e-01]
25300 [9.9367e-02, 1.0092e-01]
25400 [9.9369e-02, 1.0092e-01]
25500 [9.9358e-02, 1.0092e-01]
25600 [9.9382e-02, 1.0091e-01]
25700 [9.9377e-02, 1.0091e-01]
25800 [9.9380e-02, 1.0091e-01]
25900 [9.9384e-02, 1.0091e-01]
26000 [9.9383e-02, 1.0090e-01]
26100 [9.9389e-02, 1.0090e-01]
26200 [9.9389e-02, 1.0090e-01]
26300 [9.9391e-02, 1.0090e-01]
26400 [9.9395e-02, 1.0089e-01]
26500 [9.9398e-02, 1.0089e-01]
26600 [9.9399e-02, 1.0089e-01]
26700 [9.9402e-02, 1.0088e-01]
26800 [9.9402e-02, 1.0088e-01]
26900 [9.9401e-02, 1.0088e-01]
27000 [9.9401e-02, 1.0088e-01]
27100 [9.9411e-02, 1.0087e-01]
27200 [9.9413e-02, 1.0087e-01]
27300 [9.9414e-02, 1.0087e-01]
27400 [9.9405e-02, 1.0087e-01]
27500 [9.9415e-02, 1.0086e-01]
27600 [9.9423e-02, 1.0086e-01]
27700 [9.9424e-02, 1.0086e-01]
27800 [9.9428e-02, 1.0085e-01]
27900 [9.9428e-02, 1.0085e-01]
28000 [9.9429e-02, 1.0085e-01]
28100 [9.9433e-02, 1.0084e-01]
28200 [9.9434e-02, 1.0084e-01]
28300 [9.9422e-02, 1.0083e-01]
28400 [9.9439e-02, 1.0084e-01]
28500 [9.9441e-02, 1.0083e-01]
28600 [9.9441e-02, 1.0083e-01]
28700 [9.9442e-02, 1.0082e-01]
28800 [9.9440e-02, 1.0083e-01]
28900 [9.9449e-02, 1.0082e-01]
29000 [9.9448e-02, 1.0081e-01]
29100 [9.9453e-02, 1.0081e-01]
29200 [9.9454e-02, 1.0081e-01]
29300 [9.9458e-02, 1.0081e-01]
29400 [9.9456e-02, 1.0081e-01]
29500 [9.9460e-02, 1.0080e-01]
29600 [9.9462e-02, 1.0080e-01]
29700 [9.9463e-02, 1.0080e-01]
29800 [9.9457e-02, 1.0080e-01]
29900 [9.9468e-02, 1.0079e-01]
30000 [9.9469e-02, 1.0079e-01]
30100 [9.9471e-02, 1.0079e-01]
30200 [9.9473e-02, 1.0078e-01]
30300 [9.9475e-02, 1.0078e-01]
30400 [9.9477e-02, 1.0078e-01]
30500 [9.9478e-02, 1.0078e-01]
30600 [9.9480e-02, 1.0077e-01]
30700 [9.9479e-02, 1.0077e-01]
30800 [9.9483e-02, 1.0077e-01]
30900 [9.9484e-02, 1.0077e-01]
31000 [9.9487e-02, 1.0076e-01]
31100 [9.9483e-02, 1.0076e-01]
31200 [9.9498e-02, 1.0074e-01]
31300 [9.9499e-02, 1.0075e-01]
31400 [9.9493e-02, 1.0075e-01]
31500 [9.9496e-02, 1.0074e-01]
31600 [9.9497e-02, 1.0075e-01]
31700 [9.9487e-02, 1.0075e-01]
31800 [9.9500e-02, 1.0074e-01]
31900 [9.9502e-02, 1.0074e-01]
32000 [9.9512e-02, 1.0073e-01]
32100 [9.9505e-02, 1.0074e-01]
32200 [9.9506e-02, 1.0073e-01]
32300 [9.9507e-02, 1.0073e-01]
32400 [9.9497e-02, 1.0074e-01]
32500 [9.9499e-02, 1.0071e-01]
32600 [9.9512e-02, 1.0072e-01]
32700 [9.9506e-02, 1.0072e-01]
32800 [9.9515e-02, 1.0072e-01]
32900 [9.9517e-02, 1.0071e-01]
33000 [9.9513e-02, 1.0072e-01]
33100 [9.9519e-02, 1.0071e-01]
33200 [9.9520e-02, 1.0071e-01]
33300 [9.9520e-02, 1.0070e-01]
33400 [9.9525e-02, 1.0070e-01]
33500 [9.9523e-02, 1.0070e-01]
33600 [9.9526e-02, 1.0070e-01]
33700 [9.9542e-02, 1.0068e-01]
33800 [9.9528e-02, 1.0069e-01]
33900 [9.9530e-02, 1.0069e-01]
34000 [9.9529e-02, 1.0069e-01]
34100 [9.9533e-02, 1.0069e-01]
34200 [9.9549e-02, 1.0065e-01]
34300 [9.9535e-02, 1.0068e-01]
34400 [9.9520e-02, 1.0069e-01]
34500 [9.9538e-02, 1.0068e-01]
34600 [9.9539e-02, 1.0067e-01]
34700 [9.9539e-02, 1.0067e-01]
34800 [9.9541e-02, 1.0067e-01]
34900 [9.9542e-02, 1.0066e-01]
35000 [9.9544e-02, 1.0067e-01]
35100 [9.9547e-02, 1.0066e-01]
35200 [9.9546e-02, 1.0066e-01]
35300 [9.9546e-02, 1.0066e-01]
35400 [9.9548e-02, 1.0066e-01]
35500 [9.9550e-02, 1.0066e-01]
35600 [9.9551e-02, 1.0065e-01]
35700 [9.9554e-02, 1.0065e-01]
35800 [9.9553e-02, 1.0065e-01]
35900 [9.9555e-02, 1.0065e-01]
36000 [9.9556e-02, 1.0064e-01]
36100 [9.9552e-02, 1.0065e-01]
36200 [9.9558e-02, 1.0064e-01]
36300 [9.9565e-02, 1.0063e-01]
36400 [9.9564e-02, 1.0063e-01]
36500 [9.9562e-02, 1.0064e-01]
36600 [9.9561e-02, 1.0063e-01]
36700 [9.9563e-02, 1.0063e-01]
36800 [9.9564e-02, 1.0063e-01]
36900 [9.9566e-02, 1.0063e-01]
37000 [9.9567e-02, 1.0062e-01]
37100 [9.9555e-02, 1.0063e-01]
37200 [9.9569e-02, 1.0062e-01]
37300 [9.9570e-02, 1.0062e-01]
37400 [9.9565e-02, 1.0062e-01]
37500 [9.9564e-02, 1.0062e-01]
37600 [9.9573e-02, 1.0061e-01]
37700 [9.9574e-02, 1.0061e-01]
37800 [9.9577e-02, 1.0060e-01]
37900 [9.9575e-02, 1.0061e-01]
38000 [9.9575e-02, 1.0061e-01]
38100 [9.9571e-02, 1.0061e-01]
38200 [9.9578e-02, 1.0060e-01]
38300 [9.9578e-02, 1.0060e-01]
38400 [9.9565e-02, 1.0062e-01]
38500 [9.9583e-02, 1.0060e-01]
38600 [9.9583e-02, 1.0060e-01]
38700 [9.9583e-02, 1.0059e-01]
38800 [9.9584e-02, 1.0059e-01]
38900 [9.9593e-02, 1.0058e-01]
39000 [9.9586e-02, 1.0059e-01]
39100 [9.9586e-02, 1.0059e-01]
39200 [9.9588e-02, 1.0058e-01]
39300 [9.9596e-02, 1.0058e-01]
39400 [9.9589e-02, 1.0058e-01]
39500 [9.9590e-02, 1.0058e-01]
39600 [9.9593e-02, 1.0057e-01]
39700 [9.9592e-02, 1.0058e-01]
39800 [9.9593e-02, 1.0057e-01]
39900 [9.9603e-02, 1.0058e-01]
40000 [9.9594e-02, 1.0057e-01]
40100 [9.9596e-02, 1.0057e-01]
40200 [9.9596e-02, 1.0057e-01]
40300 [9.9603e-02, 1.0057e-01]
40400 [9.9595e-02, 1.0057e-01]
40500 [9.9600e-02, 1.0056e-01]
40600 [9.9600e-02, 1.0056e-01]
40700 [9.9591e-02, 1.0057e-01]
40800 [9.9593e-02, 1.0057e-01]
40900 [9.9603e-02, 1.0056e-01]
41000 [9.9604e-02, 1.0056e-01]
41100 [9.9611e-02, 1.0056e-01]
41200 [9.9609e-02, 1.0054e-01]
41300 [9.9605e-02, 1.0055e-01]
41400 [9.9606e-02, 1.0055e-01]
41500 [9.9606e-02, 1.0055e-01]
41600 [9.9608e-02, 1.0055e-01]
41700 [9.9609e-02, 1.0055e-01]
41800 [9.9623e-02, 1.0055e-01]
41900 [9.9609e-02, 1.0055e-01]
42000 [9.9609e-02, 1.0054e-01]
42100 [9.9612e-02, 1.0054e-01]
42200 [9.9613e-02, 1.0053e-01]
42300 [9.9627e-02, 1.0052e-01]
42400 [9.9614e-02, 1.0054e-01]
42500 [9.9614e-02, 1.0054e-01]
42600 [9.9617e-02, 1.0053e-01]
42700 [9.9627e-02, 1.0053e-01]
42800 [9.9618e-02, 1.0053e-01]
42900 [9.9619e-02, 1.0053e-01]
43000 [9.9608e-02, 1.0053e-01]
43100 [9.9616e-02, 1.0053e-01]
43200 [9.9631e-02, 1.0053e-01]
43300 [9.9621e-02, 1.0053e-01]
43400 [9.9616e-02, 1.0052e-01]
43500 [9.9605e-02, 1.0053e-01]
43600 [9.9614e-02, 1.0052e-01]
43700 [9.9622e-02, 1.0052e-01]
43800 [9.9626e-02, 1.0052e-01]
43900 [9.9627e-02, 1.0052e-01]
44000 [9.9626e-02, 1.0052e-01]
44100 [9.9630e-02, 1.0051e-01]
44200 [9.9627e-02, 1.0052e-01]
44300 [9.9627e-02, 1.0051e-01]
44400 [9.9629e-02, 1.0051e-01]
44500 [9.9630e-02, 1.0051e-01]
44600 [9.9631e-02, 1.0051e-01]
44700 [9.9631e-02, 1.0051e-01]
44800 [9.9631e-02, 1.0051e-01]
44900 [9.9614e-02, 1.0051e-01]
45000 [9.9632e-02, 1.0051e-01]
45100 [9.9627e-02, 1.0051e-01]
45200 [9.9634e-02, 1.0051e-01]
45300 [9.9632e-02, 1.0050e-01]
45400 [9.9635e-02, 1.0051e-01]
45500 [9.9642e-02, 1.0049e-01]
45600 [9.9635e-02, 1.0051e-01]
45700 [9.9637e-02, 1.0050e-01]
45800 [9.9637e-02, 1.0050e-01]
45900 [9.9639e-02, 1.0050e-01]
46000 [9.9645e-02, 1.0049e-01]
46100 [9.9640e-02, 1.0050e-01]
46200 [9.9640e-02, 1.0050e-01]
46300 [9.9640e-02, 1.0050e-01]
46400 [9.9641e-02, 1.0049e-01]
46500 [9.9643e-02, 1.0049e-01]
46600 [9.9647e-02, 1.0049e-01]
46700 [9.9644e-02, 1.0049e-01]
46800 [9.9644e-02, 1.0049e-01]
46900 [9.9645e-02, 1.0049e-01]
47000 [9.9646e-02, 1.0049e-01]
47100 [9.9646e-02, 1.0049e-01]
47200 [9.9646e-02, 1.0049e-01]
47300 [9.9647e-02, 1.0049e-01]
47400 [9.9648e-02, 1.0049e-01]
47500 [9.9653e-02, 1.0048e-01]
47600 [9.9653e-02, 1.0047e-01]
47700 [9.9648e-02, 1.0049e-01]
47800 [9.9651e-02, 1.0048e-01]
47900 [9.9652e-02, 1.0048e-01]
48000 [9.9650e-02, 1.0048e-01]
48100 [9.9652e-02, 1.0049e-01]
48200 [9.9656e-02, 1.0048e-01]
48300 [9.9651e-02, 1.0047e-01]
48400 [9.9655e-02, 1.0048e-01]
48500 [9.9656e-02, 1.0048e-01]
48600 [9.9655e-02, 1.0047e-01]
48700 [9.9656e-02, 1.0047e-01]
48800 [9.9652e-02, 1.0048e-01]
48900 [9.9657e-02, 1.0047e-01]
49000 [9.9659e-02, 1.0047e-01]
49100 [9.9653e-02, 1.0048e-01]
49200 [9.9659e-02, 1.0047e-01]
49300 [9.9660e-02, 1.0047e-01]
49400 [9.9666e-02, 1.0047e-01]
49500 [9.9660e-02, 1.0047e-01]
49600 [9.9659e-02, 1.0047e-01]
49700 [9.9663e-02, 1.0047e-01]
49800 [9.9663e-02, 1.0047e-01]
49900 [9.9670e-02, 1.0047e-01]
50000 [9.9668e-02, 1.0050e-01]
50100 [9.9659e-02, 1.0048e-01]
50200 [9.9669e-02, 1.0046e-01]
50300 [9.9669e-02, 1.0045e-01]
50400 [9.9672e-02, 1.0046e-01]
50500 [9.9671e-02, 1.0046e-01]
50600 [9.9668e-02, 1.0046e-01]
50700 [9.9668e-02, 1.0046e-01]
50800 [9.9670e-02, 1.0046e-01]
50900 [9.9671e-02, 1.0046e-01]
51000 [9.9668e-02, 1.0045e-01]
51100 [9.9674e-02, 1.0046e-01]
51200 [9.9671e-02, 1.0046e-01]
51300 [9.9672e-02, 1.0046e-01]
51400 [9.9698e-02, 1.0042e-01]
51500 [9.9674e-02, 1.0045e-01]
51600 [9.9674e-02, 1.0042e-01]
51700 [9.9675e-02, 1.0045e-01]
51800 [9.9676e-02, 1.0045e-01]
51900 [9.9676e-02, 1.0045e-01]
52000 [9.9683e-02, 1.0044e-01]
52100 [9.9677e-02, 1.0045e-01]
52200 [9.9677e-02, 1.0045e-01]
52300 [9.9678e-02, 1.0045e-01]
52400 [9.9682e-02, 1.0045e-01]
52500 [9.9670e-02, 1.0044e-01]
52600 [9.9680e-02, 1.0045e-01]
52700 [9.9680e-02, 1.0045e-01]
52800 [9.9681e-02, 1.0045e-01]
52900 [9.9683e-02, 1.0045e-01]
53000 [9.9674e-02, 1.0045e-01]
53100 [9.9678e-02, 1.0045e-01]
53200 [9.9684e-02, 1.0044e-01]
53300 [9.9681e-02, 1.0044e-01]
53400 [9.9684e-02, 1.0044e-01]
53500 [9.9686e-02, 1.0044e-01]
53600 [9.9684e-02, 1.0044e-01]
53700 [9.9705e-02, 1.0043e-01]
53800 [9.9692e-02, 1.0044e-01]
53900 [9.9686e-02, 1.0044e-01]
54000 [9.9688e-02, 1.0044e-01]
54100 [9.9689e-02, 1.0044e-01]
54200 [9.9688e-02, 1.0044e-01]
54300 [9.9690e-02, 1.0044e-01]
54400 [9.9689e-02, 1.0044e-01]
54500 [9.9691e-02, 1.0044e-01]
54600 [9.9690e-02, 1.0044e-01]
54700 [9.9683e-02, 1.0045e-01]
54800 [9.9687e-02, 1.0044e-01]
54900 [9.9693e-02, 1.0044e-01]
55000 [9.9694e-02, 1.0044e-01]
55100 [9.9701e-02, 1.0043e-01]
55200 [9.9699e-02, 1.0045e-01]
55300 [9.9695e-02, 1.0043e-01]
55400 [9.9703e-02, 1.0044e-01]
55500 [9.9696e-02, 1.0043e-01]
55600 [9.9697e-02, 1.0043e-01]
55700 [9.9707e-02, 1.0043e-01]
55800 [9.9698e-02, 1.0043e-01]
55900 [9.9688e-02, 1.0043e-01]
56000 [9.9699e-02, 1.0043e-01]
56100 [9.9699e-02, 1.0043e-01]
56200 [9.9699e-02, 1.0043e-01]
56300 [9.9704e-02, 1.0043e-01]
56400 [9.9684e-02, 1.0043e-01]
56500 [9.9702e-02, 1.0043e-01]
56600 [9.9705e-02, 1.0042e-01]
56700 [9.9705e-02, 1.0043e-01]
56800 [9.9706e-02, 1.0043e-01]
56900 [9.9703e-02, 1.0042e-01]
57000 [9.9705e-02, 1.0042e-01]
57100 [9.9708e-02, 1.0042e-01]
57200 [9.9705e-02, 1.0042e-01]
57300 [9.9706e-02, 1.0042e-01]
57400 [9.9712e-02, 1.0041e-01]
57500 [9.9707e-02, 1.0042e-01]
57600 [9.9707e-02, 1.0042e-01]
57700 [9.9707e-02, 1.0042e-01]
57800 [9.9709e-02, 1.0042e-01]
57900 [9.9710e-02, 1.0042e-01]
58000 [9.9701e-02, 1.0042e-01]
58100 [9.9710e-02, 1.0042e-01]
58200 [9.9717e-02, 1.0042e-01]
58300 [9.9715e-02, 1.0042e-01]
58400 [9.9711e-02, 1.0042e-01]
58500 [9.9698e-02, 1.0042e-01]
58600 [9.9714e-02, 1.0042e-01]
58700 [9.9713e-02, 1.0042e-01]
58800 [9.9713e-02, 1.0042e-01]
58900 [9.9724e-02, 1.0041e-01]
59000 [9.9714e-02, 1.0042e-01]
59100 [9.9716e-02, 1.0042e-01]
59200 [9.9722e-02, 1.0042e-01]
59300 [9.9713e-02, 1.0042e-01]
59400 [9.9716e-02, 1.0041e-01]
59500 [9.9733e-02, 1.0040e-01]
59600 [9.9717e-02, 1.0041e-01]
59700 [9.9720e-02, 1.0041e-01]
59800 [9.9717e-02, 1.0041e-01]
59900 [9.9722e-02, 1.0041e-01]
60000 [9.9720e-02, 1.0040e-01]
60100 [9.9722e-02, 1.0041e-01]
60200 [9.9710e-02, 1.0041e-01]
60300 [9.9722e-02, 1.0041e-01]
60400 [9.9723e-02, 1.0041e-01]
60500 [9.9724e-02, 1.0041e-01]
60600 [9.9731e-02, 1.0042e-01]
60700 [9.9725e-02, 1.0041e-01]
60800 [9.9724e-02, 1.0041e-01]
60900 [9.9724e-02, 1.0041e-01]
61000 [9.9730e-02, 1.0041e-01]
61100 [9.9731e-02, 1.0040e-01]
61200 [9.9726e-02, 1.0041e-01]
61300 [9.9728e-02, 1.0041e-01]
61400 [9.9733e-02, 1.0040e-01]
61500 [9.9734e-02, 1.0041e-01]
61600 [9.9728e-02, 1.0041e-01]
61700 [9.9729e-02, 1.0041e-01]
61800 [9.9729e-02, 1.0040e-01]
61900 [9.9729e-02, 1.0041e-01]
62000 [9.9731e-02, 1.0040e-01]
62100 [9.9730e-02, 1.0040e-01]
62200 [9.9733e-02, 1.0040e-01]
62300 [9.9727e-02, 1.0040e-01]
62400 [9.9733e-02, 1.0040e-01]
62500 [9.9732e-02, 1.0040e-01]
62600 [9.9734e-02, 1.0040e-01]
62700 [9.9734e-02, 1.0040e-01]
62800 [9.9731e-02, 1.0040e-01]
62900 [9.9734e-02, 1.0040e-01]
63000 [9.9735e-02, 1.0040e-01]
63100 [9.9736e-02, 1.0040e-01]
63200 [9.9737e-02, 1.0040e-01]
63300 [9.9737e-02, 1.0040e-01]
63400 [9.9738e-02, 1.0040e-01]
63500 [9.9739e-02, 1.0040e-01]
63600 [9.9739e-02, 1.0040e-01]
63700 [9.9739e-02, 1.0040e-01]
63800 [9.9739e-02, 1.0040e-01]
63900 [9.9741e-02, 1.0040e-01]
64000 [9.9741e-02, 1.0042e-01]
64100 [9.9739e-02, 1.0040e-01]
64200 [9.9734e-02, 1.0040e-01]
64300 [9.9743e-02, 1.0040e-01]
64400 [9.9742e-02, 1.0040e-01]
64500 [9.9743e-02, 1.0040e-01]
64600 [9.9724e-02, 1.0039e-01]
64700 [9.9744e-02, 1.0040e-01]
64800 [9.9752e-02, 1.0040e-01]
64900 [9.9745e-02, 1.0039e-01]
65000 [9.9747e-02, 1.0039e-01]
65100 [9.9746e-02, 1.0039e-01]
65200 [9.9734e-02, 1.0039e-01]
65300 [9.9747e-02, 1.0039e-01]
65400 [9.9747e-02, 1.0040e-01]
65500 [9.9747e-02, 1.0039e-01]
65600 [9.9751e-02, 1.0039e-01]
65700 [9.9749e-02, 1.0039e-01]
65800 [9.9749e-02, 1.0039e-01]
65900 [9.9750e-02, 1.0039e-01]
66000 [9.9752e-02, 1.0039e-01]
66100 [9.9752e-02, 1.0039e-01]
66200 [9.9758e-02, 1.0039e-01]
66300 [9.9756e-02, 1.0039e-01]
66400 [9.9758e-02, 1.0039e-01]
66500 [9.9730e-02, 1.0042e-01]
66600 [9.9754e-02, 1.0038e-01]
66700 [9.9754e-02, 1.0039e-01]
66800 [9.9754e-02, 1.0039e-01]
66900 [9.9756e-02, 1.0039e-01]
67000 [9.9754e-02, 1.0039e-01]
67100 [9.9767e-02, 1.0039e-01]
67200 [9.9754e-02, 1.0039e-01]
67300 [9.9755e-02, 1.0038e-01]
67400 [9.9758e-02, 1.0039e-01]
67500 [9.9758e-02, 1.0039e-01]
67600 [9.9755e-02, 1.0038e-01]
67700 [9.9756e-02, 1.0038e-01]
67800 [9.9742e-02, 1.0039e-01]
67900 [9.9760e-02, 1.0039e-01]
68000 [9.9759e-02, 1.0039e-01]
68100 [9.9762e-02, 1.0039e-01]
68200 [9.9762e-02, 1.0039e-01]
68300 [9.9765e-02, 1.0038e-01]
68400 [9.9761e-02, 1.0038e-01]
68500 [9.9763e-02, 1.0038e-01]
68600 [9.9764e-02, 1.0038e-01]
68700 [9.9764e-02, 1.0038e-01]
68800 [9.9764e-02, 1.0038e-01]
68900 [9.9764e-02, 1.0038e-01]
69000 [9.9765e-02, 1.0038e-01]
69100 [9.9765e-02, 1.0038e-01]
69200 [9.9763e-02, 1.0038e-01]
69300 [9.9769e-02, 1.0038e-01]
69400 [9.9767e-02, 1.0038e-01]
69500 [9.9768e-02, 1.0038e-01]
69600 [9.9770e-02, 1.0038e-01]
69700 [9.9768e-02, 1.0038e-01]
69800 [9.9769e-02, 1.0038e-01]
69900 [9.9770e-02, 1.0038e-01]
70000 [9.9768e-02, 1.0038e-01]
70100 [9.9770e-02, 1.0038e-01]
70200 [9.9775e-02, 1.0038e-01]
70300 [9.9770e-02, 1.0036e-01]
70400 [9.9767e-02, 1.0038e-01]
70500 [9.9770e-02, 1.0038e-01]
70600 [9.9762e-02, 1.0038e-01]
70700 [9.9773e-02, 1.0038e-01]
70800 [9.9772e-02, 1.0038e-01]
70900 [9.9776e-02, 1.0037e-01]
71000 [9.9776e-02, 1.0037e-01]
71100 [9.9775e-02, 1.0038e-01]
71200 [9.9774e-02, 1.0037e-01]
71300 [9.9776e-02, 1.0037e-01]
71400 [9.9775e-02, 1.0038e-01]
71500 [9.9775e-02, 1.0038e-01]
71600 [9.9773e-02, 1.0039e-01]
71700 [9.9754e-02, 1.0038e-01]
71800 [9.9778e-02, 1.0037e-01]
71900 [9.9777e-02, 1.0037e-01]
72000 [9.9778e-02, 1.0036e-01]
72100 [9.9782e-02, 1.0038e-01]
72200 [9.9780e-02, 1.0037e-01]
72300 [9.9780e-02, 1.0037e-01]
72400 [9.9780e-02, 1.0037e-01]
72500 [9.9781e-02, 1.0037e-01]
72600 [9.9771e-02, 1.0038e-01]
72700 [9.9781e-02, 1.0037e-01]
72800 [9.9771e-02, 1.0037e-01]
72900 [9.9779e-02, 1.0037e-01]
73000 [9.9783e-02, 1.0037e-01]
73100 [9.9779e-02, 1.0037e-01]
73200 [9.9784e-02, 1.0037e-01]
73300 [9.9780e-02, 1.0037e-01]
73400 [9.9781e-02, 1.0035e-01]
73500 [9.9781e-02, 1.0037e-01]
73600 [9.9787e-02, 1.0036e-01]
73700 [9.9789e-02, 1.0037e-01]
73800 [9.9787e-02, 1.0037e-01]
73900 [9.9788e-02, 1.0037e-01]
74000 [9.9782e-02, 1.0037e-01]
74100 [9.9788e-02, 1.0037e-01]
74200 [9.9786e-02, 1.0037e-01]
74300 [9.9790e-02, 1.0037e-01]
74400 [9.9789e-02, 1.0037e-01]
74500 [9.9796e-02, 1.0037e-01]
74600 [9.9814e-02, 1.0034e-01]
74700 [9.9791e-02, 1.0036e-01]
74800 [9.9791e-02, 1.0037e-01]
74900 [9.9792e-02, 1.0037e-01]
75000 [9.9804e-02, 1.0036e-01]
75100 [9.9771e-02, 1.0036e-01]
75200 [9.9793e-02, 1.0037e-01]
75300 [9.9794e-02, 1.0037e-01]
75400 [9.9784e-02, 1.0038e-01]
75500 [9.9792e-02, 1.0036e-01]
75600 [9.9794e-02, 1.0036e-01]
75700 [9.9794e-02, 1.0036e-01]
75800 [9.9795e-02, 1.0036e-01]
75900 [9.9796e-02, 1.0036e-01]
76000 [9.9790e-02, 1.0036e-01]
76100 [9.9796e-02, 1.0036e-01]
76200 [9.9794e-02, 1.0036e-01]
76300 [9.9801e-02, 1.0036e-01]
76400 [9.9802e-02, 1.0036e-01]
76500 [9.9798e-02, 1.0036e-01]
76600 [9.9798e-02, 1.0036e-01]
76700 [9.9800e-02, 1.0036e-01]
76800 [9.9803e-02, 1.0036e-01]
76900 [9.9798e-02, 1.0036e-01]
77000 [9.9784e-02, 1.0035e-01]
77100 [9.9793e-02, 1.0037e-01]
77200 [9.9795e-02, 1.0036e-01]
77300 [9.9802e-02, 1.0036e-01]
77400 [9.9795e-02, 1.0037e-01]
77500 [9.9802e-02, 1.0036e-01]
77600 [9.9806e-02, 1.0036e-01]
77700 [9.9804e-02, 1.0036e-01]
77800 [9.9805e-02, 1.0036e-01]
77900 [9.9804e-02, 1.0036e-01]
78000 [9.9804e-02, 1.0036e-01]
78100 [9.9803e-02, 1.0036e-01]
78200 [9.9808e-02, 1.0037e-01]
78300 [9.9806e-02, 1.0036e-01]
78400 [9.9796e-02, 1.0036e-01]
78500 [9.9804e-02, 1.0036e-01]
78600 [9.9807e-02, 1.0036e-01]
78700 [9.9807e-02, 1.0036e-01]
78800 [9.9807e-02, 1.0036e-01]
78900 [9.9807e-02, 1.0035e-01]
79000 [9.9810e-02, 1.0036e-01]
79100 [9.9807e-02, 1.0036e-01]
79200 [9.9808e-02, 1.0035e-01]
79300 [9.9810e-02, 1.0036e-01]
79400 [9.9811e-02, 1.0035e-01]
79500 [9.9800e-02, 1.0033e-01]
79600 [9.9810e-02, 1.0035e-01]
79700 [9.9810e-02, 1.0035e-01]
79800 [9.9812e-02, 1.0035e-01]
79900 [9.9808e-02, 1.0035e-01]
80000 [9.9813e-02, 1.0036e-01]
80100 [9.9823e-02, 1.0035e-01]
80200 [9.9813e-02, 1.0035e-01]
80300 [9.9816e-02, 1.0035e-01]
80400 [9.9814e-02, 1.0035e-01]
80500 [9.9814e-02, 1.0035e-01]
80600 [9.9814e-02, 1.0035e-01]
80700 [9.9815e-02, 1.0035e-01]
80800 [9.9816e-02, 1.0035e-01]
80900 [9.9801e-02, 1.0037e-01]
81000 [9.9796e-02, 1.0035e-01]
81100 [9.9816e-02, 1.0035e-01]
81200 [9.9823e-02, 1.0035e-01]
81300 [9.9809e-02, 1.0034e-01]
81400 [9.9817e-02, 1.0035e-01]
81500 [9.9807e-02, 1.0035e-01]
81600 [9.9810e-02, 1.0036e-01]
81700 [9.9818e-02, 1.0035e-01]
81800 [9.9819e-02, 1.0035e-01]
81900 [9.9813e-02, 1.0034e-01]
82000 [9.9816e-02, 1.0035e-01]
82100 [9.9820e-02, 1.0035e-01]
82200 [9.9820e-02, 1.0035e-01]
82300 [9.9821e-02, 1.0035e-01]
82400 [9.9834e-02, 1.0035e-01]
82500 [9.9815e-02, 1.0035e-01]
82600 [9.9821e-02, 1.0035e-01]
82700 [9.9822e-02, 1.0035e-01]
82800 [9.9817e-02, 1.0038e-01]
82900 [9.9830e-02, 1.0035e-01]
83000 [9.9823e-02, 1.0035e-01]
83100 [9.9819e-02, 1.0034e-01]
83200 [9.9819e-02, 1.0034e-01]
83300 [9.9824e-02, 1.0034e-01]
83400 [9.9823e-02, 1.0034e-01]
83500 [9.9824e-02, 1.0034e-01]
83600 [9.9819e-02, 1.0035e-01]
83700 [9.9815e-02, 1.0035e-01]
83800 [9.9830e-02, 1.0034e-01]
83900 [9.9826e-02, 1.0034e-01]
84000 [9.9843e-02, 1.0033e-01]
84100 [9.9825e-02, 1.0034e-01]
84200 [9.9828e-02, 1.0034e-01]
84300 [9.9827e-02, 1.0034e-01]
84400 [9.9844e-02, 1.0033e-01]
84500 [9.9822e-02, 1.0034e-01]
84600 [9.9829e-02, 1.0034e-01]
84700 [9.9829e-02, 1.0034e-01]
84800 [9.9830e-02, 1.0034e-01]
84900 [9.9831e-02, 1.0034e-01]
85000 [9.9829e-02, 1.0034e-01]
85100 [9.9827e-02, 1.0034e-01]
85200 [9.9844e-02, 1.0034e-01]
85300 [9.9837e-02, 1.0032e-01]
85400 [9.9825e-02, 1.0034e-01]
85500 [9.9832e-02, 1.0034e-01]
85600 [9.9829e-02, 1.0034e-01]
85700 [9.9832e-02, 1.0034e-01]
85800 [9.9833e-02, 1.0035e-01]
85900 [9.9833e-02, 1.0034e-01]
86000 [9.9832e-02, 1.0034e-01]
86100 [9.9814e-02, 1.0034e-01]
86200 [9.9835e-02, 1.0034e-01]
86300 [9.9834e-02, 1.0034e-01]
86400 [9.9824e-02, 1.0033e-01]
86500 [9.9835e-02, 1.0034e-01]
86600 [9.9836e-02, 1.0034e-01]
86700 [9.9841e-02, 1.0033e-01]
86800 [9.9830e-02, 1.0033e-01]
86900 [9.9837e-02, 1.0034e-01]
87000 [9.9839e-02, 1.0033e-01]
87100 [9.9805e-02, 1.0035e-01]
87200 [9.9838e-02, 1.0034e-01]
87300 [9.9851e-02, 1.0034e-01]
87400 [9.9837e-02, 1.0034e-01]
87500 [9.9839e-02, 1.0033e-01]
87600 [9.9839e-02, 1.0033e-01]
87700 [9.9839e-02, 1.0034e-01]
87800 [9.9838e-02, 1.0033e-01]
87900 [9.9845e-02, 1.0033e-01]
88000 [9.9831e-02, 1.0032e-01]
88100 [9.9842e-02, 1.0033e-01]
88200 [9.9841e-02, 1.0033e-01]
88300 [9.9840e-02, 1.0033e-01]
88400 [9.9842e-02, 1.0033e-01]
88500 [9.9830e-02, 1.0033e-01]
88600 [9.9841e-02, 1.0034e-01]
88700 [9.9833e-02, 1.0033e-01]
88800 [9.9843e-02, 1.0033e-01]
88900 [9.9840e-02, 1.0033e-01]
89000 [9.9843e-02, 1.0033e-01]
89100 [9.9841e-02, 1.0033e-01]
89200 [9.9844e-02, 1.0033e-01]
89300 [9.9846e-02, 1.0033e-01]
89400 [9.9846e-02, 1.0033e-01]
89500 [9.9866e-02, 1.0033e-01]
89600 [9.9846e-02, 1.0033e-01]
89700 [9.9847e-02, 1.0033e-01]
89800 [9.9855e-02, 1.0034e-01]
89900 [9.9847e-02, 1.0033e-01]
90000 [9.9847e-02, 1.0033e-01]
90100 [9.9847e-02, 1.0033e-01]
90200 [9.9847e-02, 1.0033e-01]
90300 [9.9849e-02, 1.0033e-01]
90400 [9.9847e-02, 1.0033e-01]
90500 [9.9848e-02, 1.0033e-01]
90600 [9.9850e-02, 1.0032e-01]
90700 [9.9850e-02, 1.0033e-01]
90800 [9.9849e-02, 1.0033e-01]
90900 [9.9849e-02, 1.0033e-01]
91000 [9.9853e-02, 1.0032e-01]
91100 [9.9850e-02, 1.0033e-01]
91200 [9.9851e-02, 1.0033e-01]
91300 [9.9856e-02, 1.0033e-01]
91400 [9.9851e-02, 1.0032e-01]
91500 [9.9849e-02, 1.0033e-01]
91600 [9.9852e-02, 1.0032e-01]
91700 [9.9853e-02, 1.0033e-01]
91800 [9.9851e-02, 1.0032e-01]
91900 [9.9849e-02, 1.0033e-01]
92000 [9.9848e-02, 1.0032e-01]
92100 [9.9849e-02, 1.0032e-01]
92200 [9.9843e-02, 1.0032e-01]
92300 [9.9859e-02, 1.0033e-01]
92400 [9.9854e-02, 1.0032e-01]
92500 [9.9855e-02, 1.0032e-01]
92600 [9.9858e-02, 1.0033e-01]
92700 [9.9855e-02, 1.0032e-01]
92800 [9.9855e-02, 1.0032e-01]
92900 [9.9863e-02, 1.0034e-01]
93000 [9.9855e-02, 1.0032e-01]
93100 [9.9871e-02, 1.0032e-01]
93200 [9.9856e-02, 1.0032e-01]
93300 [9.9840e-02, 1.0034e-01]
93400 [9.9857e-02, 1.0032e-01]
93500 [9.9857e-02, 1.0032e-01]
93600 [9.9860e-02, 1.0034e-01]
93700 [9.9860e-02, 1.0032e-01]
93800 [9.9853e-02, 1.0033e-01]
93900 [9.9858e-02, 1.0032e-01]
94000 [9.9858e-02, 1.0032e-01]
94100 [9.9856e-02, 1.0032e-01]
94200 [9.9859e-02, 1.0032e-01]
94300 [9.9859e-02, 1.0032e-01]
94400 [9.9860e-02, 1.0032e-01]
94500 [9.9852e-02, 1.0033e-01]
94600 [9.9860e-02, 1.0032e-01]
94700 [9.9860e-02, 1.0032e-01]
94800 [9.9860e-02, 1.0032e-01]
94900 [9.9870e-02, 1.0032e-01]
95000 [9.9862e-02, 1.0032e-01]
95100 [9.9862e-02, 1.0031e-01]
95200 [9.9862e-02, 1.0032e-01]
95300 [9.9863e-02, 1.0032e-01]
95400 [9.9869e-02, 1.0031e-01]
95500 [9.9869e-02, 1.0032e-01]
95600 [9.9863e-02, 1.0032e-01]
95700 [9.9866e-02, 1.0031e-01]
95800 [9.9859e-02, 1.0033e-01]
95900 [9.9861e-02, 1.0031e-01]
96000 [9.9864e-02, 1.0031e-01]
96100 [9.9866e-02, 1.0031e-01]
96200 [9.9864e-02, 1.0031e-01]
96300 [9.9877e-02, 1.0032e-01]
96400 [9.9865e-02, 1.0031e-01]
96500 [9.9866e-02, 1.0031e-01]
96600 [9.9854e-02, 1.0029e-01]
96700 [9.9866e-02, 1.0031e-01]
96800 [9.9866e-02, 1.0031e-01]
96900 [9.9867e-02, 1.0031e-01]
97000 [9.9863e-02, 1.0031e-01]
97100 [9.9867e-02, 1.0031e-01]
97200 [9.9874e-02, 1.0032e-01]
97300 [9.9863e-02, 1.0032e-01]
97400 [9.9867e-02, 1.0031e-01]
97500 [9.9868e-02, 1.0031e-01]
97600 [9.9889e-02, 1.0029e-01]
97700 [9.9861e-02, 1.0031e-01]
97800 [9.9868e-02, 1.0031e-01]
97900 [9.9870e-02, 1.0031e-01]
98000 [9.9867e-02, 1.0031e-01]
98100 [9.9872e-02, 1.0030e-01]
98200 [9.9870e-02, 1.0031e-01]
98300 [9.9871e-02, 1.0031e-01]
98400 [9.9874e-02, 1.0032e-01]
98500 [9.9871e-02, 1.0031e-01]
98600 [9.9871e-02, 1.0031e-01]
98700 [9.9878e-02, 1.0030e-01]
98800 [9.9867e-02, 1.0031e-01]
98900 [9.9872e-02, 1.0031e-01]
99000 [9.9872e-02, 1.0031e-01]
99100 [9.9873e-02, 1.0031e-01]
99200 [9.9864e-02, 1.0030e-01]
99300 [9.9877e-02, 1.0030e-01]
99400 [9.9873e-02, 1.0031e-01]
99500 [9.9873e-02, 1.0031e-01]
99600 [9.9875e-02, 1.0031e-01]
99700 [9.9884e-02, 1.0031e-01]
99800 [9.9869e-02, 1.0031e-01]
99900 [9.9879e-02, 1.0031e-01]
100000 [9.9876e-02, 1.0030e-01]
