# step, loss_train, loss_test, metrics_test
0.000000000000000000e+00 4.255067615304142237e-04 4.625338912010192871e-01 1.313020940870046616e-03 7.752049714326858521e-02 3.631396684795618057e-04 4.625338912010192871e-01 1.313020940870046616e-03 7.752049714326858521e-02
1.000000000000000000e+03 1.335208769887685776e-03 1.237860531546175480e-03 3.109348006546497345e-03 1.296234549954533577e-03 8.783486555330455303e-04 1.237860531546175480e-03 3.109348006546497345e-03 1.296234549954533577e-03
2.000000000000000000e+03 4.868234391324222088e-04 3.850158536806702614e-04 1.660697511397302151e-03 8.534417138434946537e-04 3.174797166138887405e-04 3.850158536806702614e-04 1.660697511397302151e-03 8.534417138434946537e-04
3.000000000000000000e+03 2.968327898997813463e-04 2.763144439086318016e-04 1.200057682581245899e-03 6.822006544098258018e-04 1.922875235322862864e-04 2.763144439086318016e-04 1.200057682581245899e-03 6.822006544098258018e-04
4.000000000000000000e+03 2.496647939551621675e-04 1.905939861899241805e-04 8.773250156082212925e-04 5.710726836696267128e-04 1.691670913714915514e-04 1.905939861899241805e-04 8.773250156082212925e-04 5.710726836696267128e-04
5.000000000000000000e+03 2.402470272500067949e-04 1.484656240791082382e-04 6.925386260263621807e-04 5.291474517434835434e-04 1.650275080464780331e-04 1.484656240791082382e-04 6.925386260263621807e-04 5.291474517434835434e-04
6.000000000000000000e+03 2.336544857826083899e-04 1.273002417292445898e-04 5.397114437073469162e-04 5.160057335160672665e-04 1.722169399727135897e-04 1.273002417292445898e-04 5.397114437073469162e-04 5.160057335160672665e-04
7.000000000000000000e+03 2.013464109040796757e-04 1.084721734514459968e-04 4.270857025403529406e-04 4.835694271605461836e-04 1.393146521877497435e-04 1.084721734514459968e-04 4.270857025403529406e-04 4.835694271605461836e-04
8.000000000000000000e+03 3.689619188662618399e-04 9.974933345802128315e-05 4.254914529155939817e-04 4.556853091344237328e-04 2.729351981543004513e-04 9.974933345802128315e-05 4.254914529155939817e-04 4.556853091344237328e-04
9.000000000000000000e+03 1.583560078870505095e-04 7.896823808550834656e-05 2.282802161062136292e-04 4.604861605912446976e-04 1.100180743378587067e-04 7.896823808550834656e-05 2.282802161062136292e-04 4.604861605912446976e-04
1.000000000000000000e+04 1.178782840725034475e-04 6.961936014704406261e-05 1.649388577789068222e-04 4.369171801954507828e-04 7.824989734217524529e-05 6.961936014704406261e-05 1.649388577789068222e-04 4.369171801954507828e-04
1.100000000000000000e+04 1.003855577437207103e-04 6.331206532195210457e-05 1.216015880345366895e-04 4.278646665625274181e-04 6.914349069120362401e-05 6.331206532195210457e-05 1.216015880345366895e-04 4.278646665625274181e-04
1.200000000000000000e+04 8.318069012602791190e-05 6.030853182892315090e-05 1.015011221170425415e-04 4.146643041167408228e-04 5.976679676678031683e-05 6.030853182892315090e-05 1.015011221170425415e-04 4.146643041167408228e-04
1.300000000000000000e+04 6.846487667644396424e-05 5.843261169502511621e-05 8.609331416664645076e-05 4.071468429174274206e-04 4.996966163162142038e-05 5.843261169502511621e-05 8.609331416664645076e-05 4.071468429174274206e-04
1.400000000000000000e+04 6.177335308166220784e-05 5.834005423821508884e-05 8.616595732746645808e-05 3.941785544157028198e-04 4.767944483319297433e-05 5.834005423821508884e-05 8.616595732746645808e-05 3.941785544157028198e-04
1.500000000000000000e+04 4.635395816876552999e-05 5.640591916744597256e-05 7.064700912451371551e-05 3.927408542949706316e-04 3.470624506007879972e-05 5.640591916744597256e-05 7.064700912451371551e-05 3.927408542949706316e-04
1.600000000000000000e+04 7.446889503626152873e-05 7.272986113093793392e-05 6.925736670382320881e-05 3.821901336777955294e-04 7.908440602477639914e-05 7.272986113093793392e-05 6.925736670382320881e-05 3.821901336777955294e-04
1.700000000000000000e+04 3.295617352705448866e-05 5.792528827441856265e-05 6.221943476703017950e-05 3.845735627692192793e-04 2.584570029284805059e-05 5.792528827441856265e-05 6.221943476703017950e-05 3.845735627692192793e-04
1.800000000000000000e+04 2.738619696174282581e-05 5.490657713380642235e-05 6.178823969094082713e-05 3.783188876695930958e-04 2.126553954440169036e-05 5.490657713380642235e-05 6.178823969094082713e-05 3.783188876695930958e-04
1.900000000000000000e+04 2.338921694899909198e-05 5.458880696096457541e-05 6.005879913573153317e-05 3.756372025236487389e-04 1.827608139137737453e-05 5.458880696096457541e-05 6.005879913573153317e-05 3.756372025236487389e-04
2.000000000000000000e+04 1.164826244348660111e-04 6.260156078496947885e-05 1.030083731166087091e-04 3.925402415916323662e-04 1.067763514583930373e-04 6.260156078496947885e-05 1.030083731166087091e-04 3.925402415916323662e-04
2.100000000000000000e+04 1.771207098499871790e-05 5.410646917880512774e-05 5.781029540230520070e-05 3.717123763635754585e-04 1.413547306583495811e-05 5.410646917880512774e-05 5.781029540230520070e-05 3.717123763635754585e-04
2.200000000000000000e+04 1.758067082846537232e-05 5.301587952999398112e-05 5.606744161923415959e-05 3.725164278876036406e-04 1.368026096315588802e-05 5.301587952999398112e-05 5.606744161923415959e-05 3.725164278876036406e-04
2.300000000000000000e+04 1.421803335688309744e-05 5.362784577300772071e-05 5.592243905994109809e-05 3.696394851431250572e-04 1.146071372204460204e-05 5.362784577300772071e-05 5.592243905994109809e-05 3.696394851431250572e-04
2.400000000000000000e+04 1.300027179240714759e-05 5.329757550498470664e-05 5.529429472517222166e-05 3.687975695356726646e-04 1.064235948433633894e-05 5.329757550498470664e-05 5.529429472517222166e-05 3.687975695356726646e-04
2.500000000000000000e+04 1.198187692352803424e-05 5.304725345922634006e-05 5.446800423669628799e-05 3.682555397972464561e-04 9.824727385421283543e-06 5.304725345922634006e-05 5.446800423669628799e-05 3.682555397972464561e-04
2.600000000000000000e+04 1.294641060667345300e-05 5.096249515190720558e-05 5.358167618396691978e-05 3.724248090293258429e-04 1.051167237164918333e-05 5.096249515190720558e-05 5.358167618396691978e-05 3.724248090293258429e-04
2.700000000000000000e+04 1.048634203471010551e-05 5.240175596554763615e-05 5.306306775310076773e-05 3.674329782370477915e-04 8.691965376783628017e-06 5.240175596554763615e-05 5.306306775310076773e-05 3.674329782370477915e-04
2.800000000000000000e+04 9.841509381658397615e-06 5.212278483668342233e-05 5.223546395427547395e-05 3.671615559142082930e-04 8.099407750705722719e-06 5.212278483668342233e-05 5.223546395427547395e-05 3.671615559142082930e-04
2.900000000000000000e+04 1.102153692045249045e-05 5.287023668643087149e-05 5.167807103134691715e-05 3.671871963888406754e-04 8.807792255538515747e-06 5.287023668643087149e-05 5.167807103134691715e-05 3.671871963888406754e-04
3.000000000000000000e+04 8.884617272997274995e-06 5.147798583493568003e-05 5.078238973510451615e-05 3.666373959276825190e-04 7.294810529856476933e-06 5.147798583493568003e-05 5.078238973510451615e-05 3.666373959276825190e-04
3.100000000000000000e+04 8.499672730977181345e-06 5.116059764986857772e-05 4.997651194571517408e-05 3.664429532364010811e-04 6.890983968332875520e-06 5.116059764986857772e-05 4.997651194571517408e-05 3.664429532364010811e-04
3.200000000000000000e+04 8.143232662405353040e-06 5.133490776643157005e-05 4.942500163451768458e-05 3.655523469205945730e-04 6.689366273349151015e-06 5.133490776643157005e-05 4.942500163451768458e-05 3.655523469205945730e-04
3.300000000000000000e+04 7.782376997056417167e-06 5.041191252530552447e-05 4.853030259255319834e-05 3.659977810457348824e-04 6.281156856857705861e-06 5.041191252530552447e-05 4.853030259255319834e-05 3.659977810457348824e-04
3.400000000000000000e+04 7.494804322050185874e-06 5.004798731533810496e-05 4.778720904141664505e-05 3.657852066680788994e-04 5.988813882140675560e-06 5.004798731533810496e-05 4.778720904141664505e-05 3.657852066680788994e-04
3.500000000000000000e+04 7.270817150129005313e-06 4.915664612781256437e-05 4.696716132457368076e-05 3.664755495265126228e-04 5.758894985774531960e-06 4.915664612781256437e-05 4.696716132457368076e-05 3.664755495265126228e-04
3.600000000000000000e+04 7.009345154074253514e-06 4.932461524731479585e-05 4.632603304344229400e-05 3.653490566648542881e-04 5.499894541571848094e-06 4.932461524731479585e-05 4.632603304344229400e-05 3.653490566648542881e-04
3.700000000000000000e+04 7.067279057082487270e-06 5.043628334533423185e-05 4.618202729034237564e-05 3.642445662990212440e-04 5.413218786998186260e-06 5.043628334533423185e-05 4.618202729034237564e-05 3.642445662990212440e-04
3.800000000000000000e+04 6.644441782555077225e-06 4.849862671107985079e-05 4.483240263652987778e-05 3.650108992587774992e-04 5.095806045574136078e-06 4.849862671107985079e-05 4.483240263652987778e-05 3.650108992587774992e-04
3.900000000000000000e+04 6.539847618114436045e-06 4.803855699719861150e-05 4.415388684719800949e-05 3.648503916338086128e-04 5.056817826698534191e-06 4.803855699719861150e-05 4.415388684719800949e-05 3.648503916338086128e-04
4.000000000000000000e+04 6.661806764896027744e-06 4.784505290444940329e-05 4.336945130489766598e-05 3.646444820333272219e-04 4.956445081916172057e-06 4.784505290444940329e-05 4.336945130489766598e-05 3.646444820333272219e-04
4.100000000000000000e+04 6.808993475715396926e-06 4.715595423476770520e-05 4.283453381503932178e-05 3.647837729658931494e-04 5.339062226994428784e-06 4.715595423476770520e-05 4.283453381503932178e-05 3.647837729658931494e-04
4.200000000000000000e+04 1.568452171341050416e-05 4.787486250279471278e-05 4.421883568284101784e-05 3.651900333352386951e-04 1.394531864207237959e-05 4.787486250279471278e-05 4.421883568284101784e-05 3.651900333352386951e-04
4.300000000000000000e+04 6.248150384635664523e-06 4.637274469132535160e-05 4.120421363040804863e-05 3.642677038442343473e-04 4.712042482424294576e-06 4.637274469132535160e-05 4.120421363040804863e-05 3.642677038442343473e-04
4.400000000000000000e+04 6.264384410314960405e-06 4.601716500474140048e-05 4.052697840961627662e-05 3.639807691797614098e-04 4.748681931232567877e-06 4.601716500474140048e-05 4.052697840961627662e-05 3.639807691797614098e-04
4.500000000000000000e+04 5.952819719823310152e-06 4.559294757200405002e-05 3.973126149503514171e-05 3.637045156210660934e-04 4.337270183896180242e-06 4.559294757200405002e-05 3.973126149503514171e-05 3.637045156210660934e-04
4.600000000000000000e+04 5.918155693507287651e-06 4.520965740084648132e-05 3.898053182638250291e-05 3.634931053966283798e-04 4.253400220477487892e-06 4.520965740084648132e-05 3.898053182638250291e-05 3.634931053966283798e-04
4.700000000000000000e+04 5.958005658612819389e-06 4.478117261896841228e-05 3.826933607342652977e-05 3.633472661022096872e-04 4.348920356278540567e-06 4.478117261896841228e-05 3.826933607342652977e-05 3.633472661022096872e-04
4.800000000000000000e+04 7.209306659206049517e-06 4.280011125956661999e-05 3.685491174110211432e-05 3.660006041172891855e-04 5.343793873180402443e-06 4.280011125956661999e-05 3.685491174110211432e-05 3.660006041172891855e-04
4.900000000000000000e+04 5.901281838305294514e-06 4.399695171741768718e-05 3.677617496578022838e-05 3.629110287874937057e-04 4.200446255708811805e-06 4.399695171741768718e-05 3.677617496578022838e-05 3.629110287874937057e-04
5.000000000000000000e+04 6.456793016695883125e-06 4.517089837463572621e-05 3.654412284959107637e-05 3.609968116506934166e-04 5.003150818083668128e-06 4.517089837463572621e-05 3.654412284959107637e-05 3.609968116506934166e-04
5.100000000000000000e+04 9.399405098520219326e-05 4.491502477321773767e-05 5.559457349590957165e-05 3.804233274422585964e-04 8.503245771862566471e-05 4.491502477321773767e-05 5.559457349590957165e-05 3.804233274422585964e-04
5.200000000000000000e+04 6.380479590006871149e-06 4.514003376243636012e-05 3.556193769327364862e-05 3.600907220970839262e-04 4.931541297992225736e-06 4.514003376243636012e-05 3.556193769327364862e-05 3.600907220970839262e-04
5.300000000000000000e+04 6.072008545743301511e-06 4.239338159095495939e-05 3.400142668397165835e-05 3.621740615926682949e-04 4.362572326499503106e-06 4.239338159095495939e-05 3.400142668397165835e-05 3.621740615926682949e-04
5.400000000000000000e+04 6.127829237811965868e-06 4.200349212624132633e-05 3.331553671159781516e-05 3.619987983256578445e-04 4.405927938933018595e-06 4.200349212624132633e-05 3.331553671159781516e-05 3.619987983256578445e-04
5.500000000000000000e+04 6.191371994646033272e-06 4.171005275566130877e-05 3.268148066126741469e-05 3.617099719122052193e-04 4.473147328099003062e-06 4.171005275566130877e-05 3.268148066126741469e-05 3.617099719122052193e-04
5.600000000000000000e+04 2.433544250379782170e-05 4.322460154071450233e-05 3.636894325609318912e-05 3.641639195848256350e-04 1.944011273735668510e-05 4.322460154071450233e-05 3.636894325609318912e-05 3.641639195848256350e-04
5.700000000000000000e+04 3.118214226560667157e-05 4.298360363463871181e-05 3.654875035863369703e-05 3.652280429378151894e-04 2.556336039560846984e-05 4.298360363463871181e-05 3.654875035863369703e-05 3.652280429378151894e-04
5.800000000000000000e+04 6.383027084666537121e-06 4.056580655742436647e-05 3.076334542129188776e-05 3.612303116824477911e-04 4.685949988925131038e-06 4.056580655742436647e-05 3.076334542129188776e-05 3.612303116824477911e-04
5.900000000000000000e+04 1.139975756814237684e-05 4.029004412586800754e-05 3.103471317444927990e-05 3.620874194893985987e-04 9.708235666039399803e-06 4.029004412586800754e-05 3.103471317444927990e-05 3.620874194893985987e-04
6.000000000000000000e+04 6.972674600547179580e-05 4.807766526937484741e-05 4.715078466688282788e-05 3.715588245540857315e-04 5.753086952609010041e-05 4.807766526937484741e-05 4.715078466688282788e-05 3.715588245540857315e-04
6.100000000000000000e+04 8.325728231284301728e-06 4.404897481435909867e-05 3.099038804066367447e-05 3.567667736206203699e-04 7.216861376946326345e-06 4.404897481435909867e-05 3.099038804066367447e-05 3.567667736206203699e-04
6.200000000000000000e+04 6.642136213486082852e-06 3.911444218829274178e-05 2.839271655830089003e-05 3.607498074416071177e-04 5.085158591100480407e-06 3.911444218829274178e-05 2.839271655830089003e-05 3.607498074416071177e-04
6.300000000000000000e+04 6.572483016498154029e-06 3.885320256813429296e-05 2.785267679428216070e-05 3.604361554607748985e-04 4.967455879523186013e-06 3.885320256813429296e-05 2.785267679428216070e-05 3.604361554607748985e-04
6.400000000000000000e+04 1.407863055646885186e-05 3.669708894449286163e-05 2.620706800371408463e-05 3.637639747466892004e-04 1.177303511212812737e-05 3.669708894449286163e-05 2.620706800371408463e-05 3.637639747466892004e-04
6.500000000000000000e+04 6.611339358641998842e-06 3.822382859652861953e-05 2.676679287105798721e-05 3.601568168960511684e-04 5.008983862353488803e-06 3.822382859652861953e-05 2.676679287105798721e-05 3.601568168960511684e-04
6.600000000000000000e+04 6.840353307779878378e-06 3.859723074128851295e-05 2.651569411682430655e-05 3.591708082240074873e-04 5.176513241167413071e-06 3.859723074128851295e-05 2.651569411682430655e-05 3.591708082240074873e-04
6.700000000000000000e+04 9.135218533629085869e-06 3.751648910110816360e-05 2.619026599859353155e-05 3.606650570873171091e-04 7.651668965991120785e-06 3.751648910110816360e-05 2.619026599859353155e-05 3.606650570873171091e-04
6.800000000000000000e+04 6.801793006161460653e-06 3.725499482243321836e-05 2.528409822843968868e-05 3.600018098950386047e-04 5.378652531362604350e-06 3.725499482243321836e-05 2.528409822843968868e-05 3.600018098950386047e-04
6.900000000000000000e+04 1.421083834429737180e-05 3.761451080208644271e-05 2.620192935864906758e-05 3.603758523240685463e-04 1.120332308346405625e-05 3.761451080208644271e-05 2.620192935864906758e-05 3.603758523240685463e-04
7.000000000000000000e+04 6.804200893384404480e-06 3.695520717883482575e-05 2.443527046125382185e-05 3.592986613512039185e-04 5.162041361472802237e-06 3.695520717883482575e-05 2.443527046125382185e-05 3.592986613512039185e-04
7.100000000000000000e+04 6.421882062568329275e-06 3.653813473647460341e-05 2.390498229942750186e-05 3.592583234421908855e-04 4.962217190040973946e-06 3.653813473647460341e-05 2.390498229942750186e-05 3.592583234421908855e-04
7.200000000000000000e+04 4.674828960560262203e-05 6.042750464985147119e-05 3.464099791017360985e-05 3.479033766780048609e-04 4.876981256529688835e-05 6.042750464985147119e-05 3.464099791017360985e-05 3.479033766780048609e-04
7.300000000000000000e+04 6.308688170975074172e-06 3.603185177780687809e-05 2.302454049640800804e-05 3.589769476093351841e-04 4.889869614999042824e-06 3.603185177780687809e-05 2.302454049640800804e-05 3.589769476093351841e-04
7.400000000000000000e+04 6.234055035747587681e-06 3.579190524760633707e-05 2.260299515910446644e-05 3.588550607673823833e-04 4.842048838327173144e-06 3.579190524760633707e-05 2.260299515910446644e-05 3.588550607673823833e-04
7.500000000000000000e+04 6.295685579971177503e-06 3.562427446013316512e-05 2.220762507931794971e-05 3.587468818295747042e-04 5.030320608057081699e-06 3.562427446013316512e-05 2.220762507931794971e-05 3.587468818295747042e-04
7.600000000000000000e+04 6.082479103497462347e-06 3.533520066412165761e-05 2.177819987991824746e-05 3.585976373869925737e-04 4.741546035802457482e-06 3.533520066412165761e-05 2.177819987991824746e-05 3.585976373869925737e-04
7.700000000000000000e+04 6.670166385447373614e-06 3.492429095786064863e-05 2.109782326442655176e-05 3.590287524275481701e-04 5.148780473973602057e-06 3.492429095786064863e-05 2.109782326442655176e-05 3.590287524275481701e-04
7.800000000000000000e+04 9.119740570895373821e-05 3.540879333741031587e-05 3.595380258047953248e-05 3.743115521501749754e-04 8.080735278781503439e-05 3.540879333741031587e-05 3.595380258047953248e-05 3.743115521501749754e-04
7.900000000000000000e+04 6.082440449972636998e-06 3.477596692391671240e-05 2.061626582872122526e-05 3.581639612093567848e-04 4.655401880881981924e-06 3.477596692391671240e-05 2.061626582872122526e-05 3.581639612093567848e-04
8.000000000000000000e+04 9.454350220039486885e-05 8.289022662211209536e-05 8.700747275725007057e-05 3.919587179552763700e-04 6.668528658337891102e-05 8.289022662211209536e-05 8.700747275725007057e-05 3.919587179552763700e-04
8.100000000000000000e+04 5.681899892806541175e-06 3.433115853113122284e-05 1.984187292691785842e-05 3.579223412089049816e-04 4.428687134350184351e-06 3.433115853113122284e-05 1.984187292691785842e-05 3.579223412089049816e-04
8.200000000000000000e+04 5.598540610662894323e-06 3.413410740904510021e-05 1.946957672771532089e-05 3.578228643164038658e-04 4.387427907204255462e-06 3.413410740904510021e-05 1.946957672771532089e-05 3.578228643164038658e-04
8.300000000000000000e+04 5.518030320672551170e-06 3.398128683329559863e-05 1.911252365971449763e-05 3.576898598112165928e-04 4.327579517848789692e-06 3.398128683329559863e-05 1.911252365971449763e-05 3.576898598112165928e-04
8.400000000000000000e+04 5.446209797810297459e-06 3.381909482413902879e-05 1.875387170002795756e-05 3.575730952434241772e-04 4.287124738766578957e-06 3.381909482413902879e-05 1.875387170002795756e-05 3.575730952434241772e-04
8.500000000000000000e+04 6.309444870566949248e-05 3.404470771783962846e-05 3.065984128625132143e-05 3.725671849679201841e-04 5.426861025625839829e-05 3.404470771783962846e-05 3.065984128625132143e-05 3.725671849679201841e-04
8.600000000000000000e+04 1.621984556550160050e-04 3.533608833095058799e-05 4.135134804528206587e-05 3.781814884860068560e-04 1.437947503291070461e-04 3.533608833095058799e-05 4.135134804528206587e-05 3.781814884860068560e-04
8.700000000000000000e+04 5.937494734098436311e-06 3.458148421486839652e-05 1.835519105952698737e-05 3.559876349754631519e-04 4.594684014591621235e-06 3.458148421486839652e-05 1.835519105952698737e-05 3.559876349754631519e-04
8.800000000000000000e+04 5.137268999533262104e-06 3.329115497763268650e-05 1.740196967148222029e-05 3.571253910195082426e-04 4.098787030670791864e-06 3.329115497763268650e-05 1.740196967148222029e-05 3.571253910195082426e-04
8.900000000000000000e+04 5.722898094973061234e-06 3.572768036974593997e-05 1.824856008170172572e-05 3.543827624525874853e-04 5.138792403158731759e-06 3.572768036974593997e-05 1.824856008170172572e-05 3.543827624525874853e-04
9.000000000000000000e+04 5.778792910859920084e-06 3.311738691991195083e-05 1.681513640505727381e-05 3.568700631149113178e-04 4.544234343484276906e-06 3.311738691991195083e-05 1.681513640505727381e-05 3.568700631149113178e-04
9.100000000000000000e+04 1.512015878688544035e-04 3.434537575230933726e-05 3.836663745460100472e-05 3.771467600017786026e-04 1.337817520834505558e-04 3.434537575230933726e-05 3.836663745460100472e-05 3.771467600017786026e-04
9.200000000000000000e+04 5.064718607172835618e-06 3.299700256320647895e-05 1.626185621717013419e-05 3.565497754607349634e-04 4.092170456715393811e-06 3.299700256320647895e-05 1.626185621717013419e-05 3.565497754607349634e-04
9.300000000000000000e+04 4.790363618667470291e-06 3.275715789641253650e-05 1.590370447956956923e-05 3.566438099369406700e-04 3.982180260209133849e-06 3.275715789641253650e-05 1.590370447956956923e-05 3.566438099369406700e-04
9.400000000000000000e+04 5.320348464010749012e-06 3.523665145621635020e-05 1.667669675953220576e-05 3.539360186550766230e-04 4.864657057623844594e-06 3.523665145621635020e-05 1.667669675953220576e-05 3.539360186550766230e-04
9.500000000000000000e+04 4.646725756174419075e-06 3.257641219533979893e-05 1.537161551823373884e-05 3.565178194548934698e-04 3.955790816689841449e-06 3.257641219533979893e-05 1.537161551823373884e-05 3.565178194548934698e-04
9.600000000000000000e+04 7.840024409233592451e-06 3.215738979633897543e-05 1.515401072538224980e-05 3.572293499018996954e-04 6.462212695623748004e-06 3.215738979633897543e-05 1.515401072538224980e-05 3.572293499018996954e-04
9.700000000000000000e+04 4.508367965172510594e-06 3.245397965656593442e-05 1.489756687078624964e-05 3.563392965588718653e-04 3.929790636902907863e-06 3.245397965656593442e-05 1.489756687078624964e-05 3.563392965588718653e-04
9.800000000000000000e+04 4.428501142683671787e-06 3.243671017116867006e-05 1.468778646085411310e-05 3.562268684618175030e-04 3.897617716575041413e-06 3.243671017116867006e-05 1.468778646085411310e-05 3.562268684618175030e-04
9.900000000000000000e+04 4.351878942543407902e-06 3.242814273107796907e-05 1.450779654987854883e-05 3.561007906682789326e-04 3.888576884492067620e-06 3.242814273107796907e-05 1.450779654987854883e-05 3.561007906682789326e-04
1.000000000000000000e+05 4.291684945201268420e-06 3.232939343433827162e-05 1.428139876225031912e-05 3.561176999937742949e-04 3.890939751727273688e-06 3.232939343433827162e-05 1.428139876225031912e-05 3.561176999937742949e-04
