# x
4.999999701976776123e-01 8.897113800048828125e-01 0.000000000000000000e+00
5.000000000000000000e-01 2.750000059604644775e-01 0.000000000000000000e+00
3.051442801952362061e-01 6.948556900024414062e-01 0.000000000000000000e+00
7.976471185684204102e-01 2.023530602455139160e-01 0.000000000000000000e+00
7.515576481819152832e-01 7.515576481819152832e-01 0.000000000000000000e+00
3.875000178813934326e-01 3.874999880790710449e-01 0.000000000000000000e+00
4.254319369792938232e-01 6.800231933593750000e-01 0.000000000000000000e+00
6.427869796752929688e-01 1.552818417549133301e-01 0.000000000000000000e+00
9.025441408157348633e-01 6.667392253875732422e-01 0.000000000000000000e+00
2.250100374221801758e-01 3.860954046249389648e-01 0.000000000000000000e+00
5.962669253349304199e-01 7.324089407920837402e-01 0.000000000000000000e+00
3.447743654251098633e-01 1.252517998218536377e-01 0.000000000000000000e+00
1.881906390190124512e-01 6.291556358337402344e-01 0.000000000000000000e+00
6.039364337921142578e-01 4.569481015205383301e-01 0.000000000000000000e+00
3.648636937141418457e-01 5.268802642822265625e-01 0.000000000000000000e+00
8.400856256484985352e-01 4.323528110980987549e-01 0.000000000000000000e+00
5.806407928466796875e-01 9.054089784622192383e-01 0.000000000000000000e+00
4.485281705856323242e-01 2.412336468696594238e-01 0.000000000000000000e+00
7.561707496643066406e-01 6.711678504943847656e-01 0.000000000000000000e+00
1.317313611507415771e-01 2.539307475090026855e-01 0.000000000000000000e+00
2.880465388298034668e-01 8.172106742858886719e-01 0.000000000000000000e+00
6.169298887252807617e-01 3.250020742416381836e-01 0.000000000000000000e+00
5.988237857818603516e-01 6.479002237319946289e-01 0.000000000000000000e+00
2.974715828895568848e-01 1.968946754932403564e-01 0.000000000000000000e+00
1.438090205192565918e-01 7.379992008209228516e-01 0.000000000000000000e+00
7.384819984436035156e-01 3.406513929367065430e-01 0.000000000000000000e+00
4.534419775009155273e-01 7.340629100799560547e-01 0.000000000000000000e+00
5.775967240333557129e-01 1.098950803279876709e-01 0.000000000000000000e+00
8.216887712478637695e-01 5.639878511428833008e-01 0.000000000000000000e+00
4.219790101051330566e-01 4.844806492328643799e-01 0.000000000000000000e+00
4.904503822326660156e-01 5.969586968421936035e-01 0.000000000000000000e+00
5.326181650161743164e-01 1.688229441642761230e-01 0.000000000000000000e+00
8.997709751129150391e-01 5.393739938735961914e-01 0.000000000000000000e+00
2.559925913810729980e-01 4.759673476219177246e-01 0.000000000000000000e+00
6.854227185249328613e-01 7.259382009506225586e-01 0.000000000000000000e+00
2.259012162685394287e-01 1.660096645355224609e-01 0.000000000000000000e+00
2.148705422878265381e-01 7.339996695518493652e-01 0.000000000000000000e+00
6.442129611968994141e-01 3.816475272178649902e-01 0.000000000000000000e+00
6.921312212944030762e-01 6.026962995529174805e-01 0.000000000000000000e+00
1.599042117595672607e-01 3.182150125503540039e-01 0.000000000000000000e+00
2.895352244377136230e-01 8.937518596649169922e-01 0.000000000000000000e+00
6.476352214813232422e-01 2.237939536571502686e-01 0.000000000000000000e+00
2.418504655361175537e-01 5.783088207244873047e-01 0.000000000000000000e+00
8.991983532905578613e-01 3.789046406745910645e-01 0.000000000000000000e+00
6.019715070724487305e-01 8.361550569534301758e-01 0.000000000000000000e+00
4.567988216876983643e-01 3.575847744941711426e-01 0.000000000000000000e+00
5.123285055160522461e-01 6.251731514930725098e-01 0.000000000000000000e+00
4.664629697799682617e-01 1.594921946525573730e-01 0.000000000000000000e+00
9.246569871902465820e-02 5.401386022567749023e-01 0.000000000000000000e+00
7.565286755561828613e-01 4.747342169284820557e-01 0.000000000000000000e+00
3.078324496746063232e-01 7.341568470001220703e-01 0.000000000000000000e+00
7.787058353424072266e-01 1.603960096836090088e-01 0.000000000000000000e+00
7.916849851608276367e-01 7.393797039985656738e-01 0.000000000000000000e+00
3.432240486145019531e-01 3.713372349739074707e-01 0.000000000000000000e+00
3.511757850646972656e-01 5.795481801033020020e-01 0.000000000000000000e+00
8.176466822624206543e-01 3.302144110202789307e-01 0.000000000000000000e+00
7.001918554306030273e-01 8.745326995849609375e-01 0.000000000000000000e+00
3.674196600914001465e-01 2.519596219062805176e-01 0.000000000000000000e+00
7.219380736351013184e-01 5.673241615295410156e-01 0.000000000000000000e+00
1.232047677040100098e-01 3.857003450393676758e-01 0.000000000000000000e+00
4.061998426914215088e-01 8.092176914215087891e-01 0.000000000000000000e+00
5.163285136222839355e-01 4.461721181869506836e-01 0.000000000000000000e+00
4.446654915809631348e-01 5.410388708114624023e-01 0.000000000000000000e+00
7.615006566047668457e-01 3.060580193996429443e-01 0.000000000000000000e+00
7.357502579689025879e-01 8.178724646568298340e-01 0.000000000000000000e+00
3.598256409168243408e-01 3.109967112541198730e-01 0.000000000000000000e+00
7.809741497039794922e-01 5.416785478591918945e-01 0.000000000000000000e+00
7.807990908622741699e-02 4.374140501022338867e-01 0.000000000000000000e+00
4.468299448490142822e-01 8.584432005882263184e-01 0.000000000000000000e+00
5.254392623901367188e-01 3.285023570060729980e-01 0.000000000000000000e+00
5.502181053161621094e-01 7.004818916320800781e-01 0.000000000000000000e+00
4.078068733215332031e-01 1.319439411163330078e-01 0.000000000000000000e+00
7.209652662277221680e-02 6.071841716766357422e-01 0.000000000000000000e+00
7.963597774505615234e-01 4.257657229900360107e-01 0.000000000000000000e+00
3.659114539623260498e-01 7.237132191658020020e-01 0.000000000000000000e+00
7.115190029144287109e-01 1.471019685268402100e-01 0.000000000000000000e+00
7.954527139663696289e-01 6.770875453948974609e-01 0.000000000000000000e+00
3.868502080440521240e-01 4.321806132793426514e-01 0.000000000000000000e+00
6.141412854194641113e-01 6.034516096115112305e-01 0.000000000000000000e+00
2.380546927452087402e-01 2.625865936279296875e-01 0.000000000000000000e+00
2.185811400413513184e-01 8.104978203773498535e-01 0.000000000000000000e+00
6.831220388412475586e-01 2.979559898376464844e-01 0.000000000000000000e+00
1.846779584884643555e-01 5.154907107353210449e-01 0.000000000000000000e+00
9.476988315582275391e-01 4.780059754848480225e-01 0.000000000000000000e+00
5.190223455429077148e-01 8.872094154357910156e-01 0.000000000000000000e+00
4.891337156295776367e-01 2.788102924823760986e-01 0.000000000000000000e+00
4.357372224330902100e-01 6.796023845672607422e-01 0.000000000000000000e+00
6.249842047691345215e-01 1.506926119327545166e-01 0.000000000000000000e+00
9.085278511047363281e-01 6.461735963821411133e-01 0.000000000000000000e+00
2.222657203674316406e-01 4.006250500679016113e-01 0.000000000000000000e+00
6.062018275260925293e-01 7.245448231697082520e-01 0.000000000000000000e+00
3.274090290069580078e-01 1.350868940353393555e-01 0.000000000000000000e+00
1.970297396183013916e-01 6.432942152023315430e-01 0.000000000000000000e+00
5.951305031776428223e-01 4.550066590309143066e-01 0.000000000000000000e+00
5.597277879714965820e-01 5.658994913101196289e-01 0.000000000000000000e+00
2.781209945678710938e-01 2.551942467689514160e-01 0.000000000000000000e+00
2.038185894489288330e-01 7.684431076049804688e-01 0.000000000000000000e+00
6.792659759521484375e-01 3.375227451324462891e-01 0.000000000000000000e+00
4.857917129993438721e-01 7.892158031463623047e-01 0.000000000000000000e+00
5.211104154586791992e-01 7.028847932815551758e-02 0.000000000000000000e+00
5.000000000000000000e-01 4.375000000000000000e-01 0.000000000000000000e+00
2.500000000000000000e-01 5.937500000000000000e-01 0.000000000000000000e+00
9.375000000000000000e-02 3.125000000000000000e-01 0.000000000000000000e+00
8.125000000000000000e-01 7.500000000000000000e-01 0.000000000000000000e+00
9.375000000000000000e-02 6.250000000000000000e-01 0.000000000000000000e+00
7.187500000000000000e-01 6.562500000000000000e-01 0.000000000000000000e+00
1.875000000000000000e-01 5.937500000000000000e-01 0.000000000000000000e+00
1.250000000000000000e-01 6.250000000000000000e-01 0.000000000000000000e+00
8.750000000000000000e-01 3.125000000000000000e-01 0.000000000000000000e+00
8.750000000000000000e-01 6.250000000000000000e-01 0.000000000000000000e+00
9.375000000000000000e-02 5.937500000000000000e-01 0.000000000000000000e+00
4.062500000000000000e-01 8.125000000000000000e-01 0.000000000000000000e+00
6.562500000000000000e-01 7.187500000000000000e-01 0.000000000000000000e+00
7.187500000000000000e-01 1.562500000000000000e-01 0.000000000000000000e+00
6.875000000000000000e-01 5.000000000000000000e-01 0.000000000000000000e+00
4.687500000000000000e-01 7.187500000000000000e-01 0.000000000000000000e+00
8.125000000000000000e-01 6.250000000000000000e-01 0.000000000000000000e+00
8.125000000000000000e-01 2.500000000000000000e-01 0.000000000000000000e+00
1.875000000000000000e-01 7.187500000000000000e-01 0.000000000000000000e+00
3.125000000000000000e-01 3.750000000000000000e-01 0.000000000000000000e+00
2.187500000000000000e-01 3.437500000000000000e-01 0.000000000000000000e+00
2.500000000000000000e-01 5.000000000000000000e-01 0.000000000000000000e+00
1.562500000000000000e-01 7.812500000000000000e-01 0.000000000000000000e+00
5.937500000000000000e-01 2.187500000000000000e-01 0.000000000000000000e+00
3.125000000000000000e-01 5.000000000000000000e-01 0.000000000000000000e+00
6.875000000000000000e-01 3.750000000000000000e-01 0.000000000000000000e+00
4.375000000000000000e-01 1.250000000000000000e-01 0.000000000000000000e+00
1.250000000000000000e-01 7.187500000000000000e-01 0.000000000000000000e+00
2.187500000000000000e-01 4.062500000000000000e-01 0.000000000000000000e+00
6.250000000000000000e-01 2.500000000000000000e-01 0.000000000000000000e+00
4.687500000000000000e-01 4.062500000000000000e-01 0.000000000000000000e+00
3.750000000000000000e-01 3.437500000000000000e-01 0.000000000000000000e+00
4.687500000000000000e-01 9.062500000000000000e-01 0.000000000000000000e+00
5.937500000000000000e-01 3.750000000000000000e-01 0.000000000000000000e+00
3.437500000000000000e-01 4.062500000000000000e-01 0.000000000000000000e+00
6.250000000000000000e-01 3.125000000000000000e-01 0.000000000000000000e+00
1.562500000000000000e-01 4.062500000000000000e-01 0.000000000000000000e+00
9.375000000000000000e-02 6.875000000000000000e-01 0.000000000000000000e+00
6.875000000000000000e-01 7.812500000000000000e-01 0.000000000000000000e+00
9.062500000000000000e-01 5.000000000000000000e-01 0.000000000000000000e+00
4.375000000000000000e-01 3.750000000000000000e-01 0.000000000000000000e+00
3.437500000000000000e-01 6.875000000000000000e-01 0.000000000000000000e+00
6.250000000000000000e-01 5.312500000000000000e-01 0.000000000000000000e+00
3.437500000000000000e-01 7.500000000000000000e-01 0.000000000000000000e+00
9.375000000000000000e-02 6.562500000000000000e-01 0.000000000000000000e+00
1.562500000000000000e-01 5.937500000000000000e-01 0.000000000000000000e+00
6.562500000000000000e-01 7.500000000000000000e-01 0.000000000000000000e+00
5.625000000000000000e-01 5.000000000000000000e-01 0.000000000000000000e+00
6.562500000000000000e-01 9.062500000000000000e-01 0.000000000000000000e+00
6.250000000000000000e-01 8.750000000000000000e-01 0.000000000000000000e+00
6.250000000000000000e-01 5.937500000000000000e-01 0.000000000000000000e+00
5.000000000000000000e-01 2.812500000000000000e-01 0.000000000000000000e+00
6.562500000000000000e-01 2.187500000000000000e-01 0.000000000000000000e+00
2.812500000000000000e-01 2.187500000000000000e-01 0.000000000000000000e+00
6.875000000000000000e-01 4.375000000000000000e-01 0.000000000000000000e+00
1.875000000000000000e-01 3.125000000000000000e-01 0.000000000000000000e+00
8.437500000000000000e-01 7.812500000000000000e-01 0.000000000000000000e+00
2.187500000000000000e-01 7.187500000000000000e-01 0.000000000000000000e+00
9.062500000000000000e-01 3.437500000000000000e-01 0.000000000000000000e+00
5.312500000000000000e-01 8.437500000000000000e-01 0.000000000000000000e+00
1.562500000000000000e-01 6.562500000000000000e-01 0.000000000000000000e+00
6.875000000000000000e-01 5.937500000000000000e-01 0.000000000000000000e+00
9.062500000000000000e-01 5.625000000000000000e-01 0.000000000000000000e+00
7.812500000000000000e-01 4.375000000000000000e-01 0.000000000000000000e+00
5.625000000000000000e-01 2.812500000000000000e-01 0.000000000000000000e+00
3.125000000000000000e-01 1.562500000000000000e-01 0.000000000000000000e+00
3.750000000000000000e-01 5.625000000000000000e-01 0.000000000000000000e+00
5.625000000000000000e-01 9.375000000000000000e-02 0.000000000000000000e+00
7.500000000000000000e-01 3.750000000000000000e-01 0.000000000000000000e+00
5.937500000000000000e-01 6.875000000000000000e-01 0.000000000000000000e+00
4.062500000000000000e-01 1.562500000000000000e-01 0.000000000000000000e+00
9.062500000000000000e-01 3.125000000000000000e-01 0.000000000000000000e+00
1.250000000000000000e-01 5.625000000000000000e-01 0.000000000000000000e+00
5.937500000000000000e-01 2.500000000000000000e-01 0.000000000000000000e+00
1.250000000000000000e-01 5.312500000000000000e-01 0.000000000000000000e+00
2.500000000000000000e-01 5.625000000000000000e-01 0.000000000000000000e+00
6.875000000000000000e-01 9.375000000000000000e-02 0.000000000000000000e+00
8.437500000000000000e-01 2.187500000000000000e-01 0.000000000000000000e+00
6.562500000000000000e-01 2.500000000000000000e-01 0.000000000000000000e+00
7.812500000000000000e-01 2.187500000000000000e-01 0.000000000000000000e+00
5.000000000000000000e-01 4.375000000000000000e-01 0.000000000000000000e+00
9.062500000000000000e-01 3.437500000000000000e-01 1.000000014901161194e-01
6.562500000000000000e-01 3.437500000000000000e-01 2.000000029802322388e-01
6.875000000000000000e-01 7.812500000000000000e-01 1.000000014901161194e-01
7.187500000000000000e-01 5.625000000000000000e-01 2.000000029802322388e-01
7.812500000000000000e-01 5.625000000000000000e-01 4.000000059604644775e-01
3.125000000000000000e-01 6.250000000000000000e-01 3.000000119209289551e-01
5.937500000000000000e-01 4.375000000000000000e-01 2.000000029802322388e-01
5.937500000000000000e-01 8.437500000000000000e-01 4.000000059604644775e-01
2.500000000000000000e-01 5.937500000000000000e-01 0.000000000000000000e+00
9.375000000000000000e-02 3.125000000000000000e-01 0.000000000000000000e+00
8.125000000000000000e-01 7.500000000000000000e-01 0.000000000000000000e+00
4.062500000000000000e-01 9.375000000000000000e-02 1.000000014901161194e-01
5.000000000000000000e-01 6.250000000000000000e-02 1.000000014901161194e-01
2.812500000000000000e-01 4.375000000000000000e-01 4.000000059604644775e-01
7.812500000000000000e-01 8.125000000000000000e-01 3.000000119209289551e-01
2.187500000000000000e-01 2.500000000000000000e-01 1.000000014901161194e-01
5.937500000000000000e-01 6.250000000000000000e-02 1.000000014901161194e-01
9.375000000000000000e-02 6.250000000000000000e-01 0.000000000000000000e+00
4.375000000000000000e-01 5.000000000000000000e-01 2.000000029802322388e-01
5.312500000000000000e-01 6.875000000000000000e-01 1.000000014901161194e-01
8.750000000000000000e-01 4.687500000000000000e-01 3.000000119209289551e-01
5.000000000000000000e-01 3.750000000000000000e-01 1.000000014901161194e-01
6.250000000000000000e-01 3.125000000000000000e-01 2.000000029802322388e-01
7.187500000000000000e-01 6.562500000000000000e-01 0.000000000000000000e+00
7.187500000000000000e-01 5.937500000000000000e-01 3.000000119209289551e-01
4.062500000000000000e-01 6.250000000000000000e-02 1.000000014901161194e-01
5.312500000000000000e-01 8.437500000000000000e-01 3.000000119209289551e-01
3.437500000000000000e-01 5.937500000000000000e-01 1.000000014901161194e-01
7.500000000000000000e-01 5.625000000000000000e-01 3.000000119209289551e-01
8.125000000000000000e-01 2.187500000000000000e-01 2.000000029802322388e-01
7.812500000000000000e-01 5.937500000000000000e-01 1.000000014901161194e-01
1.562500000000000000e-01 7.812500000000000000e-01 2.000000029802322388e-01
1.875000000000000000e-01 5.937500000000000000e-01 0.000000000000000000e+00
1.250000000000000000e-01 6.250000000000000000e-01 0.000000000000000000e+00
7.500000000000000000e-01 3.750000000000000000e-01 3.000000119209289551e-01
3.437500000000000000e-01 1.562500000000000000e-01 3.000000119209289551e-01
8.437500000000000000e-01 5.625000000000000000e-01 3.000000119209289551e-01
4.062500000000000000e-01 6.562500000000000000e-01 1.000000014901161194e-01
5.625000000000000000e-01 5.625000000000000000e-01 4.000000059604644775e-01
9.375000000000000000e-01 5.937500000000000000e-01 2.000000029802322388e-01
1.562500000000000000e-01 2.187500000000000000e-01 1.000000014901161194e-01
3.125000000000000000e-01 8.437500000000000000e-01 3.000000119209289551e-01
7.187500000000000000e-01 6.250000000000000000e-01 1.000000014901161194e-01
7.812500000000000000e-01 1.562500000000000000e-01 4.000000059604644775e-01
2.500000000000000000e-01 3.437500000000000000e-01 3.000000119209289551e-01
7.812500000000000000e-01 3.125000000000000000e-01 1.000000014901161194e-01
1.562500000000000000e-01 6.250000000000000000e-01 3.000000119209289551e-01
4.062500000000000000e-01 8.437500000000000000e-01 1.000000014901161194e-01
8.750000000000000000e-01 3.125000000000000000e-01 0.000000000000000000e+00
7.812500000000000000e-01 2.812500000000000000e-01 3.000000119209289551e-01
4.062500000000000000e-01 5.312500000000000000e-01 1.000000014901161194e-01
4.375000000000000000e-01 4.062500000000000000e-01 2.000000029802322388e-01
3.437500000000000000e-01 5.625000000000000000e-01 2.000000029802322388e-01
5.937500000000000000e-01 2.812500000000000000e-01 3.000000119209289551e-01
8.750000000000000000e-01 6.250000000000000000e-01 0.000000000000000000e+00
9.375000000000000000e-02 5.937500000000000000e-01 0.000000000000000000e+00
1.562500000000000000e-01 2.187500000000000000e-01 4.000000059604644775e-01
9.062500000000000000e-01 3.125000000000000000e-01 3.000000119209289551e-01
8.750000000000000000e-01 4.687500000000000000e-01 4.000000059604644775e-01
7.812500000000000000e-01 2.812500000000000000e-01 4.000000059604644775e-01
7.500000000000000000e-01 2.187500000000000000e-01 3.000000119209289551e-01
2.812500000000000000e-01 3.125000000000000000e-01 1.000000014901161194e-01
4.062500000000000000e-01 4.375000000000000000e-01 1.000000014901161194e-01
6.875000000000000000e-01 4.375000000000000000e-01 1.000000014901161194e-01
4.687500000000000000e-01 1.250000000000000000e-01 2.000000029802322388e-01
8.125000000000000000e-01 7.187500000000000000e-01 2.000000029802322388e-01
1.250000000000000000e-01 5.000000000000000000e-01 4.000000059604644775e-01
8.125000000000000000e-01 2.812500000000000000e-01 2.000000029802322388e-01
5.000000000000000000e-01 4.062500000000000000e-01 4.000000059604644775e-01
4.062500000000000000e-01 8.125000000000000000e-01 0.000000000000000000e+00
9.062500000000000000e-01 5.000000000000000000e-01 1.000000014901161194e-01
2.187500000000000000e-01 4.062500000000000000e-01 1.000000014901161194e-01
7.812500000000000000e-01 4.687500000000000000e-01 4.000000059604644775e-01
6.562500000000000000e-01 7.187500000000000000e-01 0.000000000000000000e+00
3.125000000000000000e-01 7.187500000000000000e-01 2.000000029802322388e-01
5.312500000000000000e-01 5.312500000000000000e-01 1.000000014901161194e-01
7.500000000000000000e-01 1.875000000000000000e-01 2.000000029802322388e-01
5.000000000000000000e-01 3.437500000000000000e-01 4.000000059604644775e-01
4.687500000000000000e-01 9.062500000000000000e-01 1.000000014901161194e-01
9.062500000000000000e-01 3.125000000000000000e-01 1.000000014901161194e-01
6.562500000000000000e-01 5.937500000000000000e-01 1.000000014901161194e-01
5.937500000000000000e-01 3.437500000000000000e-01 4.000000059604644775e-01
5.625000000000000000e-01 4.687500000000000000e-01 3.000000119209289551e-01
9.375000000000000000e-02 5.937500000000000000e-01 3.000000119209289551e-01
6.562500000000000000e-01 2.187500000000000000e-01 3.000000119209289551e-01
9.062500000000000000e-01 4.687500000000000000e-01 1.000000014901161194e-01
9.062500000000000000e-01 5.625000000000000000e-01 1.000000014901161194e-01
6.562500000000000000e-01 7.187500000000000000e-01 4.000000059604644775e-01
7.187500000000000000e-01 1.562500000000000000e-01 0.000000000000000000e+00
3.125000000000000000e-01 8.437500000000000000e-01 4.000000059604644775e-01
1.250000000000000000e-01 2.812500000000000000e-01 3.000000119209289551e-01
3.125000000000000000e-01 9.375000000000000000e-02 2.000000029802322388e-01
6.875000000000000000e-01 6.562500000000000000e-01 3.000000119209289551e-01
1.250000000000000000e-01 4.375000000000000000e-01 3.000000119209289551e-01
3.437500000000000000e-01 3.125000000000000000e-01 2.000000029802322388e-01
5.625000000000000000e-01 3.437500000000000000e-01 2.000000029802322388e-01
7.812500000000000000e-01 8.437500000000000000e-01 1.000000014901161194e-01
6.875000000000000000e-01 8.125000000000000000e-01 1.000000014901161194e-01
1.875000000000000000e-01 1.875000000000000000e-01 3.000000119209289551e-01
8.750000000000000000e-01 3.437500000000000000e-01 3.000000119209289551e-01
8.125000000000000000e-01 3.750000000000000000e-01 1.000000014901161194e-01
7.187500000000000000e-01 5.937500000000000000e-01 2.000000029802322388e-01
5.937500000000000000e-01 6.875000000000000000e-01 3.000000119209289551e-01
6.875000000000000000e-01 5.000000000000000000e-01 0.000000000000000000e+00
5.625000000000000000e-01 3.750000000000000000e-01 2.000000029802322388e-01
7.812500000000000000e-01 4.062500000000000000e-01 1.000000014901161194e-01
4.687500000000000000e-01 7.187500000000000000e-01 0.000000000000000000e+00
8.125000000000000000e-01 6.250000000000000000e-01 0.000000000000000000e+00
6.250000000000000000e-01 8.750000000000000000e-01 4.000000059604644775e-01
8.125000000000000000e-01 2.500000000000000000e-01 0.000000000000000000e+00
1.875000000000000000e-01 7.187500000000000000e-01 0.000000000000000000e+00
3.125000000000000000e-01 3.750000000000000000e-01 0.000000000000000000e+00
5.000000000000000000e-01 7.187500000000000000e-01 3.000000119209289551e-01
3.750000000000000000e-01 8.125000000000000000e-01 3.000000119209289551e-01
2.187500000000000000e-01 3.437500000000000000e-01 0.000000000000000000e+00
1.562500000000000000e-01 5.937500000000000000e-01 2.000000029802322388e-01
3.437500000000000000e-01 9.375000000000000000e-02 4.000000059604644775e-01
5.625000000000000000e-01 5.625000000000000000e-01 1.000000014901161194e-01
2.500000000000000000e-01 5.000000000000000000e-01 0.000000000000000000e+00
2.812500000000000000e-01 5.937500000000000000e-01 3.000000119209289551e-01
2.500000000000000000e-01 6.875000000000000000e-01 4.000000059604644775e-01
4.375000000000000000e-01 4.687500000000000000e-01 4.000000059604644775e-01
5.625000000000000000e-01 9.375000000000000000e-02 4.000000059604644775e-01
3.125000000000000000e-01 5.312500000000000000e-01 2.000000029802322388e-01
5.937500000000000000e-01 1.875000000000000000e-01 2.000000029802322388e-01
5.625000000000000000e-01 4.687500000000000000e-01 4.000000059604644775e-01
5.312500000000000000e-01 7.500000000000000000e-01 3.000000119209289551e-01
5.625000000000000000e-01 4.062500000000000000e-01 2.000000029802322388e-01
1.562500000000000000e-01 7.812500000000000000e-01 0.000000000000000000e+00
5.625000000000000000e-01 1.875000000000000000e-01 1.000000014901161194e-01
5.625000000000000000e-01 8.125000000000000000e-01 4.000000059604644775e-01
5.937500000000000000e-01 2.187500000000000000e-01 0.000000000000000000e+00
4.375000000000000000e-01 6.250000000000000000e-01 4.000000059604644775e-01
6.250000000000000000e-01 6.250000000000000000e-01 1.000000014901161194e-01
3.125000000000000000e-01 5.625000000000000000e-01 4.000000059604644775e-01
6.562500000000000000e-01 5.937500000000000000e-01 2.000000029802322388e-01
5.937500000000000000e-01 8.125000000000000000e-01 1.000000014901161194e-01
1.250000000000000000e-01 3.437500000000000000e-01 2.000000029802322388e-01
3.125000000000000000e-01 5.000000000000000000e-01 0.000000000000000000e+00
2.812500000000000000e-01 6.875000000000000000e-01 1.000000014901161194e-01
6.562500000000000000e-01 7.812500000000000000e-01 3.000000119209289551e-01
4.687500000000000000e-01 9.375000000000000000e-02 3.000000119209289551e-01
2.187500000000000000e-01 4.062500000000000000e-01 4.000000059604644775e-01
3.437500000000000000e-01 5.312500000000000000e-01 3.000000119209289551e-01
6.875000000000000000e-01 3.750000000000000000e-01 0.000000000000000000e+00
7.187500000000000000e-01 4.375000000000000000e-01 4.000000059604644775e-01
5.937500000000000000e-01 5.000000000000000000e-01 3.000000119209289551e-01
1.875000000000000000e-01 5.312500000000000000e-01 1.000000014901161194e-01
2.812500000000000000e-01 6.250000000000000000e-01 2.000000029802322388e-01
4.375000000000000000e-01 1.250000000000000000e-01 0.000000000000000000e+00
5.000000000000000000e-01 1.562500000000000000e-01 4.000000059604644775e-01
1.250000000000000000e-01 7.187500000000000000e-01 0.000000000000000000e+00
7.187500000000000000e-01 7.187500000000000000e-01 4.000000059604644775e-01
6.250000000000000000e-01 8.125000000000000000e-01 3.000000119209289551e-01
8.437500000000000000e-01 4.375000000000000000e-01 4.000000059604644775e-01
2.500000000000000000e-01 6.875000000000000000e-01 2.000000029802322388e-01
7.812500000000000000e-01 2.187500000000000000e-01 3.000000119209289551e-01
2.187500000000000000e-01 4.062500000000000000e-01 0.000000000000000000e+00
2.187500000000000000e-01 2.187500000000000000e-01 1.000000014901161194e-01
6.250000000000000000e-01 2.500000000000000000e-01 0.000000000000000000e+00
9.375000000000000000e-02 5.000000000000000000e-01 2.000000029802322388e-01
7.812500000000000000e-01 7.187500000000000000e-01 3.000000119209289551e-01
4.687500000000000000e-01 4.062500000000000000e-01 0.000000000000000000e+00
3.750000000000000000e-01 3.437500000000000000e-01 0.000000000000000000e+00
8.750000000000000000e-01 4.062500000000000000e-01 1.000000014901161194e-01
8.125000000000000000e-01 8.125000000000000000e-01 2.000000029802322388e-01
6.875000000000000000e-01 5.312500000000000000e-01 3.000000119209289551e-01
8.437500000000000000e-01 6.250000000000000000e-01 4.000000059604644775e-01
4.687500000000000000e-01 3.125000000000000000e-01 2.000000029802322388e-01
4.687500000000000000e-01 9.062500000000000000e-01 0.000000000000000000e+00
5.937500000000000000e-01 3.750000000000000000e-01 0.000000000000000000e+00
3.437500000000000000e-01 4.062500000000000000e-01 0.000000000000000000e+00
6.250000000000000000e-01 3.125000000000000000e-01 0.000000000000000000e+00
3.750000000000000000e-01 5.625000000000000000e-01 2.000000029802322388e-01
8.125000000000000000e-01 6.562500000000000000e-01 1.000000014901161194e-01
5.625000000000000000e-01 7.812500000000000000e-01 3.000000119209289551e-01
5.625000000000000000e-01 3.437500000000000000e-01 4.000000059604644775e-01
7.187500000000000000e-01 8.437500000000000000e-01 4.000000059604644775e-01
6.562500000000000000e-01 3.750000000000000000e-01 3.000000119209289551e-01
6.250000000000000000e-01 7.812500000000000000e-01 4.000000059604644775e-01
3.437500000000000000e-01 5.625000000000000000e-01 4.000000059604644775e-01
1.562500000000000000e-01 4.062500000000000000e-01 0.000000000000000000e+00
6.562500000000000000e-01 6.875000000000000000e-01 4.000000059604644775e-01
3.437500000000000000e-01 1.250000000000000000e-01 1.000000014901161194e-01
3.125000000000000000e-01 9.062500000000000000e-01 3.000000119209289551e-01
5.000000000000000000e-01 5.937500000000000000e-01 3.000000119209289551e-01
1.875000000000000000e-01 4.375000000000000000e-01 2.000000029802322388e-01
9.375000000000000000e-02 6.875000000000000000e-01 0.000000000000000000e+00
7.500000000000000000e-01 7.812500000000000000e-01 4.000000059604644775e-01
2.500000000000000000e-01 5.312500000000000000e-01 2.000000029802322388e-01
8.125000000000000000e-01 2.500000000000000000e-01 3.000000119209289551e-01
9.062500000000000000e-01 3.750000000000000000e-01 2.000000029802322388e-01
3.750000000000000000e-01 9.062500000000000000e-01 1.000000014901161194e-01
6.875000000000000000e-01 7.812500000000000000e-01 0.000000000000000000e+00
9.062500000000000000e-01 5.000000000000000000e-01 0.000000000000000000e+00
4.375000000000000000e-01 9.062500000000000000e-01 3.000000119209289551e-01
4.375000000000000000e-01 3.750000000000000000e-01 0.000000000000000000e+00
8.437500000000000000e-01 6.250000000000000000e-01 3.000000119209289551e-01
3.437500000000000000e-01 6.875000000000000000e-01 0.000000000000000000e+00
6.250000000000000000e-01 5.312500000000000000e-01 0.000000000000000000e+00
3.437500000000000000e-01 7.500000000000000000e-01 0.000000000000000000e+00
4.062500000000000000e-01 6.250000000000000000e-01 3.000000119209289551e-01
7.500000000000000000e-01 7.500000000000000000e-01 4.000000059604644775e-01
5.000000000000000000e-01 6.250000000000000000e-01 2.000000029802322388e-01
9.062500000000000000e-01 3.125000000000000000e-01 2.000000029802322388e-01
3.750000000000000000e-01 2.812500000000000000e-01 4.000000059604644775e-01
4.687500000000000000e-01 7.187500000000000000e-01 1.000000014901161194e-01
1.875000000000000000e-01 5.312500000000000000e-01 4.000000059604644775e-01
9.375000000000000000e-02 6.562500000000000000e-01 0.000000000000000000e+00
7.187500000000000000e-01 8.437500000000000000e-01 2.000000029802322388e-01
8.437500000000000000e-01 7.812500000000000000e-01 2.000000029802322388e-01
5.000000000000000000e-01 6.250000000000000000e-01 1.000000014901161194e-01
3.750000000000000000e-01 2.500000000000000000e-01 1.000000014901161194e-01
1.562500000000000000e-01 5.937500000000000000e-01 0.000000000000000000e+00
6.562500000000000000e-01 7.500000000000000000e-01 0.000000000000000000e+00
9.375000000000000000e-02 3.437500000000000000e-01 4.000000059604644775e-01
4.375000000000000000e-01 9.375000000000000000e-02 3.000000119209289551e-01
3.437500000000000000e-01 6.875000000000000000e-01 4.000000059604644775e-01
6.875000000000000000e-01 8.750000000000000000e-01 3.000000119209289551e-01
1.875000000000000000e-01 6.250000000000000000e-01 1.000000014901161194e-01
6.250000000000000000e-01 5.312500000000000000e-01 4.000000059604644775e-01
6.875000000000000000e-01 1.875000000000000000e-01 1.000000014901161194e-01
6.562500000000000000e-01 7.187500000000000000e-01 1.000000014901161194e-01
6.562500000000000000e-01 6.875000000000000000e-01 3.000000119209289551e-01
4.062500000000000000e-01 5.625000000000000000e-01 2.000000029802322388e-01
5.625000000000000000e-01 5.000000000000000000e-01 0.000000000000000000e+00
1.875000000000000000e-01 5.625000000000000000e-01 1.000000014901161194e-01
9.375000000000000000e-02 6.250000000000000000e-01 2.000000029802322388e-01
6.562500000000000000e-01 9.062500000000000000e-01 0.000000000000000000e+00
6.250000000000000000e-01 3.437500000000000000e-01 2.000000029802322388e-01
1.875000000000000000e-01 1.875000000000000000e-01 4.000000059604644775e-01
4.687500000000000000e-01 7.187500000000000000e-01 4.000000059604644775e-01
1.562500000000000000e-01 7.187500000000000000e-01 2.000000029802322388e-01
6.250000000000000000e-01 8.750000000000000000e-01 0.000000000000000000e+00
5.937500000000000000e-01 6.250000000000000000e-01 1.000000014901161194e-01
3.437500000000000000e-01 3.437500000000000000e-01 2.000000029802322388e-01
3.125000000000000000e-01 4.375000000000000000e-01 2.000000029802322388e-01
6.250000000000000000e-01 4.687500000000000000e-01 3.000000119209289551e-01
6.250000000000000000e-01 9.375000000000000000e-02 3.000000119209289551e-01
1.875000000000000000e-01 6.562500000000000000e-01 2.000000029802322388e-01
6.250000000000000000e-01 5.937500000000000000e-01 0.000000000000000000e+00
5.000000000000000000e-01 2.812500000000000000e-01 0.000000000000000000e+00
5.312500000000000000e-01 2.187500000000000000e-01 4.000000059604644775e-01
4.062500000000000000e-01 2.812500000000000000e-01 4.000000059604644775e-01
7.500000000000000000e-01 5.000000000000000000e-01 1.000000014901161194e-01
5.625000000000000000e-01 4.062500000000000000e-01 1.000000014901161194e-01
8.125000000000000000e-01 5.000000000000000000e-01 4.000000059604644775e-01
1.875000000000000000e-01 4.062500000000000000e-01 2.000000029802322388e-01
6.562500000000000000e-01 2.187500000000000000e-01 0.000000000000000000e+00
3.437500000000000000e-01 7.812500000000000000e-01 3.000000119209289551e-01
5.312500000000000000e-01 5.000000000000000000e-01 2.000000029802322388e-01
4.687500000000000000e-01 9.062500000000000000e-01 2.000000029802322388e-01
2.812500000000000000e-01 2.187500000000000000e-01 0.000000000000000000e+00
6.562500000000000000e-01 5.937500000000000000e-01 3.000000119209289551e-01
6.875000000000000000e-01 4.375000000000000000e-01 0.000000000000000000e+00
1.875000000000000000e-01 3.125000000000000000e-01 0.000000000000000000e+00
8.437500000000000000e-01 2.500000000000000000e-01 1.000000014901161194e-01
3.750000000000000000e-01 9.375000000000000000e-02 2.000000029802322388e-01
5.937500000000000000e-01 1.562500000000000000e-01 1.000000014901161194e-01
8.125000000000000000e-01 2.500000000000000000e-01 2.000000029802322388e-01
3.125000000000000000e-01 8.750000000000000000e-01 3.000000119209289551e-01
8.437500000000000000e-01 7.812500000000000000e-01 0.000000000000000000e+00
4.375000000000000000e-01 4.375000000000000000e-01 4.000000059604644775e-01
4.375000000000000000e-01 5.312500000000000000e-01 2.000000029802322388e-01
5.625000000000000000e-01 6.875000000000000000e-01 1.000000014901161194e-01
2.187500000000000000e-01 7.187500000000000000e-01 0.000000000000000000e+00
2.812500000000000000e-01 7.500000000000000000e-01 2.000000029802322388e-01
4.062500000000000000e-01 5.000000000000000000e-01 3.000000119209289551e-01
9.062500000000000000e-01 3.437500000000000000e-01 0.000000000000000000e+00
5.625000000000000000e-01 3.750000000000000000e-01 3.000000119209289551e-01
5.312500000000000000e-01 8.437500000000000000e-01 0.000000000000000000e+00
7.187500000000000000e-01 5.312500000000000000e-01 2.000000029802322388e-01
4.687500000000000000e-01 5.937500000000000000e-01 2.000000029802322388e-01
1.562500000000000000e-01 3.437500000000000000e-01 4.000000059604644775e-01
5.312500000000000000e-01 7.812500000000000000e-01 4.000000059604644775e-01
1.562500000000000000e-01 6.562500000000000000e-01 0.000000000000000000e+00
6.250000000000000000e-02 5.312500000000000000e-01 3.000000119209289551e-01
2.500000000000000000e-01 5.937500000000000000e-01 4.000000059604644775e-01
8.125000000000000000e-01 4.062500000000000000e-01 1.000000014901161194e-01
7.187500000000000000e-01 4.062500000000000000e-01 3.000000119209289551e-01
1.875000000000000000e-01 4.062500000000000000e-01 1.000000014901161194e-01
6.875000000000000000e-01 5.937500000000000000e-01 0.000000000000000000e+00
9.062500000000000000e-01 5.625000000000000000e-01 0.000000000000000000e+00
2.812500000000000000e-01 4.687500000000000000e-01 4.000000059604644775e-01
7.812500000000000000e-01 4.375000000000000000e-01 0.000000000000000000e+00
4.687500000000000000e-01 9.375000000000000000e-01 3.000000119209289551e-01
5.625000000000000000e-01 2.812500000000000000e-01 0.000000000000000000e+00
4.062500000000000000e-01 1.562500000000000000e-01 2.000000029802322388e-01
3.125000000000000000e-01 1.562500000000000000e-01 0.000000000000000000e+00
4.062500000000000000e-01 2.187500000000000000e-01 3.000000119209289551e-01
1.875000000000000000e-01 3.750000000000000000e-01 2.000000029802322388e-01
4.062500000000000000e-01 5.000000000000000000e-01 4.000000059604644775e-01
7.812500000000000000e-01 4.062500000000000000e-01 3.000000119209289551e-01
7.500000000000000000e-01 2.187500000000000000e-01 1.000000014901161194e-01
7.500000000000000000e-01 5.312500000000000000e-01 3.000000119209289551e-01
1.250000000000000000e-01 5.312500000000000000e-01 2.000000029802322388e-01
1.562500000000000000e-01 7.500000000000000000e-01 3.000000119209289551e-01
1.875000000000000000e-01 4.375000000000000000e-01 1.000000014901161194e-01
1.250000000000000000e-01 5.000000000000000000e-01 1.000000014901161194e-01
6.875000000000000000e-01 6.250000000000000000e-01 2.000000029802322388e-01
3.750000000000000000e-01 5.625000000000000000e-01 0.000000000000000000e+00
5.625000000000000000e-01 4.375000000000000000e-01 2.000000029802322388e-01
1.562500000000000000e-01 7.812500000000000000e-01 1.000000014901161194e-01
4.375000000000000000e-01 6.562500000000000000e-01 1.000000014901161194e-01
4.375000000000000000e-01 5.625000000000000000e-01 2.000000029802322388e-01
8.125000000000000000e-01 1.875000000000000000e-01 2.000000029802322388e-01
5.000000000000000000e-01 9.375000000000000000e-01 2.000000029802322388e-01
5.625000000000000000e-01 9.375000000000000000e-02 0.000000000000000000e+00
5.937500000000000000e-01 9.062500000000000000e-01 3.000000119209289551e-01
2.812500000000000000e-01 1.875000000000000000e-01 1.000000014901161194e-01
7.812500000000000000e-01 2.812500000000000000e-01 1.000000014901161194e-01
8.437500000000000000e-01 6.562500000000000000e-01 1.000000014901161194e-01
7.500000000000000000e-01 3.750000000000000000e-01 0.000000000000000000e+00
7.187500000000000000e-01 7.187500000000000000e-01 2.000000029802322388e-01
7.187500000000000000e-01 5.312500000000000000e-01 1.000000014901161194e-01
5.937500000000000000e-01 6.875000000000000000e-01 0.000000000000000000e+00
5.937500000000000000e-01 2.500000000000000000e-01 2.000000029802322388e-01
7.500000000000000000e-01 4.687500000000000000e-01 1.000000014901161194e-01
2.187500000000000000e-01 8.125000000000000000e-01 4.000000059604644775e-01
6.250000000000000000e-02 5.937500000000000000e-01 4.000000059604644775e-01
7.187500000000000000e-01 2.187500000000000000e-01 3.000000119209289551e-01
2.187500000000000000e-01 4.687500000000000000e-01 3.000000119209289551e-01
5.937500000000000000e-01 1.875000000000000000e-01 1.000000014901161194e-01
2.812500000000000000e-01 1.875000000000000000e-01 3.000000119209289551e-01
6.562500000000000000e-01 5.312500000000000000e-01 1.000000014901161194e-01
9.062500000000000000e-01 5.000000000000000000e-01 4.000000059604644775e-01
3.750000000000000000e-01 2.812500000000000000e-01 2.000000029802322388e-01
5.312500000000000000e-01 2.812500000000000000e-01 4.000000059604644775e-01
5.000000000000000000e-01 2.187500000000000000e-01 3.000000119209289551e-01
1.250000000000000000e-01 6.562500000000000000e-01 3.000000119209289551e-01
8.437500000000000000e-01 5.625000000000000000e-01 2.000000029802322388e-01
5.625000000000000000e-01 2.812500000000000000e-01 1.000000014901161194e-01
4.062500000000000000e-01 1.562500000000000000e-01 0.000000000000000000e+00
6.250000000000000000e-01 2.812500000000000000e-01 3.000000119209289551e-01
9.062500000000000000e-01 3.125000000000000000e-01 0.000000000000000000e+00
7.187500000000000000e-01 6.562500000000000000e-01 3.000000119209289551e-01
1.250000000000000000e-01 5.625000000000000000e-01 0.000000000000000000e+00
1.562500000000000000e-01 5.625000000000000000e-01 1.000000014901161194e-01
7.500000000000000000e-01 7.187500000000000000e-01 3.000000119209289551e-01
6.250000000000000000e-02 4.375000000000000000e-01 2.000000029802322388e-01
2.812500000000000000e-01 3.437500000000000000e-01 1.000000014901161194e-01
4.375000000000000000e-01 3.437500000000000000e-01 3.000000119209289551e-01
2.500000000000000000e-01 5.625000000000000000e-01 1.000000014901161194e-01
5.937500000000000000e-01 2.500000000000000000e-01 0.000000000000000000e+00
7.187500000000000000e-01 7.500000000000000000e-01 4.000000059604644775e-01
4.062500000000000000e-01 7.812500000000000000e-01 2.000000029802322388e-01
8.437500000000000000e-01 2.500000000000000000e-01 3.000000119209289551e-01
1.250000000000000000e-01 5.312500000000000000e-01 0.000000000000000000e+00
2.500000000000000000e-01 5.625000000000000000e-01 0.000000000000000000e+00
6.875000000000000000e-01 9.375000000000000000e-02 0.000000000000000000e+00
6.562500000000000000e-01 3.125000000000000000e-01 4.000000059604644775e-01
6.875000000000000000e-01 5.000000000000000000e-01 3.000000119209289551e-01
4.687500000000000000e-01 6.875000000000000000e-01 2.000000029802322388e-01
3.125000000000000000e-01 6.875000000000000000e-01 2.000000029802322388e-01
5.000000000000000000e-01 5.312500000000000000e-01 4.000000059604644775e-01
8.125000000000000000e-01 4.687500000000000000e-01 3.000000119209289551e-01
4.687500000000000000e-01 5.000000000000000000e-01 1.000000014901161194e-01
4.062500000000000000e-01 9.375000000000000000e-02 2.000000029802322388e-01
1.562500000000000000e-01 6.875000000000000000e-01 1.000000014901161194e-01
2.812500000000000000e-01 5.625000000000000000e-01 4.000000059604644775e-01
1.562500000000000000e-01 4.062500000000000000e-01 2.000000029802322388e-01
1.562500000000000000e-01 2.500000000000000000e-01 3.000000119209289551e-01
4.375000000000000000e-01 8.750000000000000000e-01 4.000000059604644775e-01
7.187500000000000000e-01 5.312500000000000000e-01 4.000000059604644775e-01
9.375000000000000000e-02 4.062500000000000000e-01 1.000000014901161194e-01
5.000000000000000000e-01 5.000000000000000000e-01 2.000000029802322388e-01
5.937500000000000000e-01 1.562500000000000000e-01 2.000000029802322388e-01
6.562500000000000000e-01 5.625000000000000000e-01 4.000000059604644775e-01
2.500000000000000000e-01 5.937500000000000000e-01 2.000000029802322388e-01
3.125000000000000000e-01 5.625000000000000000e-01 3.000000119209289551e-01
5.625000000000000000e-01 8.750000000000000000e-01 4.000000059604644775e-01
8.437500000000000000e-01 3.437500000000000000e-01 2.000000029802322388e-01
4.375000000000000000e-01 1.562500000000000000e-01 3.000000119209289551e-01
7.500000000000000000e-01 1.562500000000000000e-01 2.000000029802322388e-01
3.750000000000000000e-01 7.812500000000000000e-01 2.000000029802322388e-01
9.062500000000000000e-01 6.250000000000000000e-01 1.000000014901161194e-01
2.500000000000000000e-01 2.500000000000000000e-01 4.000000059604644775e-01
6.875000000000000000e-01 4.062500000000000000e-01 4.000000059604644775e-01
6.250000000000000000e-01 7.187500000000000000e-01 1.000000014901161194e-01
2.500000000000000000e-01 5.000000000000000000e-01 2.000000029802322388e-01
2.187500000000000000e-01 5.312500000000000000e-01 3.000000119209289551e-01
4.062500000000000000e-01 5.625000000000000000e-01 3.000000119209289551e-01
4.062500000000000000e-01 3.125000000000000000e-01 3.000000119209289551e-01
4.062500000000000000e-01 7.187500000000000000e-01 2.000000029802322388e-01
4.062500000000000000e-01 8.125000000000000000e-01 3.000000119209289551e-01
8.125000000000000000e-01 4.375000000000000000e-01 3.000000119209289551e-01
8.437500000000000000e-01 2.187500000000000000e-01 0.000000000000000000e+00
3.437500000000000000e-01 4.375000000000000000e-01 3.000000119209289551e-01
1.875000000000000000e-01 4.687500000000000000e-01 2.000000029802322388e-01
2.500000000000000000e-01 6.250000000000000000e-01 4.000000059604644775e-01
4.062500000000000000e-01 8.125000000000000000e-01 2.000000029802322388e-01
3.437500000000000000e-01 4.687500000000000000e-01 3.000000119209289551e-01
6.562500000000000000e-01 2.500000000000000000e-01 0.000000000000000000e+00
4.687500000000000000e-01 6.562500000000000000e-01 2.000000029802322388e-01
7.812500000000000000e-01 2.187500000000000000e-01 0.000000000000000000e+00
5.937500000000000000e-01 7.500000000000000000e-01 1.000000014901161194e-01
3.437500000000000000e-01 2.812500000000000000e-01 1.000000014901161194e-01
8.750000000000000000e-01 3.750000000000000000e-01 4.000000059604644775e-01
3.125000000000000000e-01 6.250000000000000000e-01 4.000000059604644775e-01
4.999999701976776123e-01 8.897113800048828125e-01 0.000000000000000000e+00
5.000000000000000000e-01 2.750000059604644775e-01 0.000000000000000000e+00
3.051442801952362061e-01 6.948556900024414062e-01 0.000000000000000000e+00
7.976471185684204102e-01 2.023530602455139160e-01 0.000000000000000000e+00
7.515576481819152832e-01 7.515576481819152832e-01 0.000000000000000000e+00
3.875000178813934326e-01 3.874999880790710449e-01 0.000000000000000000e+00
4.254319369792938232e-01 6.800231933593750000e-01 0.000000000000000000e+00
6.427869796752929688e-01 1.552818417549133301e-01 0.000000000000000000e+00
9.025441408157348633e-01 6.667392253875732422e-01 0.000000000000000000e+00
2.250100374221801758e-01 3.860954046249389648e-01 0.000000000000000000e+00
5.962669253349304199e-01 7.324089407920837402e-01 0.000000000000000000e+00
3.447743654251098633e-01 1.252517998218536377e-01 0.000000000000000000e+00
1.881906390190124512e-01 6.291556358337402344e-01 0.000000000000000000e+00
6.039364337921142578e-01 4.569481015205383301e-01 0.000000000000000000e+00
3.648636937141418457e-01 5.268802642822265625e-01 0.000000000000000000e+00
8.400856256484985352e-01 4.323528110980987549e-01 0.000000000000000000e+00
5.806407928466796875e-01 9.054089784622192383e-01 0.000000000000000000e+00
4.485281705856323242e-01 2.412336468696594238e-01 0.000000000000000000e+00
7.561707496643066406e-01 6.711678504943847656e-01 0.000000000000000000e+00
1.317313611507415771e-01 2.539307475090026855e-01 0.000000000000000000e+00
2.880465388298034668e-01 8.172106742858886719e-01 0.000000000000000000e+00
6.169298887252807617e-01 3.250020742416381836e-01 0.000000000000000000e+00
5.988237857818603516e-01 6.479002237319946289e-01 0.000000000000000000e+00
2.974715828895568848e-01 1.968946754932403564e-01 0.000000000000000000e+00
1.438090205192565918e-01 7.379992008209228516e-01 0.000000000000000000e+00
7.384819984436035156e-01 3.406513929367065430e-01 0.000000000000000000e+00
4.534419775009155273e-01 7.340629100799560547e-01 0.000000000000000000e+00
5.775967240333557129e-01 1.098950803279876709e-01 0.000000000000000000e+00
8.216887712478637695e-01 5.639878511428833008e-01 0.000000000000000000e+00
4.219790101051330566e-01 4.844806492328643799e-01 0.000000000000000000e+00
4.904503822326660156e-01 5.969586968421936035e-01 0.000000000000000000e+00
5.326181650161743164e-01 1.688229441642761230e-01 0.000000000000000000e+00
8.997709751129150391e-01 5.393739938735961914e-01 0.000000000000000000e+00
2.559925913810729980e-01 4.759673476219177246e-01 0.000000000000000000e+00
6.854227185249328613e-01 7.259382009506225586e-01 0.000000000000000000e+00
2.259012162685394287e-01 1.660096645355224609e-01 0.000000000000000000e+00
2.148705422878265381e-01 7.339996695518493652e-01 0.000000000000000000e+00
6.442129611968994141e-01 3.816475272178649902e-01 0.000000000000000000e+00
6.921312212944030762e-01 6.026962995529174805e-01 0.000000000000000000e+00
1.599042117595672607e-01 3.182150125503540039e-01 0.000000000000000000e+00
2.895352244377136230e-01 8.937518596649169922e-01 0.000000000000000000e+00
6.476352214813232422e-01 2.237939536571502686e-01 0.000000000000000000e+00
2.418504655361175537e-01 5.783088207244873047e-01 0.000000000000000000e+00
8.991983532905578613e-01 3.789046406745910645e-01 0.000000000000000000e+00
6.019715070724487305e-01 8.361550569534301758e-01 0.000000000000000000e+00
4.567988216876983643e-01 3.575847744941711426e-01 0.000000000000000000e+00
5.123285055160522461e-01 6.251731514930725098e-01 0.000000000000000000e+00
4.664629697799682617e-01 1.594921946525573730e-01 0.000000000000000000e+00
9.246569871902465820e-02 5.401386022567749023e-01 0.000000000000000000e+00
7.565286755561828613e-01 4.747342169284820557e-01 0.000000000000000000e+00
3.078324496746063232e-01 7.341568470001220703e-01 0.000000000000000000e+00
7.787058353424072266e-01 1.603960096836090088e-01 0.000000000000000000e+00
7.916849851608276367e-01 7.393797039985656738e-01 0.000000000000000000e+00
3.432240486145019531e-01 3.713372349739074707e-01 0.000000000000000000e+00
3.511757850646972656e-01 5.795481801033020020e-01 0.000000000000000000e+00
8.176466822624206543e-01 3.302144110202789307e-01 0.000000000000000000e+00
7.001918554306030273e-01 8.745326995849609375e-01 0.000000000000000000e+00
3.674196600914001465e-01 2.519596219062805176e-01 0.000000000000000000e+00
7.219380736351013184e-01 5.673241615295410156e-01 0.000000000000000000e+00
1.232047677040100098e-01 3.857003450393676758e-01 0.000000000000000000e+00
4.061998426914215088e-01 8.092176914215087891e-01 0.000000000000000000e+00
5.163285136222839355e-01 4.461721181869506836e-01 0.000000000000000000e+00
4.446654915809631348e-01 5.410388708114624023e-01 0.000000000000000000e+00
7.615006566047668457e-01 3.060580193996429443e-01 0.000000000000000000e+00
7.357502579689025879e-01 8.178724646568298340e-01 0.000000000000000000e+00
3.598256409168243408e-01 3.109967112541198730e-01 0.000000000000000000e+00
7.809741497039794922e-01 5.416785478591918945e-01 0.000000000000000000e+00
7.807990908622741699e-02 4.374140501022338867e-01 0.000000000000000000e+00
4.468299448490142822e-01 8.584432005882263184e-01 0.000000000000000000e+00
5.254392623901367188e-01 3.285023570060729980e-01 0.000000000000000000e+00
5.502181053161621094e-01 7.004818916320800781e-01 0.000000000000000000e+00
4.078068733215332031e-01 1.319439411163330078e-01 0.000000000000000000e+00
7.209652662277221680e-02 6.071841716766357422e-01 0.000000000000000000e+00
7.963597774505615234e-01 4.257657229900360107e-01 0.000000000000000000e+00
3.659114539623260498e-01 7.237132191658020020e-01 0.000000000000000000e+00
7.115190029144287109e-01 1.471019685268402100e-01 0.000000000000000000e+00
7.954527139663696289e-01 6.770875453948974609e-01 0.000000000000000000e+00
3.868502080440521240e-01 4.321806132793426514e-01 0.000000000000000000e+00
6.141412854194641113e-01 6.034516096115112305e-01 0.000000000000000000e+00
2.380546927452087402e-01 2.625865936279296875e-01 0.000000000000000000e+00
2.185811400413513184e-01 8.104978203773498535e-01 0.000000000000000000e+00
6.831220388412475586e-01 2.979559898376464844e-01 0.000000000000000000e+00
1.846779584884643555e-01 5.154907107353210449e-01 0.000000000000000000e+00
9.476988315582275391e-01 4.780059754848480225e-01 0.000000000000000000e+00
5.190223455429077148e-01 8.872094154357910156e-01 0.000000000000000000e+00
4.891337156295776367e-01 2.788102924823760986e-01 0.000000000000000000e+00
4.357372224330902100e-01 6.796023845672607422e-01 0.000000000000000000e+00
6.249842047691345215e-01 1.506926119327545166e-01 0.000000000000000000e+00
9.085278511047363281e-01 6.461735963821411133e-01 0.000000000000000000e+00
2.222657203674316406e-01 4.006250500679016113e-01 0.000000000000000000e+00
6.062018275260925293e-01 7.245448231697082520e-01 0.000000000000000000e+00
3.274090290069580078e-01 1.350868940353393555e-01 0.000000000000000000e+00
1.970297396183013916e-01 6.432942152023315430e-01 0.000000000000000000e+00
5.951305031776428223e-01 4.550066590309143066e-01 0.000000000000000000e+00
5.597277879714965820e-01 5.658994913101196289e-01 0.000000000000000000e+00
2.781209945678710938e-01 2.551942467689514160e-01 0.000000000000000000e+00
2.038185894489288330e-01 7.684431076049804688e-01 0.000000000000000000e+00
6.792659759521484375e-01 3.375227451324462891e-01 0.000000000000000000e+00
4.857917129993438721e-01 7.892158031463623047e-01 0.000000000000000000e+00
5.211104154586791992e-01 7.028847932815551758e-02 0.000000000000000000e+00
5.000000000000000000e-01 4.375000000000000000e-01 0.000000000000000000e+00
9.062500000000000000e-01 3.437500000000000000e-01 1.000000014901161194e-01
6.562500000000000000e-01 3.437500000000000000e-01 2.000000029802322388e-01
6.875000000000000000e-01 7.812500000000000000e-01 1.000000014901161194e-01
7.187500000000000000e-01 5.625000000000000000e-01 2.000000029802322388e-01
7.812500000000000000e-01 5.625000000000000000e-01 4.000000059604644775e-01
3.125000000000000000e-01 6.250000000000000000e-01 3.000000119209289551e-01
5.937500000000000000e-01 4.375000000000000000e-01 2.000000029802322388e-01
5.937500000000000000e-01 8.437500000000000000e-01 4.000000059604644775e-01
2.500000000000000000e-01 5.937500000000000000e-01 0.000000000000000000e+00
9.375000000000000000e-02 3.125000000000000000e-01 0.000000000000000000e+00
8.125000000000000000e-01 7.500000000000000000e-01 0.000000000000000000e+00
4.062500000000000000e-01 9.375000000000000000e-02 1.000000014901161194e-01
5.000000000000000000e-01 6.250000000000000000e-02 1.000000014901161194e-01
2.812500000000000000e-01 4.375000000000000000e-01 4.000000059604644775e-01
7.812500000000000000e-01 8.125000000000000000e-01 3.000000119209289551e-01
2.187500000000000000e-01 2.500000000000000000e-01 1.000000014901161194e-01
5.937500000000000000e-01 6.250000000000000000e-02 1.000000014901161194e-01
9.375000000000000000e-02 6.250000000000000000e-01 0.000000000000000000e+00
4.375000000000000000e-01 5.000000000000000000e-01 2.000000029802322388e-01
5.312500000000000000e-01 6.875000000000000000e-01 1.000000014901161194e-01
8.750000000000000000e-01 4.687500000000000000e-01 3.000000119209289551e-01
5.000000000000000000e-01 3.750000000000000000e-01 1.000000014901161194e-01
6.250000000000000000e-01 3.125000000000000000e-01 2.000000029802322388e-01
7.187500000000000000e-01 6.562500000000000000e-01 0.000000000000000000e+00
7.187500000000000000e-01 5.937500000000000000e-01 3.000000119209289551e-01
4.062500000000000000e-01 6.250000000000000000e-02 1.000000014901161194e-01
5.312500000000000000e-01 8.437500000000000000e-01 3.000000119209289551e-01
3.437500000000000000e-01 5.937500000000000000e-01 1.000000014901161194e-01
7.500000000000000000e-01 5.625000000000000000e-01 3.000000119209289551e-01
8.125000000000000000e-01 2.187500000000000000e-01 2.000000029802322388e-01
7.812500000000000000e-01 5.937500000000000000e-01 1.000000014901161194e-01
1.562500000000000000e-01 7.812500000000000000e-01 2.000000029802322388e-01
1.875000000000000000e-01 5.937500000000000000e-01 0.000000000000000000e+00
1.250000000000000000e-01 6.250000000000000000e-01 0.000000000000000000e+00
7.500000000000000000e-01 3.750000000000000000e-01 3.000000119209289551e-01
3.437500000000000000e-01 1.562500000000000000e-01 3.000000119209289551e-01
8.437500000000000000e-01 5.625000000000000000e-01 3.000000119209289551e-01
4.062500000000000000e-01 6.562500000000000000e-01 1.000000014901161194e-01
5.625000000000000000e-01 5.625000000000000000e-01 4.000000059604644775e-01
9.375000000000000000e-01 5.937500000000000000e-01 2.000000029802322388e-01
1.562500000000000000e-01 2.187500000000000000e-01 1.000000014901161194e-01
3.125000000000000000e-01 8.437500000000000000e-01 3.000000119209289551e-01
7.187500000000000000e-01 6.250000000000000000e-01 1.000000014901161194e-01
7.812500000000000000e-01 1.562500000000000000e-01 4.000000059604644775e-01
2.500000000000000000e-01 3.437500000000000000e-01 3.000000119209289551e-01
7.812500000000000000e-01 3.125000000000000000e-01 1.000000014901161194e-01
1.562500000000000000e-01 6.250000000000000000e-01 3.000000119209289551e-01
4.062500000000000000e-01 8.437500000000000000e-01 1.000000014901161194e-01
8.750000000000000000e-01 3.125000000000000000e-01 0.000000000000000000e+00
7.812500000000000000e-01 2.812500000000000000e-01 3.000000119209289551e-01
4.062500000000000000e-01 5.312500000000000000e-01 1.000000014901161194e-01
4.375000000000000000e-01 4.062500000000000000e-01 2.000000029802322388e-01
3.437500000000000000e-01 5.625000000000000000e-01 2.000000029802322388e-01
5.937500000000000000e-01 2.812500000000000000e-01 3.000000119209289551e-01
8.750000000000000000e-01 6.250000000000000000e-01 0.000000000000000000e+00
9.375000000000000000e-02 5.937500000000000000e-01 0.000000000000000000e+00
1.562500000000000000e-01 2.187500000000000000e-01 4.000000059604644775e-01
9.062500000000000000e-01 3.125000000000000000e-01 3.000000119209289551e-01
8.750000000000000000e-01 4.687500000000000000e-01 4.000000059604644775e-01
7.812500000000000000e-01 2.812500000000000000e-01 4.000000059604644775e-01
7.500000000000000000e-01 2.187500000000000000e-01 3.000000119209289551e-01
2.812500000000000000e-01 3.125000000000000000e-01 1.000000014901161194e-01
4.062500000000000000e-01 4.375000000000000000e-01 1.000000014901161194e-01
6.875000000000000000e-01 4.375000000000000000e-01 1.000000014901161194e-01
4.687500000000000000e-01 1.250000000000000000e-01 2.000000029802322388e-01
8.125000000000000000e-01 7.187500000000000000e-01 2.000000029802322388e-01
1.250000000000000000e-01 5.000000000000000000e-01 4.000000059604644775e-01
8.125000000000000000e-01 2.812500000000000000e-01 2.000000029802322388e-01
5.000000000000000000e-01 4.062500000000000000e-01 4.000000059604644775e-01
4.062500000000000000e-01 8.125000000000000000e-01 0.000000000000000000e+00
9.062500000000000000e-01 5.000000000000000000e-01 1.000000014901161194e-01
2.187500000000000000e-01 4.062500000000000000e-01 1.000000014901161194e-01
7.812500000000000000e-01 4.687500000000000000e-01 4.000000059604644775e-01
6.562500000000000000e-01 7.187500000000000000e-01 0.000000000000000000e+00
3.125000000000000000e-01 7.187500000000000000e-01 2.000000029802322388e-01
5.312500000000000000e-01 5.312500000000000000e-01 1.000000014901161194e-01
7.500000000000000000e-01 1.875000000000000000e-01 2.000000029802322388e-01
5.000000000000000000e-01 3.437500000000000000e-01 4.000000059604644775e-01
4.687500000000000000e-01 9.062500000000000000e-01 1.000000014901161194e-01
9.062500000000000000e-01 3.125000000000000000e-01 1.000000014901161194e-01
6.562500000000000000e-01 5.937500000000000000e-01 1.000000014901161194e-01
5.937500000000000000e-01 3.437500000000000000e-01 4.000000059604644775e-01
5.625000000000000000e-01 4.687500000000000000e-01 3.000000119209289551e-01
9.375000000000000000e-02 5.937500000000000000e-01 3.000000119209289551e-01
6.562500000000000000e-01 2.187500000000000000e-01 3.000000119209289551e-01
9.062500000000000000e-01 4.687500000000000000e-01 1.000000014901161194e-01
9.062500000000000000e-01 5.625000000000000000e-01 1.000000014901161194e-01
6.562500000000000000e-01 7.187500000000000000e-01 4.000000059604644775e-01
7.187500000000000000e-01 1.562500000000000000e-01 0.000000000000000000e+00
3.125000000000000000e-01 8.437500000000000000e-01 4.000000059604644775e-01
1.250000000000000000e-01 2.812500000000000000e-01 3.000000119209289551e-01
3.125000000000000000e-01 9.375000000000000000e-02 2.000000029802322388e-01
6.875000000000000000e-01 6.562500000000000000e-01 3.000000119209289551e-01
1.250000000000000000e-01 4.375000000000000000e-01 3.000000119209289551e-01
3.437500000000000000e-01 3.125000000000000000e-01 2.000000029802322388e-01
5.625000000000000000e-01 3.437500000000000000e-01 2.000000029802322388e-01
7.812500000000000000e-01 8.437500000000000000e-01 1.000000014901161194e-01
6.875000000000000000e-01 8.125000000000000000e-01 1.000000014901161194e-01
1.875000000000000000e-01 1.875000000000000000e-01 3.000000119209289551e-01
8.750000000000000000e-01 3.437500000000000000e-01 3.000000119209289551e-01
8.125000000000000000e-01 3.750000000000000000e-01 1.000000014901161194e-01
7.187500000000000000e-01 5.937500000000000000e-01 2.000000029802322388e-01
5.937500000000000000e-01 6.875000000000000000e-01 3.000000119209289551e-01
6.875000000000000000e-01 5.000000000000000000e-01 0.000000000000000000e+00
5.625000000000000000e-01 3.750000000000000000e-01 2.000000029802322388e-01
7.812500000000000000e-01 4.062500000000000000e-01 1.000000014901161194e-01
4.687500000000000000e-01 7.187500000000000000e-01 0.000000000000000000e+00
8.125000000000000000e-01 6.250000000000000000e-01 0.000000000000000000e+00
6.250000000000000000e-01 8.750000000000000000e-01 4.000000059604644775e-01
8.125000000000000000e-01 2.500000000000000000e-01 0.000000000000000000e+00
1.875000000000000000e-01 7.187500000000000000e-01 0.000000000000000000e+00
3.125000000000000000e-01 3.750000000000000000e-01 0.000000000000000000e+00
5.000000000000000000e-01 7.187500000000000000e-01 3.000000119209289551e-01
3.750000000000000000e-01 8.125000000000000000e-01 3.000000119209289551e-01
2.187500000000000000e-01 3.437500000000000000e-01 0.000000000000000000e+00
1.562500000000000000e-01 5.937500000000000000e-01 2.000000029802322388e-01
3.437500000000000000e-01 9.375000000000000000e-02 4.000000059604644775e-01
5.625000000000000000e-01 5.625000000000000000e-01 1.000000014901161194e-01
2.500000000000000000e-01 5.000000000000000000e-01 0.000000000000000000e+00
2.812500000000000000e-01 5.937500000000000000e-01 3.000000119209289551e-01
2.500000000000000000e-01 6.875000000000000000e-01 4.000000059604644775e-01
4.375000000000000000e-01 4.687500000000000000e-01 4.000000059604644775e-01
5.625000000000000000e-01 9.375000000000000000e-02 4.000000059604644775e-01
3.125000000000000000e-01 5.312500000000000000e-01 2.000000029802322388e-01
5.937500000000000000e-01 1.875000000000000000e-01 2.000000029802322388e-01
5.625000000000000000e-01 4.687500000000000000e-01 4.000000059604644775e-01
5.312500000000000000e-01 7.500000000000000000e-01 3.000000119209289551e-01
5.625000000000000000e-01 4.062500000000000000e-01 2.000000029802322388e-01
1.562500000000000000e-01 7.812500000000000000e-01 0.000000000000000000e+00
5.625000000000000000e-01 1.875000000000000000e-01 1.000000014901161194e-01
5.625000000000000000e-01 8.125000000000000000e-01 4.000000059604644775e-01
5.937500000000000000e-01 2.187500000000000000e-01 0.000000000000000000e+00
4.375000000000000000e-01 6.250000000000000000e-01 4.000000059604644775e-01
6.250000000000000000e-01 6.250000000000000000e-01 1.000000014901161194e-01
3.125000000000000000e-01 5.625000000000000000e-01 4.000000059604644775e-01
6.562500000000000000e-01 5.937500000000000000e-01 2.000000029802322388e-01
5.937500000000000000e-01 8.125000000000000000e-01 1.000000014901161194e-01
1.250000000000000000e-01 3.437500000000000000e-01 2.000000029802322388e-01
3.125000000000000000e-01 5.000000000000000000e-01 0.000000000000000000e+00
2.812500000000000000e-01 6.875000000000000000e-01 1.000000014901161194e-01
6.562500000000000000e-01 7.812500000000000000e-01 3.000000119209289551e-01
4.687500000000000000e-01 9.375000000000000000e-02 3.000000119209289551e-01
2.187500000000000000e-01 4.062500000000000000e-01 4.000000059604644775e-01
3.437500000000000000e-01 5.312500000000000000e-01 3.000000119209289551e-01
6.875000000000000000e-01 3.750000000000000000e-01 0.000000000000000000e+00
7.187500000000000000e-01 4.375000000000000000e-01 4.000000059604644775e-01
5.937500000000000000e-01 5.000000000000000000e-01 3.000000119209289551e-01
1.875000000000000000e-01 5.312500000000000000e-01 1.000000014901161194e-01
2.812500000000000000e-01 6.250000000000000000e-01 2.000000029802322388e-01
4.375000000000000000e-01 1.250000000000000000e-01 0.000000000000000000e+00
5.000000000000000000e-01 1.562500000000000000e-01 4.000000059604644775e-01
1.250000000000000000e-01 7.187500000000000000e-01 0.000000000000000000e+00
7.187500000000000000e-01 7.187500000000000000e-01 4.000000059604644775e-01
6.250000000000000000e-01 8.125000000000000000e-01 3.000000119209289551e-01
8.437500000000000000e-01 4.375000000000000000e-01 4.000000059604644775e-01
2.500000000000000000e-01 6.875000000000000000e-01 2.000000029802322388e-01
7.812500000000000000e-01 2.187500000000000000e-01 3.000000119209289551e-01
2.187500000000000000e-01 4.062500000000000000e-01 0.000000000000000000e+00
2.187500000000000000e-01 2.187500000000000000e-01 1.000000014901161194e-01
6.250000000000000000e-01 2.500000000000000000e-01 0.000000000000000000e+00
9.375000000000000000e-02 5.000000000000000000e-01 2.000000029802322388e-01
7.812500000000000000e-01 7.187500000000000000e-01 3.000000119209289551e-01
4.687500000000000000e-01 4.062500000000000000e-01 0.000000000000000000e+00
3.750000000000000000e-01 3.437500000000000000e-01 0.000000000000000000e+00
8.750000000000000000e-01 4.062500000000000000e-01 1.000000014901161194e-01
8.125000000000000000e-01 8.125000000000000000e-01 2.000000029802322388e-01
6.875000000000000000e-01 5.312500000000000000e-01 3.000000119209289551e-01
8.437500000000000000e-01 6.250000000000000000e-01 4.000000059604644775e-01
4.687500000000000000e-01 3.125000000000000000e-01 2.000000029802322388e-01
4.687500000000000000e-01 9.062500000000000000e-01 0.000000000000000000e+00
5.937500000000000000e-01 3.750000000000000000e-01 0.000000000000000000e+00
3.437500000000000000e-01 4.062500000000000000e-01 0.000000000000000000e+00
6.250000000000000000e-01 3.125000000000000000e-01 0.000000000000000000e+00
3.750000000000000000e-01 5.625000000000000000e-01 2.000000029802322388e-01
8.125000000000000000e-01 6.562500000000000000e-01 1.000000014901161194e-01
5.625000000000000000e-01 7.812500000000000000e-01 3.000000119209289551e-01
5.625000000000000000e-01 3.437500000000000000e-01 4.000000059604644775e-01
7.187500000000000000e-01 8.437500000000000000e-01 4.000000059604644775e-01
6.562500000000000000e-01 3.750000000000000000e-01 3.000000119209289551e-01
6.250000000000000000e-01 7.812500000000000000e-01 4.000000059604644775e-01
3.437500000000000000e-01 5.625000000000000000e-01 4.000000059604644775e-01
1.562500000000000000e-01 4.062500000000000000e-01 0.000000000000000000e+00
6.562500000000000000e-01 6.875000000000000000e-01 4.000000059604644775e-01
3.437500000000000000e-01 1.250000000000000000e-01 1.000000014901161194e-01
3.125000000000000000e-01 9.062500000000000000e-01 3.000000119209289551e-01
5.000000000000000000e-01 5.937500000000000000e-01 3.000000119209289551e-01
1.875000000000000000e-01 4.375000000000000000e-01 2.000000029802322388e-01
9.375000000000000000e-02 6.875000000000000000e-01 0.000000000000000000e+00
7.500000000000000000e-01 7.812500000000000000e-01 4.000000059604644775e-01
2.500000000000000000e-01 5.312500000000000000e-01 2.000000029802322388e-01
8.125000000000000000e-01 2.500000000000000000e-01 3.000000119209289551e-01
9.062500000000000000e-01 3.750000000000000000e-01 2.000000029802322388e-01
3.750000000000000000e-01 9.062500000000000000e-01 1.000000014901161194e-01
6.875000000000000000e-01 7.812500000000000000e-01 0.000000000000000000e+00
9.062500000000000000e-01 5.000000000000000000e-01 0.000000000000000000e+00
4.375000000000000000e-01 9.062500000000000000e-01 3.000000119209289551e-01
4.375000000000000000e-01 3.750000000000000000e-01 0.000000000000000000e+00
8.437500000000000000e-01 6.250000000000000000e-01 3.000000119209289551e-01
3.437500000000000000e-01 6.875000000000000000e-01 0.000000000000000000e+00
6.250000000000000000e-01 5.312500000000000000e-01 0.000000000000000000e+00
3.437500000000000000e-01 7.500000000000000000e-01 0.000000000000000000e+00
4.062500000000000000e-01 6.250000000000000000e-01 3.000000119209289551e-01
7.500000000000000000e-01 7.500000000000000000e-01 4.000000059604644775e-01
5.000000000000000000e-01 6.250000000000000000e-01 2.000000029802322388e-01
9.062500000000000000e-01 3.125000000000000000e-01 2.000000029802322388e-01
3.750000000000000000e-01 2.812500000000000000e-01 4.000000059604644775e-01
4.687500000000000000e-01 7.187500000000000000e-01 1.000000014901161194e-01
1.875000000000000000e-01 5.312500000000000000e-01 4.000000059604644775e-01
9.375000000000000000e-02 6.562500000000000000e-01 0.000000000000000000e+00
7.187500000000000000e-01 8.437500000000000000e-01 2.000000029802322388e-01
8.437500000000000000e-01 7.812500000000000000e-01 2.000000029802322388e-01
5.000000000000000000e-01 6.250000000000000000e-01 1.000000014901161194e-01
3.750000000000000000e-01 2.500000000000000000e-01 1.000000014901161194e-01
1.562500000000000000e-01 5.937500000000000000e-01 0.000000000000000000e+00
6.562500000000000000e-01 7.500000000000000000e-01 0.000000000000000000e+00
9.375000000000000000e-02 3.437500000000000000e-01 4.000000059604644775e-01
4.375000000000000000e-01 9.375000000000000000e-02 3.000000119209289551e-01
3.437500000000000000e-01 6.875000000000000000e-01 4.000000059604644775e-01
6.875000000000000000e-01 8.750000000000000000e-01 3.000000119209289551e-01
1.875000000000000000e-01 6.250000000000000000e-01 1.000000014901161194e-01
6.250000000000000000e-01 5.312500000000000000e-01 4.000000059604644775e-01
6.875000000000000000e-01 1.875000000000000000e-01 1.000000014901161194e-01
6.562500000000000000e-01 7.187500000000000000e-01 1.000000014901161194e-01
6.562500000000000000e-01 6.875000000000000000e-01 3.000000119209289551e-01
4.062500000000000000e-01 5.625000000000000000e-01 2.000000029802322388e-01
5.625000000000000000e-01 5.000000000000000000e-01 0.000000000000000000e+00
1.875000000000000000e-01 5.625000000000000000e-01 1.000000014901161194e-01
9.375000000000000000e-02 6.250000000000000000e-01 2.000000029802322388e-01
6.562500000000000000e-01 9.062500000000000000e-01 0.000000000000000000e+00
6.250000000000000000e-01 3.437500000000000000e-01 2.000000029802322388e-01
1.875000000000000000e-01 1.875000000000000000e-01 4.000000059604644775e-01
4.687500000000000000e-01 7.187500000000000000e-01 4.000000059604644775e-01
1.562500000000000000e-01 7.187500000000000000e-01 2.000000029802322388e-01
6.250000000000000000e-01 8.750000000000000000e-01 0.000000000000000000e+00
5.937500000000000000e-01 6.250000000000000000e-01 1.000000014901161194e-01
3.437500000000000000e-01 3.437500000000000000e-01 2.000000029802322388e-01
3.125000000000000000e-01 4.375000000000000000e-01 2.000000029802322388e-01
6.250000000000000000e-01 4.687500000000000000e-01 3.000000119209289551e-01
6.250000000000000000e-01 9.375000000000000000e-02 3.000000119209289551e-01
1.875000000000000000e-01 6.562500000000000000e-01 2.000000029802322388e-01
6.250000000000000000e-01 5.937500000000000000e-01 0.000000000000000000e+00
5.000000000000000000e-01 2.812500000000000000e-01 0.000000000000000000e+00
5.312500000000000000e-01 2.187500000000000000e-01 4.000000059604644775e-01
4.062500000000000000e-01 2.812500000000000000e-01 4.000000059604644775e-01
7.500000000000000000e-01 5.000000000000000000e-01 1.000000014901161194e-01
5.625000000000000000e-01 4.062500000000000000e-01 1.000000014901161194e-01
8.125000000000000000e-01 5.000000000000000000e-01 4.000000059604644775e-01
1.875000000000000000e-01 4.062500000000000000e-01 2.000000029802322388e-01
6.562500000000000000e-01 2.187500000000000000e-01 0.000000000000000000e+00
3.437500000000000000e-01 7.812500000000000000e-01 3.000000119209289551e-01
5.312500000000000000e-01 5.000000000000000000e-01 2.000000029802322388e-01
4.687500000000000000e-01 9.062500000000000000e-01 2.000000029802322388e-01
2.812500000000000000e-01 2.187500000000000000e-01 0.000000000000000000e+00
6.562500000000000000e-01 5.937500000000000000e-01 3.000000119209289551e-01
6.875000000000000000e-01 4.375000000000000000e-01 0.000000000000000000e+00
1.875000000000000000e-01 3.125000000000000000e-01 0.000000000000000000e+00
8.437500000000000000e-01 2.500000000000000000e-01 1.000000014901161194e-01
3.750000000000000000e-01 9.375000000000000000e-02 2.000000029802322388e-01
5.937500000000000000e-01 1.562500000000000000e-01 1.000000014901161194e-01
8.125000000000000000e-01 2.500000000000000000e-01 2.000000029802322388e-01
3.125000000000000000e-01 8.750000000000000000e-01 3.000000119209289551e-01
8.437500000000000000e-01 7.812500000000000000e-01 0.000000000000000000e+00
4.375000000000000000e-01 4.375000000000000000e-01 4.000000059604644775e-01
4.375000000000000000e-01 5.312500000000000000e-01 2.000000029802322388e-01
5.625000000000000000e-01 6.875000000000000000e-01 1.000000014901161194e-01
2.187500000000000000e-01 7.187500000000000000e-01 0.000000000000000000e+00
2.812500000000000000e-01 7.500000000000000000e-01 2.000000029802322388e-01
4.062500000000000000e-01 5.000000000000000000e-01 3.000000119209289551e-01
9.062500000000000000e-01 3.437500000000000000e-01 0.000000000000000000e+00
5.625000000000000000e-01 3.750000000000000000e-01 3.000000119209289551e-01
5.312500000000000000e-01 8.437500000000000000e-01 0.000000000000000000e+00
7.187500000000000000e-01 5.312500000000000000e-01 2.000000029802322388e-01
4.687500000000000000e-01 5.937500000000000000e-01 2.000000029802322388e-01
1.562500000000000000e-01 3.437500000000000000e-01 4.000000059604644775e-01
5.312500000000000000e-01 7.812500000000000000e-01 4.000000059604644775e-01
1.562500000000000000e-01 6.562500000000000000e-01 0.000000000000000000e+00
6.250000000000000000e-02 5.312500000000000000e-01 3.000000119209289551e-01
2.500000000000000000e-01 5.937500000000000000e-01 4.000000059604644775e-01
8.125000000000000000e-01 4.062500000000000000e-01 1.000000014901161194e-01
7.187500000000000000e-01 4.062500000000000000e-01 3.000000119209289551e-01
1.875000000000000000e-01 4.062500000000000000e-01 1.000000014901161194e-01
6.875000000000000000e-01 5.937500000000000000e-01 0.000000000000000000e+00
9.062500000000000000e-01 5.625000000000000000e-01 0.000000000000000000e+00
2.812500000000000000e-01 4.687500000000000000e-01 4.000000059604644775e-01
7.812500000000000000e-01 4.375000000000000000e-01 0.000000000000000000e+00
4.687500000000000000e-01 9.375000000000000000e-01 3.000000119209289551e-01
5.625000000000000000e-01 2.812500000000000000e-01 0.000000000000000000e+00
4.062500000000000000e-01 1.562500000000000000e-01 2.000000029802322388e-01
3.125000000000000000e-01 1.562500000000000000e-01 0.000000000000000000e+00
4.062500000000000000e-01 2.187500000000000000e-01 3.000000119209289551e-01
1.875000000000000000e-01 3.750000000000000000e-01 2.000000029802322388e-01
4.062500000000000000e-01 5.000000000000000000e-01 4.000000059604644775e-01
7.812500000000000000e-01 4.062500000000000000e-01 3.000000119209289551e-01
7.500000000000000000e-01 2.187500000000000000e-01 1.000000014901161194e-01
7.500000000000000000e-01 5.312500000000000000e-01 3.000000119209289551e-01
1.250000000000000000e-01 5.312500000000000000e-01 2.000000029802322388e-01
1.562500000000000000e-01 7.500000000000000000e-01 3.000000119209289551e-01
1.875000000000000000e-01 4.375000000000000000e-01 1.000000014901161194e-01
1.250000000000000000e-01 5.000000000000000000e-01 1.000000014901161194e-01
6.875000000000000000e-01 6.250000000000000000e-01 2.000000029802322388e-01
3.750000000000000000e-01 5.625000000000000000e-01 0.000000000000000000e+00
5.625000000000000000e-01 4.375000000000000000e-01 2.000000029802322388e-01
1.562500000000000000e-01 7.812500000000000000e-01 1.000000014901161194e-01
4.375000000000000000e-01 6.562500000000000000e-01 1.000000014901161194e-01
4.375000000000000000e-01 5.625000000000000000e-01 2.000000029802322388e-01
8.125000000000000000e-01 1.875000000000000000e-01 2.000000029802322388e-01
5.000000000000000000e-01 9.375000000000000000e-01 2.000000029802322388e-01
5.625000000000000000e-01 9.375000000000000000e-02 0.000000000000000000e+00
5.937500000000000000e-01 9.062500000000000000e-01 3.000000119209289551e-01
2.812500000000000000e-01 1.875000000000000000e-01 1.000000014901161194e-01
7.812500000000000000e-01 2.812500000000000000e-01 1.000000014901161194e-01
8.437500000000000000e-01 6.562500000000000000e-01 1.000000014901161194e-01
7.500000000000000000e-01 3.750000000000000000e-01 0.000000000000000000e+00
7.187500000000000000e-01 7.187500000000000000e-01 2.000000029802322388e-01
7.187500000000000000e-01 5.312500000000000000e-01 1.000000014901161194e-01
5.937500000000000000e-01 6.875000000000000000e-01 0.000000000000000000e+00
5.937500000000000000e-01 2.500000000000000000e-01 2.000000029802322388e-01
7.500000000000000000e-01 4.687500000000000000e-01 1.000000014901161194e-01
2.187500000000000000e-01 8.125000000000000000e-01 4.000000059604644775e-01
6.250000000000000000e-02 5.937500000000000000e-01 4.000000059604644775e-01
7.187500000000000000e-01 2.187500000000000000e-01 3.000000119209289551e-01
2.187500000000000000e-01 4.687500000000000000e-01 3.000000119209289551e-01
5.937500000000000000e-01 1.875000000000000000e-01 1.000000014901161194e-01
2.812500000000000000e-01 1.875000000000000000e-01 3.000000119209289551e-01
6.562500000000000000e-01 5.312500000000000000e-01 1.000000014901161194e-01
9.062500000000000000e-01 5.000000000000000000e-01 4.000000059604644775e-01
3.750000000000000000e-01 2.812500000000000000e-01 2.000000029802322388e-01
5.312500000000000000e-01 2.812500000000000000e-01 4.000000059604644775e-01
5.000000000000000000e-01 2.187500000000000000e-01 3.000000119209289551e-01
1.250000000000000000e-01 6.562500000000000000e-01 3.000000119209289551e-01
8.437500000000000000e-01 5.625000000000000000e-01 2.000000029802322388e-01
5.625000000000000000e-01 2.812500000000000000e-01 1.000000014901161194e-01
4.062500000000000000e-01 1.562500000000000000e-01 0.000000000000000000e+00
6.250000000000000000e-01 2.812500000000000000e-01 3.000000119209289551e-01
9.062500000000000000e-01 3.125000000000000000e-01 0.000000000000000000e+00
7.187500000000000000e-01 6.562500000000000000e-01 3.000000119209289551e-01
1.250000000000000000e-01 5.625000000000000000e-01 0.000000000000000000e+00
1.562500000000000000e-01 5.625000000000000000e-01 1.000000014901161194e-01
7.500000000000000000e-01 7.187500000000000000e-01 3.000000119209289551e-01
6.250000000000000000e-02 4.375000000000000000e-01 2.000000029802322388e-01
2.812500000000000000e-01 3.437500000000000000e-01 1.000000014901161194e-01
4.375000000000000000e-01 3.437500000000000000e-01 3.000000119209289551e-01
2.500000000000000000e-01 5.625000000000000000e-01 1.000000014901161194e-01
5.937500000000000000e-01 2.500000000000000000e-01 0.000000000000000000e+00
7.187500000000000000e-01 7.500000000000000000e-01 4.000000059604644775e-01
4.062500000000000000e-01 7.812500000000000000e-01 2.000000029802322388e-01
8.437500000000000000e-01 2.500000000000000000e-01 3.000000119209289551e-01
1.250000000000000000e-01 5.312500000000000000e-01 0.000000000000000000e+00
2.500000000000000000e-01 5.625000000000000000e-01 0.000000000000000000e+00
6.875000000000000000e-01 9.375000000000000000e-02 0.000000000000000000e+00
6.562500000000000000e-01 3.125000000000000000e-01 4.000000059604644775e-01
6.875000000000000000e-01 5.000000000000000000e-01 3.000000119209289551e-01
4.687500000000000000e-01 6.875000000000000000e-01 2.000000029802322388e-01
3.125000000000000000e-01 6.875000000000000000e-01 2.000000029802322388e-01
5.000000000000000000e-01 5.312500000000000000e-01 4.000000059604644775e-01
8.125000000000000000e-01 4.687500000000000000e-01 3.000000119209289551e-01
4.687500000000000000e-01 5.000000000000000000e-01 1.000000014901161194e-01
4.062500000000000000e-01 9.375000000000000000e-02 2.000000029802322388e-01
1.562500000000000000e-01 6.875000000000000000e-01 1.000000014901161194e-01
2.812500000000000000e-01 5.625000000000000000e-01 4.000000059604644775e-01
1.562500000000000000e-01 4.062500000000000000e-01 2.000000029802322388e-01
1.562500000000000000e-01 2.500000000000000000e-01 3.000000119209289551e-01
4.375000000000000000e-01 8.750000000000000000e-01 4.000000059604644775e-01
7.187500000000000000e-01 5.312500000000000000e-01 4.000000059604644775e-01
9.375000000000000000e-02 4.062500000000000000e-01 1.000000014901161194e-01
5.000000000000000000e-01 5.000000000000000000e-01 2.000000029802322388e-01
5.937500000000000000e-01 1.562500000000000000e-01 2.000000029802322388e-01
6.562500000000000000e-01 5.625000000000000000e-01 4.000000059604644775e-01
2.500000000000000000e-01 5.937500000000000000e-01 2.000000029802322388e-01
3.125000000000000000e-01 5.625000000000000000e-01 3.000000119209289551e-01
5.625000000000000000e-01 8.750000000000000000e-01 4.000000059604644775e-01
8.437500000000000000e-01 3.437500000000000000e-01 2.000000029802322388e-01
4.375000000000000000e-01 1.562500000000000000e-01 3.000000119209289551e-01
7.500000000000000000e-01 1.562500000000000000e-01 2.000000029802322388e-01
3.750000000000000000e-01 7.812500000000000000e-01 2.000000029802322388e-01
9.062500000000000000e-01 6.250000000000000000e-01 1.000000014901161194e-01
2.500000000000000000e-01 2.500000000000000000e-01 4.000000059604644775e-01
6.875000000000000000e-01 4.062500000000000000e-01 4.000000059604644775e-01
6.250000000000000000e-01 7.187500000000000000e-01 1.000000014901161194e-01
2.500000000000000000e-01 5.000000000000000000e-01 2.000000029802322388e-01
2.187500000000000000e-01 5.312500000000000000e-01 3.000000119209289551e-01
4.062500000000000000e-01 5.625000000000000000e-01 3.000000119209289551e-01
4.062500000000000000e-01 3.125000000000000000e-01 3.000000119209289551e-01
4.062500000000000000e-01 7.187500000000000000e-01 2.000000029802322388e-01
4.062500000000000000e-01 8.125000000000000000e-01 3.000000119209289551e-01
8.125000000000000000e-01 4.375000000000000000e-01 3.000000119209289551e-01
8.437500000000000000e-01 2.187500000000000000e-01 0.000000000000000000e+00
3.437500000000000000e-01 4.375000000000000000e-01 3.000000119209289551e-01
1.875000000000000000e-01 4.687500000000000000e-01 2.000000029802322388e-01
2.500000000000000000e-01 6.250000000000000000e-01 4.000000059604644775e-01
4.062500000000000000e-01 8.125000000000000000e-01 2.000000029802322388e-01
3.437500000000000000e-01 4.687500000000000000e-01 3.000000119209289551e-01
6.562500000000000000e-01 2.500000000000000000e-01 0.000000000000000000e+00
4.687500000000000000e-01 6.562500000000000000e-01 2.000000029802322388e-01
7.812500000000000000e-01 2.187500000000000000e-01 0.000000000000000000e+00
5.937500000000000000e-01 7.500000000000000000e-01 1.000000014901161194e-01
3.437500000000000000e-01 2.812500000000000000e-01 1.000000014901161194e-01
8.750000000000000000e-01 3.750000000000000000e-01 4.000000059604644775e-01
3.125000000000000000e-01 6.250000000000000000e-01 4.000000059604644775e-01
4.999999701976776123e-01 8.897113800048828125e-01 3.062500059604644775e-01
5.000000000000000000e-01 2.750000059604644775e-01 1.914062500000000000e-01
3.051442801952362061e-01 6.948556900024414062e-01 2.488281279802322388e-01
7.976471185684204102e-01 2.023530602455139160e-01 4.402343928813934326e-01
7.515576481819152832e-01 7.515576481819152832e-01 3.445312678813934326e-01
3.875000178813934326e-01 3.874999880790710449e-01 2.871093750000000000e-01
4.254319369792938232e-01 6.800231933593750000e-01 1.320703178644180298e-01
6.427869796752929688e-01 1.552818417549133301e-01 3.196484446525573730e-01
9.025441408157348633e-01 6.667392253875732422e-01 3.598437607288360596e-01
2.250100374221801758e-01 3.860954046249389648e-01 2.143750041723251343e-01
5.962669253349304199e-01 7.324089407920837402e-01 5.167968943715095520e-02
3.447743654251098633e-01 1.252517998218536377e-01 3.253906369209289551e-01
1.881906390190124512e-01 6.291556358337402344e-01 2.909375131130218506e-01
6.039364337921142578e-01 4.569481015205383301e-01 2.985937595367431641e-01
3.648636937141418457e-01 5.268802642822265625e-01 9.570312500000000000e-02
8.400856256484985352e-01 4.323528110980987549e-01 1.990624964237213135e-01
5.806407928466796875e-01 9.054089784622192383e-01 2.756249904632568359e-01
4.485281705856323242e-01 2.412336468696594238e-01 4.191797077655792236e-01
7.561707496643066406e-01 6.711678504943847656e-01 1.531250029802322388e-02
1.317313611507415771e-01 2.539307475090026855e-01 9.570312686264514923e-03
2.880465388298034668e-01 8.172106742858886719e-01 1.454687565565109253e-01
6.169298887252807617e-01 3.250020742416381836e-01 2.564843893051147461e-01
5.988237857818603516e-01 6.479002237319946289e-01 3.828125074505805969e-02
2.974715828895568848e-01 1.968946754932403564e-01 1.339843720197677612e-01
1.438090205192565918e-01 7.379992008209228516e-01 1.148437522351741791e-02
7.384819984436035156e-01 3.406513929367065430e-01 3.751562535762786865e-01
4.534419775009155273e-01 7.340629100799560547e-01 3.789843916893005371e-01
5.775967240333557129e-01 1.098950803279876709e-01 2.526562511920928955e-01
8.216887712478637695e-01 5.639878511428833008e-01 2.220312505960464478e-01
4.219790101051330566e-01 4.844806492328643799e-01 3.464453220367431641e-01
4.904503822326660156e-01 5.969586968421936035e-01 4.880859553813934326e-01
5.326181650161743164e-01 1.688229441642761230e-01 1.684375107288360596e-01
8.997709751129150391e-01 5.393739938735961914e-01 1.607812494039535522e-01
2.559925913810729980e-01 4.759673476219177246e-01 4.038671851158142090e-01
6.854227185249328613e-01 7.259382009506225586e-01 1.760937571525573730e-01
2.259012162685394287e-01 1.660096645355224609e-01 5.742187611758708954e-03
2.148705422878265381e-01 7.339996695518493652e-01 4.670312702655792236e-01
6.442129611968994141e-01 3.816475272178649902e-01 9.187500178813934326e-02
6.921312212944030762e-01 6.026962995529174805e-01 4.364062547683715820e-01
1.599042117595672607e-01 3.182150125503540039e-01 2.105468809604644775e-01
2.895352244377136230e-01 8.937518596649169922e-01 2.296875119209289551e-01
6.476352214813232422e-01 2.237939536571502686e-01 3.139062523841857910e-01
2.418504655361175537e-01 5.783088207244873047e-01 3.330468833446502686e-01
8.991983532905578613e-01 3.789046406745910645e-01 2.028906345367431641e-01
6.019715070724487305e-01 8.361550569534301758e-01 2.258593738079071045e-01
4.567988216876983643e-01 3.575847744941711426e-01 3.655859529972076416e-01
5.123285055160522461e-01 6.251731514930725098e-01 5.933593958616256714e-02
4.664629697799682617e-01 1.594921946525573730e-01 3.368750214576721191e-01
9.246569871902465820e-02 5.401386022567749023e-01 1.378124952316284180e-01
7.565286755561828613e-01 4.747342169284820557e-01 2.890234291553497314e-01
3.078324496746063232e-01 7.341568470001220703e-01 4.268359541893005371e-01
7.787058353424072266e-01 1.603960096836090088e-01 4.861718714237213135e-01
7.916849851608276367e-01 7.393797039985656738e-01 3.177343904972076416e-01
3.432240486145019531e-01 3.713372349739074707e-01 4.115234315395355225e-01
3.511757850646972656e-01 5.795481801033020020e-01 2.067187577486038208e-01
8.176466822624206543e-01 3.302144110202789307e-01 4.727734327316284180e-01
7.001918554306030273e-01 8.745326995849609375e-01 4.344922006130218506e-01
3.674196600914001465e-01 2.519596219062805176e-01 3.043359518051147461e-01
7.219380736351013184e-01 5.673241615295410156e-01 2.201171964406967163e-01
1.232047677040100098e-01 3.857003450393676758e-01 7.656250149011611938e-02
4.061998426914215088e-01 8.092176914215087891e-01 3.445312380790710449e-02
5.163285136222839355e-01 4.461721181869506836e-01 1.531250029802322388e-01
4.446654915809631348e-01 5.410388708114624023e-01 4.210937768220901489e-02
7.615006566047668457e-01 3.060580193996429443e-01 7.656250149011611938e-03
7.357502579689025879e-01 8.178724646568298340e-01 1.588671952486038208e-01
3.598256409168243408e-01 3.109967112541198730e-01 2.679687440395355225e-01
7.809741497039794922e-01 5.416785478591918945e-01 1.358984410762786865e-01
7.807990908622741699e-02 4.374140501022338867e-01 3.579297065734863281e-01
4.468299448490142822e-01 8.584432005882263184e-01 4.785156250000000000e-01
5.254392623901367188e-01 3.285023570060729980e-01 1.282421946525573730e-01
5.502181053161621094e-01 7.004818916320800781e-01 4.249218702316284180e-01
4.078068733215332031e-01 1.319439411163330078e-01 2.105468884110450745e-02
7.209652662277221680e-02 6.071841716766357422e-01 1.837500035762786865e-01
7.963597774505615234e-01 4.257657229900360107e-01 6.699218600988388062e-02
3.659114539623260498e-01 7.237132191658020020e-01 1.492968797683715820e-01
7.115190029144287109e-01 1.471019685268402100e-01 4.632031321525573730e-01
7.954527139663696289e-01 6.770875453948974609e-01 4.383203089237213135e-01
3.868502080440521240e-01 4.321806132793426514e-01 2.737109363079071045e-01
6.141412854194641113e-01 6.034516096115112305e-01 1.722656339406967163e-01
2.380546927452087402e-01 2.625865936279296875e-01 4.574609398841857910e-01
2.185811400413513184e-01 8.104978203773498535e-01 3.713281452655792236e-01
6.831220388412475586e-01 2.979559898376464844e-01 1.971484422683715820e-01
1.846779584884643555e-01 5.154907107353210449e-01 1.110156252980232239e-01
9.476988315582275391e-01 4.780059754848480225e-01 2.641406357288360596e-01
5.190223455429077148e-01 8.872094154357910156e-01 7.082031667232513428e-02
4.891337156295776367e-01 2.788102924823760986e-01 4.823437631130218506e-01
4.357372224330902100e-01 6.796023845672607422e-01 1.052734404802322388e-01
6.249842047691345215e-01 1.506926119327545166e-01 3.828125000000000000e-01
9.085278511047363281e-01 6.461735963821411133e-01 3.981249928474426270e-01
2.222657203674316406e-01 4.006250500679016113e-01 4.325781464576721191e-01
6.062018275260925293e-01 7.245448231697082520e-01 4.517187476158142090e-01
3.274090290069580078e-01 1.350868940353393555e-01 3.349609375000000000e-01
1.970297396183013916e-01 6.432942152023315430e-01 1.129296869039535522e-01
5.951305031776428223e-01 4.550066590309143066e-01 1.416406333446502686e-01
5.597277879714965820e-01 5.658994913101196289e-01 2.335156351327896118e-01
2.781209945678710938e-01 2.551942467689514160e-01 2.373437583446502686e-01
2.038185894489288330e-01 7.684431076049804688e-01 8.421875536441802979e-02
6.792659759521484375e-01 3.375227451324462891e-01 7.464843988418579102e-02
4.857917129993438721e-01 7.892158031463623047e-01 2.583984434604644775e-01
5.211104154586791992e-01 7.028847932815551758e-02 4.976562410593032837e-02
8.662633895874023438e-01 5.179933905601501465e-01 4.440625011920928955e-01
3.179487287998199463e-01 4.910563826560974121e-01 1.205859407782554626e-01
2.983272671699523926e-01 5.721596479415893555e-01 8.804687857627868652e-02
8.611516952514648438e-01 3.707779049873352051e-01 4.804297089576721191e-01
6.498132944107055664e-01 9.187002182006835938e-01 2.507421970367431641e-01
3.953449130058288574e-01 2.075086236000061035e-01 4.708593785762786865e-01
7.411998510360717773e-01 6.140789985656738281e-01 3.158203065395355225e-01
1.246088445186614990e-01 3.224531412124633789e-01 4.210937619209289551e-01
3.507738709449768066e-01 8.155121803283691406e-01 2.717968821525573730e-01
5.613156557083129883e-01 3.703590035438537598e-01 4.746875166893005371e-01
4.289186000823974609e-01 5.958421230316162109e-01 2.794531285762786865e-01
7.024398446083068848e-01 2.270414233207702637e-01 3.770703077316284180e-01
8.273632526397705078e-01 7.427891492843627930e-01 3.636718913912773132e-02
2.954369187355041504e-01 3.482856750488281250e-01 4.057812690734863281e-01
5.440621376037597656e-01 7.970426082611083984e-01 3.502734303474426270e-01
4.358021616935729980e-01 6.721320748329162598e-02 1.741796880960464478e-01
1.288270354270935059e-01 5.550582408905029297e-01 3.732421994209289551e-01
6.967212557792663574e-01 4.708192050457000732e-01 2.296875044703483582e-02
6.590807437896728516e-01 5.398476719856262207e-01 1.186718791723251343e-01
1.527552008628845215e-01 4.130196869373321533e-01 3.119921982288360596e-01
3.972651958465576172e-01 9.101403355598449707e-01 3.675000071525573730e-01
5.676513910293579102e-01 2.299207150936126709e-01 4.593750089406967163e-02
3.040187954902648926e-01 6.174666285514831543e-01 2.813671827316284180e-01
8.360031247138977051e-01 2.986075282096862793e-01 4.421484470367431641e-01
6.648595333099365234e-01 7.750515937805175781e-01 2.124609351158142090e-01
4.795516729354858398e-01 4.658840596675872803e-01 3.215624988079071045e-01
4.759889841079711914e-01 5.423853397369384766e-01 1.014453172683715820e-01
6.586665511131286621e-01 2.199143469333648682e-01 1.818359345197677612e-01
8.417216539382934570e-01 6.935829520225524902e-01 3.426171839237213135e-01
2.996946573257446289e-01 3.865284025669097900e-01 1.875781267881393433e-01
5.746369361877441406e-01 7.697032690048217773e-01 1.033593788743019104e-01
3.869816660881042480e-01 9.160387516021728516e-02 2.411718815565109253e-01
1.539312005043029785e-01 5.957701206207275391e-01 1.952343732118606567e-01
6.603624820709228516e-01 4.556217789649963379e-01 3.560156226158142090e-01
6.993421912193298340e-01 5.245864987373352051e-01 3.885546922683715820e-01
1.265430152416229248e-01 4.539383947849273682e-01 3.100781440734863281e-01
4.463320374488830566e-01 9.351281523704528809e-01 1.933203190565109253e-01
5.369200110435485840e-01 2.006612122058868408e-01 3.407031297683715820e-01
2.980012297630310059e-01 6.576413512229919434e-01 1.071875020861625671e-01
8.220704793930053711e-01 2.486538290977478027e-01 3.942968845367431641e-01
7.097924351692199707e-01 7.688241600990295410e-01 3.636718690395355225e-01
4.245762825012207031e-01 4.033534228801727295e-01 4.134375154972076416e-01
5.657069683074951172e-01 6.305373907089233398e-01 1.148437559604644775e-01
3.425670862197875977e-01 1.872344315052032471e-01 6.890624761581420898e-02
1.282293498516082764e-01 6.871336698532104492e-01 3.062500059604644775e-02
7.396479845046997070e-01 3.793714046478271484e-01 3.904687464237213135e-01
4.021559953689575195e-01 7.961781024932861328e-01 9.953124821186065674e-02
6.397714614868164062e-01 7.690563797950744629e-02 2.966797053813934326e-01
8.651919364929199219e-01 6.206431388854980469e-01 1.914062537252902985e-02
2.948713302612304688e-01 4.322346448898315430e-01 2.277734428644180298e-01
3.160717487335205078e-01 5.135673284530639648e-01 7.273437827825546265e-02
8.667855262756347656e-01 4.729442596435546875e-01 4.651171863079071045e-01
5.317171812057495117e-01 9.299798607826232910e-01 2.603124976158142090e-01
4.785981476306915283e-01 2.098610401153564453e-01 4.593750238418579102e-01
6.844331026077270508e-01 6.590930819511413574e-01 1.225000023841857910e-01
1.965716481208801270e-01 2.382608354091644287e-01 8.039062470197677612e-02
2.834151387214660645e-01 7.510820031166076660e-01 1.339843776077032089e-02
5.609280467033386230e-01 4.293675124645233154e-01 1.512109339237213135e-01
5.995827317237854004e-01 5.441420078277587891e-01 6.507812440395355225e-02
1.925274431705474854e-01 3.637067675590515137e-01 1.435546875000000000e-01
3.360197842121124268e-01 8.699333667755126953e-01 6.125000119209289551e-02
6.013024449348449707e-01 2.714654505252838135e-01 2.354296892881393433e-01
2.235399782657623291e-01 6.066423654556274414e-01 1.665234416723251343e-01
9.056670665740966797e-01 3.435169458389282227e-01 4.498046934604644775e-01
6.339020729064941406e-01 8.471281528472900391e-01 3.808984458446502686e-01
4.306067228317260742e-01 3.201047480106353760e-01 4.478906393051147461e-01
4.945215284824371338e-01 7.231680154800415039e-01 2.871093899011611938e-02
5.095390677452087402e-01 1.114218533039093018e-01 5.742187798023223877e-02
9.489849805831909180e-01 5.110219717025756836e-01 1.646093726158142090e-01
1.831428110599517822e-01 4.922215342521667480e-01 3.521875143051147461e-01
6.890227794647216797e-01 6.985368728637695312e-01 2.679687552154064178e-02
2.103958725929260254e-01 1.958192586898803711e-01 3.866406381130218506e-01
2.431510090827941895e-01 7.445405125617980957e-01 1.569531261920928955e-01
6.134122610092163086e-01 3.920225203037261963e-01 1.799218803644180298e-01
3.860437870025634766e-01 5.721619129180908203e-01 2.048046886920928955e-01
7.919862866401672363e-01 3.151017427444458008e-01 3.292187452316284180e-01
7.206295132637023926e-01 8.484120368957519531e-01 4.172656238079071045e-01
3.596527874469757080e-01 2.783674001693725586e-01 3.962109386920928955e-01
7.993527650833129883e-01 5.672218799591064453e-01 2.947656214237213135e-01
6.872108578681945801e-02 4.031530618667602539e-01 4.019531309604644775e-01
4.166389703750610352e-01 8.712233304977416992e-01 9.761718660593032837e-02
5.457003116607666016e-01 2.964875102043151855e-01 4.287500083446502686e-01
5.300278067588806152e-01 6.730546951293945312e-01 1.301562488079071045e-01
4.378630518913269043e-01 1.418958306312561035e-01 8.230468630790710449e-02
7.883030176162719727e-02 5.730798244476318359e-01 3.024218678474426270e-01
7.812352180480957031e-01 4.512011110782623291e-01 3.828125074505805969e-03
3.635418415069580078e-01 6.937556862831115723e-01 2.430859357118606567e-01
7.284531593322753906e-01 1.756216883659362793e-01 8.996094018220901489e-02
7.671728134155273438e-01 6.881643533706665039e-01 4.402343928813934326e-02
4.391620755195617676e-01 4.571530818939208984e-01 2.545703053474426270e-01
5.197272300720214844e-01 5.597152709960937500e-01 2.182031273841857910e-01
3.982563018798828125e-01 1.920174062252044678e-01 4.096093773841857910e-01
1.251707375049591064e-01 6.238268017768859863e-01 3.273046910762786865e-01
7.218323945999145508e-01 4.267165362834930420e-01 2.832812666893005371e-01
3.729161024093627930e-01 7.524722814559936523e-01 1.263281255960464478e-01
6.913585066795349121e-01 1.198362708091735840e-01 4.555468857288360596e-01
8.226970434188842773e-01 6.624320745468139648e-01 1.894921958446502686e-01
3.471892476081848145e-01 4.230814874172210693e-01 5.359375104308128357e-02
3.449591696262359619e-01 6.337391734123229980e-01 3.483593761920928955e-01
7.865151166915893555e-01 2.528504133224487305e-01 2.660546898841857910e-01
