0 [6.0000e-01]
100 [6.1230e-01]
200 [6.2798e-01]
300 [6.2664e-01]
400 [6.2115e-01]
500 [6.1052e-01]
600 [5.8843e-01]
700 [5.6048e-01]
800 [5.3239e-01]
900 [5.0734e-01]
1000 [4.8839e-01]
1100 [4.7364e-01]
1200 [4.6262e-01]
1300 [4.5445e-01]
1400 [4.4847e-01]
1500 [4.4412e-01]
1600 [4.4098e-01]
1700 [4.3885e-01]
1800 [4.3764e-01]
1900 [4.3723e-01]
2000 [4.3754e-01]
2100 [4.3857e-01]
2200 [4.4015e-01]
2300 [4.4232e-01]
2400 [4.4484e-01]
2500 [4.4778e-01]
2600 [4.5096e-01]
2700 [4.5434e-01]
2800 [4.5787e-01]
2900 [4.6144e-01]
3000 [4.6524e-01]
3100 [4.6882e-01]
3200 [4.7265e-01]
3300 [4.7634e-01]
3400 [4.8013e-01]
3500 [4.8384e-01]
3600 [4.8743e-01]
3700 [4.9117e-01]
3800 [4.9459e-01]
3900 [4.9802e-01]
4000 [5.0153e-01]
4100 [5.0475e-01]
4200 [5.0802e-01]
4300 [5.1126e-01]
4400 [5.1419e-01]
4500 [5.1728e-01]
4600 [5.2012e-01]
4700 [5.2303e-01]
4800 [5.2575e-01]
4900 [5.2845e-01]
5000 [5.3120e-01]
5100 [5.3358e-01]
5200 [5.3614e-01]
5300 [5.3842e-01]
5400 [5.4077e-01]
5500 [5.4312e-01]
5600 [5.4504e-01]
5700 [5.4717e-01]
5800 [5.4915e-01]
5900 [5.5105e-01]
6000 [5.5302e-01]
6100 [5.5466e-01]
6200 [5.5646e-01]
6300 [5.5799e-01]
6400 [5.5963e-01]
6500 [5.6117e-01]
6600 [5.6255e-01]
6700 [5.6404e-01]
6800 [5.6526e-01]
6900 [5.6661e-01]
7000 [5.6791e-01]
7100 [5.6894e-01]
7200 [5.7014e-01]
7300 [5.7118e-01]
7400 [5.7219e-01]
7500 [5.7327e-01]
7600 [5.7404e-01]
7700 [5.7498e-01]
7800 [5.7593e-01]
7900 [5.7664e-01]
8000 [5.7749e-01]
8100 [5.7810e-01]
8200 [5.7874e-01]
8300 [5.7946e-01]
8400 [5.8018e-01]
8500 [5.8059e-01]
8600 [5.8121e-01]
8700 [5.8183e-01]
8800 [5.8220e-01]
8900 [5.8275e-01]
9000 [5.8314e-01]
9100 [5.8348e-01]
9200 [5.8395e-01]
9300 [5.8440e-01]
9400 [5.8455e-01]
9500 [5.8494e-01]
9600 [5.8532e-01]
9700 [5.8548e-01]
9800 [5.8582e-01]
9900 [5.8594e-01]
10000 [5.8623e-01]
10100 [5.8632e-01]
10200 [5.8651e-01]
10300 [5.8675e-01]
10400 [5.8674e-01]
10500 [5.8690e-01]
10600 [5.8709e-01]
10700 [5.8706e-01]
10800 [5.8717e-01]
10900 [5.8730e-01]
11000 [5.8719e-01]
11100 [5.8729e-01]
11200 [5.8735e-01]
11300 [5.8721e-01]
11400 [5.8726e-01]
11500 [5.8705e-01]
11600 [5.8704e-01]
11700 [5.8704e-01]
11800 [5.8678e-01]
11900 [5.8674e-01]
12000 [5.8668e-01]
12100 [5.8641e-01]
12200 [5.8631e-01]
12300 [5.8600e-01]
12400 [5.8587e-01]
12500 [5.8554e-01]
12600 [5.8532e-01]
12700 [5.8514e-01]
12800 [5.8471e-01]
12900 [5.8451e-01]
13000 [5.8427e-01]
13100 [5.8378e-01]
13200 [5.8353e-01]
13300 [5.8326e-01]
13400 [5.8274e-01]
13500 [5.8245e-01]
13600 [5.8190e-01]
13700 [5.8155e-01]
13800 [5.8122e-01]
13900 [5.8067e-01]
14000 [5.8029e-01]
14100 [5.7992e-01]
14200 [5.7934e-01]
14300 [5.7896e-01]
14400 [5.7840e-01]
14500 [5.7797e-01]
14600 [5.7754e-01]
14700 [5.7694e-01]
14800 [5.7652e-01]
14900 [5.7585e-01]
15000 [5.7543e-01]
15100 [5.7497e-01]
15200 [5.7432e-01]
15300 [5.7387e-01]
15400 [5.7319e-01]
15500 [5.7274e-01]
15600 [5.7226e-01]
15700 [5.7157e-01]
15800 [5.7111e-01]
15900 [5.7048e-01]
16000 [5.6995e-01]
16100 [5.6946e-01]
16200 [5.6875e-01]
16300 [5.6828e-01]
16400 [5.6770e-01]
16500 [5.6700e-01]
16600 [5.6654e-01]
16700 [5.6604e-01]
16800 [5.6541e-01]
16900 [5.6478e-01]
17000 [5.6426e-01]
17100 [5.6353e-01]
17200 [5.6305e-01]
17300 [5.6255e-01]
17400 [5.6179e-01]
17500 [5.6132e-01]
17600 [5.6082e-01]
17700 [5.6007e-01]
17800 [5.5960e-01]
17900 [5.5910e-01]
18000 [5.5836e-01]
18100 [5.5789e-01]
18200 [5.5739e-01]
18300 [5.5669e-01]
18400 [5.5621e-01]
18500 [5.5556e-01]
18600 [5.5500e-01]
18700 [5.5452e-01]
18800 [5.5383e-01]
18900 [5.5335e-01]
19000 [5.5286e-01]
19100 [5.5210e-01]
19200 [5.5166e-01]
19300 [5.5119e-01]
19400 [5.5052e-01]
19500 [5.5005e-01]
19600 [5.4957e-01]
19700 [5.4890e-01]
19800 [5.4845e-01]
19900 [5.4787e-01]
20000 [5.4735e-01]
20100 [5.4689e-01]
20200 [5.4625e-01]
20300 [5.4581e-01]
20400 [5.4517e-01]
20500 [5.4473e-01]
20600 [5.4429e-01]
20700 [5.4363e-01]
20800 [5.4322e-01]
20900 [5.4279e-01]
21000 [5.4215e-01]
21100 [5.4175e-01]
21200 [5.4132e-01]
21300 [5.4069e-01]
21400 [5.4030e-01]
21500 [5.3989e-01]
21600 [5.3933e-01]
21700 [5.3894e-01]
21800 [5.3831e-01]
21900 [5.3795e-01]
22000 [5.3757e-01]
22100 [5.3700e-01]
22200 [5.3664e-01]
22300 [5.3614e-01]
22400 [5.3572e-01]
22500 [5.3537e-01]
22600 [5.3484e-01]
22700 [5.3450e-01]
22800 [5.3395e-01]
22900 [5.3362e-01]
23000 [5.3329e-01]
23100 [5.3270e-01]
23200 [5.3240e-01]
23300 [5.3209e-01]
23400 [5.3159e-01]
23500 [5.3127e-01]
23600 [5.3097e-01]
23700 [5.3047e-01]
23800 [5.3018e-01]
23900 [5.2990e-01]
24000 [5.2946e-01]
24100 [5.2913e-01]
24200 [5.2874e-01]
24300 [5.2847e-01]
24400 [5.2801e-01]
24500 [5.2776e-01]
24600 [5.2739e-01]
24700 [5.2704e-01]
24800 [5.2680e-01]
24900 [5.2638e-01]
25000 [5.2614e-01]
25100 [5.2585e-01]
25200 [5.2551e-01]
25300 [5.2528e-01]
25400 [5.2488e-01]
25500 [5.2467e-01]
25600 [5.2428e-01]
25700 [5.2408e-01]
25800 [5.2379e-01]
25900 [5.2358e-01]
26000 [5.2325e-01]
26100 [5.2293e-01]
26200 [5.2272e-01]
26300 [5.2246e-01]
26400 [5.2218e-01]
26500 [5.2202e-01]
26600 [5.2175e-01]
26700 [5.2147e-01]
26800 [5.2119e-01]
26900 [5.2099e-01]
27000 [5.2082e-01]
27100 [5.2051e-01]
27200 [5.2036e-01]
27300 [5.2002e-01]
27400 [5.1988e-01]
27500 [5.1966e-01]
27600 [5.1948e-01]
27700 [5.1919e-01]
27800 [5.1906e-01]
27900 [5.1877e-01]
28000 [5.1862e-01]
28100 [5.1850e-01]
28200 [5.1831e-01]
28300 [5.1811e-01]
28400 [5.1789e-01]
28500 [5.1770e-01]
28600 [5.1755e-01]
28700 [5.1739e-01]
28800 [5.1720e-01]
28900 [5.1704e-01]
29000 [5.1686e-01]
29100 [5.1664e-01]
29200 [5.1654e-01]
29300 [5.1636e-01]
29400 [5.1618e-01]
29500 [5.1603e-01]
29600 [5.1589e-01]
29700 [5.1569e-01]
29800 [5.1560e-01]
29900 [5.1538e-01]
30000 [5.1531e-01]
30100 [5.1508e-01]
30200 [5.1497e-01]
30300 [5.1491e-01]
30400 [5.1472e-01]
30500 [5.1464e-01]
30600 [5.1444e-01]
30700 [5.1438e-01]
30800 [5.1420e-01]
30900 [5.1405e-01]
31000 [5.1401e-01]
31100 [5.1389e-01]
31200 [5.1376e-01]
31300 [5.1369e-01]
31400 [5.1352e-01]
31500 [5.1347e-01]
31600 [5.1329e-01]
31700 [5.1322e-01]
31800 [5.1308e-01]
31900 [5.1295e-01]
32000 [5.1288e-01]
32100 [5.1274e-01]
32200 [5.1267e-01]
32300 [5.1251e-01]
32400 [5.1243e-01]
32500 [5.1240e-01]
32600 [5.1219e-01]
32700 [5.1218e-01]
32800 [5.1210e-01]
32900 [5.1199e-01]
33000 [5.1194e-01]
33100 [5.1182e-01]
33200 [5.1167e-01]
33300 [5.1165e-01]
33400 [5.1154e-01]
33500 [5.1150e-01]
33600 [5.1138e-01]
33700 [5.1126e-01]
33800 [5.1120e-01]
33900 [5.1119e-01]
34000 [5.1103e-01]
34100 [5.1103e-01]
34200 [5.1084e-01]
34300 [5.1085e-01]
34400 [5.1067e-01]
34500 [5.1067e-01]
34600 [5.1064e-01]
34700 [5.1056e-01]
34800 [5.1047e-01]
34900 [5.1032e-01]
35000 [5.1033e-01]
35100 [5.1027e-01]
35200 [5.1019e-01]
35300 [5.1005e-01]
35400 [5.1005e-01]
35500 [5.0989e-01]
35600 [5.0990e-01]
35700 [5.0977e-01]
35800 [5.0976e-01]
35900 [5.0968e-01]
36000 [5.0960e-01]
36100 [5.0961e-01]
36200 [5.0955e-01]
36300 [5.0946e-01]
36400 [5.0935e-01]
36500 [5.0936e-01]
36600 [5.0923e-01]
36700 [5.0925e-01]
36800 [5.0912e-01]
36900 [5.0914e-01]
37000 [5.0898e-01]
37100 [5.0900e-01]
37200 [5.0882e-01]
37300 [5.0882e-01]
37400 [5.0883e-01]
37500 [5.0869e-01]
37600 [5.0870e-01]
37700 [5.0870e-01]
37800 [5.0856e-01]
37900 [5.0858e-01]
38000 [5.0843e-01]
38100 [5.0845e-01]
38200 [5.0833e-01]
38300 [5.0830e-01]
38400 [5.0833e-01]
38500 [5.0819e-01]
38600 [5.0822e-01]
38700 [5.0808e-01]
38800 [5.0811e-01]
38900 [5.0799e-01]
39000 [5.0797e-01]
39100 [5.0800e-01]
39200 [5.0785e-01]
39300 [5.0788e-01]
39400 [5.0774e-01]
39500 [5.0775e-01]
39600 [5.0778e-01]
39700 [5.0763e-01]
39800 [5.0766e-01]
39900 [5.0760e-01]
40000 [5.0758e-01]
40100 [5.0747e-01]
40200 [5.0751e-01]
40300 [5.0736e-01]
40400 [5.0739e-01]
40500 [5.0738e-01]
40600 [5.0732e-01]
40700 [5.0723e-01]
40800 [5.0720e-01]
40900 [5.0723e-01]
41000 [5.0707e-01]
41100 [5.0711e-01]
41200 [5.0711e-01]
41300 [5.0707e-01]
41400 [5.0701e-01]
41500 [5.0689e-01]
41600 [5.0689e-01]
41700 [5.0691e-01]
41800 [5.0684e-01]
41900 [5.0677e-01]
42000 [5.0678e-01]
42100 [5.0667e-01]
42200 [5.0669e-01]
42300 [5.0665e-01]
42400 [5.0665e-01]
42500 [5.0655e-01]
42600 [5.0658e-01]
42700 [5.0650e-01]
42800 [5.0645e-01]
42900 [5.0644e-01]
43000 [5.0635e-01]
43100 [5.0636e-01]
43200 [5.0635e-01]
43300 [5.0630e-01]
43400 [5.0630e-01]
43500 [5.0624e-01]
43600 [5.0614e-01]
43700 [5.0617e-01]
43800 [5.0614e-01]
43900 [5.0609e-01]
44000 [5.0609e-01]
44100 [5.0602e-01]
44200 [5.0606e-01]
44300 [5.0589e-01]
44400 [5.0593e-01]
44500 [5.0591e-01]
44600 [5.0589e-01]
44700 [5.0581e-01]
44800 [5.0586e-01]
44900 [5.0574e-01]
45000 [5.0576e-01]
45100 [5.0572e-01]
45200 [5.0564e-01]
45300 [5.0568e-01]
45400 [5.0556e-01]
45500 [5.0559e-01]
45600 [5.0552e-01]
45700 [5.0555e-01]
45800 [5.0546e-01]
45900 [5.0550e-01]
46000 [5.0542e-01]
46100 [5.0535e-01]
46200 [5.0538e-01]
46300 [5.0526e-01]
46400 [5.0530e-01]
46500 [5.0530e-01]
46600 [5.0527e-01]
46700 [5.0521e-01]
46800 [5.0524e-01]
46900 [5.0515e-01]
47000 [5.0511e-01]
47100 [5.0510e-01]
47200 [5.0501e-01]
47300 [5.0503e-01]
47400 [5.0502e-01]
47500 [5.0496e-01]
47600 [5.0494e-01]
47700 [5.0493e-01]
47800 [5.0483e-01]
47900 [5.0487e-01]
48000 [5.0485e-01]
48100 [5.0479e-01]
48200 [5.0485e-01]
48300 [5.0475e-01]
48400 [5.0474e-01]
48500 [5.0472e-01]
48600 [5.0465e-01]
48700 [5.0469e-01]
48800 [5.0460e-01]
48900 [5.0462e-01]
49000 [5.0455e-01]
49100 [5.0455e-01]
49200 [5.0445e-01]
49300 [5.0448e-01]
49400 [5.0450e-01]
49500 [5.0447e-01]
49600 [5.0439e-01]
49700 [5.0444e-01]
49800 [5.0434e-01]
49900 [5.0436e-01]
50000 [5.0432e-01]
50100 [5.0426e-01]
50200 [5.0431e-01]
50300 [5.0422e-01]
50400 [5.0424e-01]
50500 [5.0420e-01]
50600 [5.0416e-01]
50700 [5.0418e-01]
50800 [5.0413e-01]
50900 [5.0406e-01]
51000 [5.0410e-01]
51100 [5.0405e-01]
51200 [5.0400e-01]
51300 [5.0400e-01]
51400 [5.0398e-01]
51500 [5.0393e-01]
51600 [5.0397e-01]
51700 [5.0394e-01]
51800 [5.0392e-01]
51900 [5.0385e-01]
52000 [5.0388e-01]
52100 [5.0381e-01]
52200 [5.0382e-01]
52300 [5.0381e-01]
52400 [5.0378e-01]
52500 [5.0374e-01]
52600 [5.0368e-01]
52700 [5.0372e-01]
52800 [5.0369e-01]
52900 [5.0367e-01]
53000 [5.0362e-01]
53100 [5.0363e-01]
53200 [5.0361e-01]
53300 [5.0359e-01]
53400 [5.0357e-01]
53500 [5.0356e-01]
53600 [5.0353e-01]
53700 [5.0348e-01]
53800 [5.0345e-01]
53900 [5.0349e-01]
54000 [5.0344e-01]
54100 [5.0336e-01]
54200 [5.0341e-01]
54300 [5.0331e-01]
54400 [5.0336e-01]
54500 [5.0334e-01]
54600 [5.0330e-01]
54700 [5.0326e-01]
54800 [5.0326e-01]
54900 [5.0331e-01]
55000 [5.0320e-01]
55100 [5.0325e-01]
55200 [5.0315e-01]
55300 [5.0321e-01]
55400 [5.0307e-01]
55500 [5.0312e-01]
55600 [5.0316e-01]
55700 [5.0312e-01]
55800 [5.0307e-01]
55900 [5.0304e-01]
56000 [5.0306e-01]
56100 [5.0303e-01]
56200 [5.0299e-01]
56300 [5.0298e-01]
56400 [5.0298e-01]
56500 [5.0296e-01]
56600 [5.0293e-01]
56700 [5.0290e-01]
56800 [5.0293e-01]
56900 [5.0291e-01]
57000 [5.0287e-01]
57100 [5.0278e-01]
57200 [5.0283e-01]
57300 [5.0279e-01]
57400 [5.0282e-01]
57500 [5.0275e-01]
57600 [5.0281e-01]
57700 [5.0271e-01]
57800 [5.0276e-01]
57900 [5.0268e-01]
58000 [5.0273e-01]
58100 [5.0264e-01]
58200 [5.0270e-01]
58300 [5.0260e-01]
58400 [5.0264e-01]
58500 [5.0263e-01]
58600 [5.0250e-01]
58700 [5.0256e-01]
58800 [5.0262e-01]
58900 [5.0249e-01]
59000 [5.0254e-01]
59100 [5.0250e-01]
59200 [5.0248e-01]
59300 [5.0249e-01]
59400 [5.0242e-01]
59500 [5.0246e-01]
59600 [5.0242e-01]
59700 [5.0239e-01]
59800 [5.0243e-01]
59900 [5.0237e-01]
60000 [5.0236e-01]
60100 [5.0233e-01]
60200 [5.0236e-01]
60300 [5.0230e-01]
60400 [5.0236e-01]
60500 [5.0227e-01]
60600 [5.0225e-01]
60700 [5.0222e-01]
60800 [5.0228e-01]
60900 [5.0216e-01]
61000 [5.0222e-01]
61100 [5.0220e-01]
61200 [5.0221e-01]
61300 [5.0215e-01]
61400 [5.0214e-01]
61500 [5.0211e-01]
61600 [5.0214e-01]
61700 [5.0210e-01]
61800 [5.0205e-01]
61900 [5.0209e-01]
62000 [5.0200e-01]
62100 [5.0206e-01]
62200 [5.0207e-01]
62300 [5.0204e-01]
62400 [5.0201e-01]
62500 [5.0197e-01]
62600 [5.0201e-01]
62700 [5.0198e-01]
62800 [5.0195e-01]
62900 [5.0192e-01]
63000 [5.0195e-01]
63100 [5.0192e-01]
63200 [5.0189e-01]
63300 [5.0186e-01]
63400 [5.0192e-01]
63500 [5.0184e-01]
63600 [5.0187e-01]
63700 [5.0182e-01]
63800 [5.0178e-01]
63900 [5.0180e-01]
64000 [5.0182e-01]
64100 [5.0180e-01]
64200 [5.0175e-01]
64300 [5.0173e-01]
64400 [5.0174e-01]
64500 [5.0178e-01]
64600 [5.0173e-01]
64700 [5.0165e-01]
64800 [5.0171e-01]
64900 [5.0169e-01]
65000 [5.0165e-01]
65100 [5.0161e-01]
65200 [5.0163e-01]
65300 [5.0159e-01]
65400 [5.0157e-01]
65500 [5.0161e-01]
65600 [5.0157e-01]
65700 [5.0159e-01]
65800 [5.0156e-01]
65900 [5.0152e-01]
66000 [5.0154e-01]
66100 [5.0146e-01]
66200 [5.0151e-01]
66300 [5.0147e-01]
66400 [5.0146e-01]
66500 [5.0152e-01]
66600 [5.0149e-01]
66700 [5.0147e-01]
66800 [5.0144e-01]
66900 [5.0141e-01]
67000 [5.0143e-01]
67100 [5.0143e-01]
67200 [5.0139e-01]
67300 [5.0138e-01]
67400 [5.0137e-01]
67500 [5.0135e-01]
67600 [5.0135e-01]
67700 [5.0137e-01]
67800 [5.0130e-01]
67900 [5.0136e-01]
68000 [5.0127e-01]
68100 [5.0132e-01]
68200 [5.0128e-01]
68300 [5.0134e-01]
68400 [5.0126e-01]
68500 [5.0130e-01]
68600 [5.0128e-01]
68700 [5.0126e-01]
68800 [5.0113e-01]
68900 [5.0118e-01]
69000 [5.0122e-01]
69100 [5.0116e-01]
69200 [5.0122e-01]
69300 [5.0113e-01]
69400 [5.0120e-01]
69500 [5.0111e-01]
69600 [5.0117e-01]
69700 [5.0110e-01]
69800 [5.0116e-01]
69900 [5.0107e-01]
70000 [5.0113e-01]
70100 [5.0107e-01]
70200 [5.0112e-01]
70300 [5.0107e-01]
70400 [5.0102e-01]
70500 [5.0102e-01]
70600 [5.0108e-01]
70700 [5.0105e-01]
70800 [5.0103e-01]
70900 [5.0099e-01]
71000 [5.0105e-01]
71100 [5.0091e-01]
71200 [5.0098e-01]
71300 [5.0099e-01]
71400 [5.0096e-01]
71500 [5.0091e-01]
71600 [5.0096e-01]
71700 [5.0090e-01]
71800 [5.0095e-01]
71900 [5.0090e-01]
72000 [5.0089e-01]
72100 [5.0088e-01]
72200 [5.0090e-01]
72300 [5.0087e-01]
72400 [5.0086e-01]
72500 [5.0088e-01]
72600 [5.0087e-01]
72700 [5.0084e-01]
72800 [5.0082e-01]
72900 [5.0079e-01]
73000 [5.0083e-01]
73100 [5.0078e-01]
73200 [5.0083e-01]
73300 [5.0076e-01]
73400 [5.0081e-01]
73500 [5.0068e-01]
73600 [5.0075e-01]
73700 [5.0069e-01]
73800 [5.0068e-01]
73900 [5.0075e-01]
74000 [5.0069e-01]
74100 [5.0073e-01]
74200 [5.0069e-01]
74300 [5.0066e-01]
74400 [5.0065e-01]
74500 [5.0068e-01]
74600 [5.0064e-01]
74700 [5.0067e-01]
74800 [5.0063e-01]
74900 [5.0067e-01]
75000 [5.0065e-01]
75100 [5.0058e-01]
75200 [5.0064e-01]
75300 [5.0056e-01]
75400 [5.0061e-01]
75500 [5.0059e-01]
75600 [5.0058e-01]
75700 [5.0054e-01]
75800 [5.0059e-01]
75900 [5.0053e-01]
76000 [5.0055e-01]
76100 [5.0054e-01]
76200 [5.0051e-01]
76300 [5.0052e-01]
76400 [5.0051e-01]
76500 [5.0052e-01]
76600 [5.0046e-01]
76700 [5.0051e-01]
76800 [5.0046e-01]
76900 [5.0047e-01]
77000 [5.0045e-01]
77100 [5.0040e-01]
77200 [5.0045e-01]
77300 [5.0041e-01]
77400 [5.0038e-01]
77500 [5.0041e-01]
77600 [5.0034e-01]
77700 [5.0040e-01]
77800 [5.0039e-01]
77900 [5.0037e-01]
78000 [5.0034e-01]
78100 [5.0040e-01]
78200 [5.0034e-01]
78300 [5.0037e-01]
78400 [5.0035e-01]
78500 [5.0032e-01]
78600 [5.0031e-01]
78700 [5.0032e-01]
78800 [5.0021e-01]
78900 [5.0025e-01]
79000 [5.0032e-01]
79100 [5.0020e-01]
79200 [5.0027e-01]
79300 [5.0022e-01]
79400 [5.0024e-01]
79500 [5.0030e-01]
79600 [5.0016e-01]
79700 [5.0023e-01]
79800 [5.0029e-01]
79900 [5.0006e-01]
80000 [5.0013e-01]
80100 [5.0020e-01]
80200 [5.0027e-01]
80300 [5.0005e-01]
80400 [5.0012e-01]
80500 [5.0019e-01]
80600 [5.0001e-01]
80700 [5.0006e-01]
80800 [5.0012e-01]
80900 [5.0019e-01]
81000 [5.0011e-01]
81100 [5.0010e-01]
81200 [5.0007e-01]
81300 [5.0014e-01]
81400 [4.9999e-01]
81500 [5.0006e-01]
81600 [5.0009e-01]
81700 [5.0002e-01]
81800 [5.0007e-01]
81900 [4.9999e-01]
82000 [5.0005e-01]
82100 [5.0005e-01]
82200 [5.0007e-01]
82300 [5.0002e-01]
82400 [5.0001e-01]
82500 [5.0002e-01]
82600 [5.0001e-01]
82700 [5.0002e-01]
82800 [4.9999e-01]
82900 [4.9994e-01]
83000 [5.0000e-01]
83100 [4.9997e-01]
83200 [4.9990e-01]
83300 [4.9996e-01]
83400 [4.9988e-01]
83500 [4.9993e-01]
83600 [4.9996e-01]
83700 [4.9989e-01]
83800 [4.9995e-01]
83900 [4.9986e-01]
84000 [4.9992e-01]
84100 [4.9984e-01]
84200 [4.9988e-01]
84300 [4.9983e-01]
84400 [4.9986e-01]
84500 [4.9989e-01]
84600 [4.9984e-01]
84700 [4.9986e-01]
84800 [4.9984e-01]
84900 [4.9987e-01]
85000 [4.9982e-01]
85100 [4.9982e-01]
85200 [4.9979e-01]
85300 [4.9983e-01]
85400 [4.9978e-01]
85500 [4.9979e-01]
85600 [4.9983e-01]
85700 [4.9978e-01]
85800 [4.9978e-01]
85900 [4.9976e-01]
86000 [4.9979e-01]
86100 [4.9976e-01]
86200 [4.9977e-01]
86300 [4.9974e-01]
86400 [4.9970e-01]
86500 [4.9976e-01]
86600 [4.9972e-01]
86700 [4.9971e-01]
86800 [4.9968e-01]
86900 [4.9975e-01]
87000 [4.9965e-01]
87100 [4.9967e-01]
87200 [4.9965e-01]
87300 [4.9967e-01]
87400 [4.9967e-01]
87500 [4.9966e-01]
87600 [4.9959e-01]
87700 [4.9966e-01]
87800 [4.9957e-01]
87900 [4.9964e-01]
88000 [4.9962e-01]
88100 [4.9962e-01]
88200 [4.9961e-01]
88300 [4.9956e-01]
88400 [4.9963e-01]
88500 [4.9960e-01]
88600 [4.9958e-01]
88700 [4.9954e-01]
88800 [4.9960e-01]
88900 [4.9953e-01]
89000 [4.9956e-01]
89100 [4.9954e-01]
89200 [4.9950e-01]
89300 [4.9956e-01]
89400 [4.9953e-01]
89500 [4.9951e-01]
89600 [4.9948e-01]
89700 [4.9955e-01]
89800 [4.9949e-01]
89900 [4.9951e-01]
90000 [4.9950e-01]
90100 [4.9947e-01]
90200 [4.9946e-01]
90300 [4.9951e-01]
90400 [4.9944e-01]
90500 [4.9945e-01]
90600 [4.9942e-01]
90700 [4.9944e-01]
90800 [4.9942e-01]
90900 [4.9938e-01]
91000 [4.9944e-01]
91100 [4.9935e-01]
91200 [4.9940e-01]
91300 [4.9940e-01]
91400 [4.9939e-01]
91500 [4.9933e-01]
91600 [4.9939e-01]
91700 [4.9934e-01]
91800 [4.9931e-01]
91900 [4.9938e-01]
92000 [4.9929e-01]
92100 [4.9936e-01]
92200 [4.9930e-01]
92300 [4.9934e-01]
92400 [4.9925e-01]
92500 [4.9931e-01]
92600 [4.9934e-01]
92700 [4.9930e-01]
92800 [4.9924e-01]
92900 [4.9930e-01]
93000 [4.9924e-01]
93100 [4.9932e-01]
93200 [4.9925e-01]
93300 [4.9925e-01]
93400 [4.9924e-01]
93500 [4.9927e-01]
93600 [4.9927e-01]
93700 [4.9921e-01]
93800 [4.9925e-01]
93900 [4.9920e-01]
94000 [4.9923e-01]
94100 [4.9919e-01]
94200 [4.9916e-01]
94300 [4.9921e-01]
94400 [4.9915e-01]
94500 [4.9922e-01]
94600 [4.9910e-01]
94700 [4.9917e-01]
94800 [4.9904e-01]
94900 [4.9910e-01]
95000 [4.9916e-01]
95100 [4.9907e-01]
95200 [4.9913e-01]
95300 [4.9912e-01]
95400 [4.9908e-01]
95500 [4.9914e-01]
95600 [4.9907e-01]
95700 [4.9914e-01]
95800 [4.9904e-01]
95900 [4.9909e-01]
96000 [4.9901e-01]
96100 [4.9907e-01]
96200 [4.9903e-01]
96300 [4.9905e-01]
96400 [4.9906e-01]
96500 [4.9902e-01]
96600 [4.9908e-01]
96700 [4.9901e-01]
96800 [4.9906e-01]
96900 [4.9904e-01]
97000 [4.9904e-01]
97100 [4.9904e-01]
97200 [4.9904e-01]
97300 [4.9902e-01]
97400 [4.9901e-01]
97500 [4.9903e-01]
97600 [4.9899e-01]
97700 [4.9896e-01]
97800 [4.9901e-01]
97900 [4.9896e-01]
98000 [4.9895e-01]
98100 [4.9895e-01]
98200 [4.9897e-01]
98300 [4.9893e-01]
98400 [4.9896e-01]
98500 [4.9893e-01]
98600 [4.9892e-01]
98700 [4.9885e-01]
98800 [4.9891e-01]
98900 [4.9890e-01]
99000 [4.9891e-01]
99100 [4.9884e-01]
99200 [4.9891e-01]
99300 [4.9885e-01]
99400 [4.9884e-01]
99500 [4.9887e-01]
99600 [4.9880e-01]
99700 [4.9885e-01]
99800 [4.9888e-01]
99900 [4.9885e-01]
100000 [4.9880e-01]
