0 [0.0000e+00]
100 [6.7648e-03]
200 [1.0816e-01]
300 [2.6284e-01]
400 [3.8129e-01]
500 [4.4370e-01]
600 [4.8104e-01]
700 [5.0544e-01]
800 [5.2197e-01]
900 [5.3283e-01]
1000 [5.3969e-01]
1100 [5.4391e-01]
1200 [5.4570e-01]
1300 [5.4583e-01]
1400 [5.4519e-01]
1500 [5.4367e-01]
1600 [5.4113e-01]
1700 [5.3856e-01]
1800 [5.3496e-01]
1900 [5.3098e-01]
2000 [5.2526e-01]
2100 [5.0153e-01]
2200 [4.5710e-01]
2300 [4.2297e-01]
2400 [4.0052e-01]
2500 [3.8745e-01]
2600 [3.7858e-01]
2700 [3.7245e-01]
2800 [3.6874e-01]
2900 [3.6595e-01]
3000 [3.6398e-01]
3100 [3.6249e-01]
3200 [3.6118e-01]
3300 [3.6016e-01]
3400 [3.5897e-01]
3500 [3.5788e-01]
3600 [3.5632e-01]
3700 [3.5473e-01]
3800 [3.5301e-01]
3900 [3.5144e-01]
4000 [3.4992e-01]
4100 [3.4819e-01]
4200 [3.4698e-01]
4300 [3.4535e-01]
4400 [3.4399e-01]
4500 [3.4246e-01]
4600 [3.4146e-01]
4700 [3.4019e-01]
4800 [3.3966e-01]
4900 [3.3903e-01]
5000 [3.3836e-01]
5100 [3.3798e-01]
5200 [3.3739e-01]
5300 [3.3722e-01]
5400 [3.3682e-01]
5500 [3.3661e-01]
5600 [3.3650e-01]
5700 [3.3634e-01]
5800 [3.3602e-01]
5900 [3.3608e-01]
6000 [3.3572e-01]
6100 [3.3592e-01]
6200 [3.3584e-01]
6300 [3.3594e-01]
6400 [3.3564e-01]
6500 [3.3582e-01]
6600 [3.3541e-01]
6700 [3.3571e-01]
6800 [3.3584e-01]
6900 [3.3579e-01]
7000 [3.3565e-01]
7100 [3.3553e-01]
7200 [3.3569e-01]
7300 [3.3585e-01]
7400 [3.3561e-01]
7500 [3.3580e-01]
7600 [3.3552e-01]
7700 [3.3576e-01]
7800 [3.3589e-01]
7900 [3.3572e-01]
8000 [3.3562e-01]
8100 [3.3571e-01]
8200 [3.3586e-01]
8300 [3.3563e-01]
8400 [3.3578e-01]
8500 [3.3574e-01]
8600 [3.3551e-01]
8700 [3.3571e-01]
8800 [3.3537e-01]
8900 [3.3563e-01]
9000 [3.3581e-01]
9100 [3.3548e-01]
9200 [3.3568e-01]
9300 [3.3580e-01]
9400 [3.3563e-01]
9500 [3.3572e-01]
9600 [3.3570e-01]
9700 [3.3561e-01]
9800 [3.3548e-01]
9900 [3.3570e-01]
10000 [3.3549e-01]
10100 [3.3572e-01]
10200 [3.3570e-01]
10300 [3.3569e-01]
10400 [3.3572e-01]
10500 [3.3571e-01]
10600 [3.3557e-01]
10700 [3.3578e-01]
10800 [3.3552e-01]
10900 [3.3571e-01]
11000 [3.3582e-01]
11100 [3.3564e-01]
11200 [3.3577e-01]
11300 [3.3556e-01]
11400 [3.3579e-01]
11500 [3.3562e-01]
11600 [3.3571e-01]
11700 [3.3584e-01]
11800 [3.3568e-01]
11900 [3.3585e-01]
12000 [3.3564e-01]
12100 [3.3581e-01]
12200 [3.3581e-01]
12300 [3.3573e-01]
12400 [3.3586e-01]
12500 [3.3576e-01]
12600 [3.3582e-01]
12700 [3.3570e-01]
12800 [3.3591e-01]
12900 [3.3582e-01]
13000 [3.3587e-01]
13100 [3.3576e-01]
13200 [3.3593e-01]
13300 [3.3590e-01]
13400 [3.3588e-01]
13500 [3.3589e-01]
13600 [3.3587e-01]
13700 [3.3574e-01]
13800 [3.3594e-01]
13900 [3.3606e-01]
14000 [3.3595e-01]
14100 [3.3584e-01]
14200 [3.3610e-01]
14300 [3.3595e-01]
14400 [3.3595e-01]
14500 [3.3598e-01]
14600 [3.3601e-01]
14700 [3.3589e-01]
14800 [3.3616e-01]
14900 [3.3603e-01]
15000 [3.3593e-01]
15100 [3.3601e-01]
15200 [3.3600e-01]
15300 [3.3602e-01]
15400 [3.3606e-01]
15500 [3.3598e-01]
15600 [3.3612e-01]
15700 [3.3608e-01]
15800 [3.3599e-01]
15900 [3.3605e-01]
16000 [3.3610e-01]
16100 [3.3606e-01]
16200 [3.3615e-01]
16300 [3.3622e-01]
16400 [3.3612e-01]
16500 [3.3629e-01]
16600 [3.3615e-01]
16700 [3.3607e-01]
16800 [3.3610e-01]
16900 [3.3604e-01]
17000 [3.3625e-01]
17100 [3.3618e-01]
17200 [3.3627e-01]
17300 [3.3621e-01]
17400 [3.3619e-01]
17500 [3.3618e-01]
17600 [3.3626e-01]
17700 [3.3631e-01]
17800 [3.3620e-01]
17900 [3.3614e-01]
18000 [3.3611e-01]
18100 [3.3632e-01]
18200 [3.3631e-01]
18300 [3.3632e-01]
18400 [3.3622e-01]
18500 [3.3622e-01]
18600 [3.3629e-01]
18700 [3.3644e-01]
18800 [3.3630e-01]
18900 [3.3618e-01]
19000 [3.3628e-01]
19100 [3.3643e-01]
19200 [3.3637e-01]
19300 [3.3619e-01]
19400 [3.3635e-01]
19500 [3.3641e-01]
19600 [3.3631e-01]
19700 [3.3637e-01]
19800 [3.3638e-01]
19900 [3.3644e-01]
20000 [3.3632e-01]
20100 [3.3631e-01]
20200 [3.3636e-01]
20300 [3.3635e-01]
20400 [3.3634e-01]
20500 [3.3633e-01]
20600 [3.3648e-01]
20700 [3.3621e-01]
20800 [3.3631e-01]
20900 [3.3640e-01]
21000 [3.3626e-01]
21100 [3.3653e-01]
21200 [3.3644e-01]
21300 [3.3642e-01]
21400 [3.3640e-01]
21500 [3.3636e-01]
21600 [3.3635e-01]
21700 [3.3642e-01]
21800 [3.3641e-01]
21900 [3.3650e-01]
22000 [3.3643e-01]
22100 [3.3643e-01]
22200 [3.3651e-01]
22300 [3.3651e-01]
22400 [3.3645e-01]
22500 [3.3640e-01]
22600 [3.3658e-01]
22700 [3.3640e-01]
22800 [3.3658e-01]
22900 [3.3650e-01]
23000 [3.3655e-01]
23100 [3.3635e-01]
23200 [3.3641e-01]
23300 [3.3657e-01]
23400 [3.3655e-01]
23500 [3.3652e-01]
23600 [3.3655e-01]
23700 [3.3659e-01]
23800 [3.3647e-01]
23900 [3.3663e-01]
24000 [3.3648e-01]
24100 [3.3640e-01]
24200 [3.3654e-01]
24300 [3.3663e-01]
24400 [3.3654e-01]
24500 [3.3655e-01]
24600 [3.3650e-01]
24700 [3.3650e-01]
24800 [3.3652e-01]
24900 [3.3663e-01]
25000 [3.3657e-01]
25100 [3.3656e-01]
25200 [3.3656e-01]
25300 [3.3661e-01]
25400 [3.3646e-01]
25500 [3.3650e-01]
25600 [3.3659e-01]
25700 [3.3669e-01]
25800 [3.3654e-01]
25900 [3.3668e-01]
26000 [3.3655e-01]
26100 [3.3656e-01]
26200 [3.3650e-01]
26300 [3.3670e-01]
26400 [3.3659e-01]
26500 [3.3658e-01]
26600 [3.3657e-01]
26700 [3.3668e-01]
26800 [3.3664e-01]
26900 [3.3662e-01]
27000 [3.3660e-01]
27100 [3.3658e-01]
27200 [3.3669e-01]
27300 [3.3650e-01]
27400 [3.3676e-01]
27500 [3.3659e-01]
27600 [3.3656e-01]
27700 [3.3671e-01]
27800 [3.3675e-01]
27900 [3.3657e-01]
28000 [3.3682e-01]
28100 [3.3673e-01]
28200 [3.3662e-01]
28300 [3.3664e-01]
28400 [3.3669e-01]
28500 [3.3674e-01]
28600 [3.3668e-01]
28700 [3.3662e-01]
28800 [3.3668e-01]
28900 [3.3666e-01]
29000 [3.3676e-01]
29100 [3.3660e-01]
29200 [3.3672e-01]
29300 [3.3666e-01]
29400 [3.3663e-01]
29500 [3.3665e-01]
29600 [3.3678e-01]
29700 [3.3659e-01]
29800 [3.3680e-01]
29900 [3.3667e-01]
30000 [3.3684e-01]
30100 [3.3670e-01]
30200 [3.3671e-01]
30300 [3.3680e-01]
30400 [3.3668e-01]
30500 [3.3677e-01]
30600 [3.3672e-01]
30700 [3.3669e-01]
30800 [3.3680e-01]
30900 [3.3668e-01]
31000 [3.3664e-01]
31100 [3.3686e-01]
31200 [3.3686e-01]
31300 [3.3674e-01]
31400 [3.3675e-01]
31500 [3.3683e-01]
31600 [3.3673e-01]
31700 [3.3688e-01]
31800 [3.3677e-01]
31900 [3.3676e-01]
32000 [3.3680e-01]
32100 [3.3675e-01]
32200 [3.3675e-01]
32300 [3.3681e-01]
32400 [3.3676e-01]
32500 [3.3679e-01]
32600 [3.3670e-01]
32700 [3.3682e-01]
32800 [3.3677e-01]
32900 [3.3692e-01]
33000 [3.3693e-01]
33100 [3.3677e-01]
33200 [3.3692e-01]
33300 [3.3680e-01]
33400 [3.3676e-01]
33500 [3.3684e-01]
33600 [3.3679e-01]
33700 [3.3687e-01]
33800 [3.3680e-01]
33900 [3.3689e-01]
34000 [3.3690e-01]
34100 [3.3683e-01]
34200 [3.3688e-01]
34300 [3.3690e-01]
34400 [3.3686e-01]
34500 [3.3699e-01]
34600 [3.3686e-01]
34700 [3.3688e-01]
34800 [3.3690e-01]
34900 [3.3680e-01]
35000 [3.3692e-01]
35100 [3.3682e-01]
35200 [3.3699e-01]
35300 [3.3688e-01]
35400 [3.3682e-01]
35500 [3.3703e-01]
35600 [3.3685e-01]
35700 [3.3692e-01]
35800 [3.3680e-01]
35900 [3.3678e-01]
36000 [3.3699e-01]
36100 [3.3696e-01]
36200 [3.3684e-01]
36300 [3.3692e-01]
36400 [3.3689e-01]
36500 [3.3689e-01]
36600 [3.3687e-01]
36700 [3.3682e-01]
36800 [3.3697e-01]
36900 [3.3694e-01]
37000 [3.3691e-01]
37100 [3.3686e-01]
37200 [3.3702e-01]
37300 [3.3695e-01]
37400 [3.3693e-01]
37500 [3.3695e-01]
37600 [3.3694e-01]
37700 [3.3696e-01]
37800 [3.3694e-01]
37900 [3.3687e-01]
38000 [3.3697e-01]
38100 [3.3681e-01]
38200 [3.3708e-01]
38300 [3.3695e-01]
38400 [3.3696e-01]
38500 [3.3690e-01]
38600 [3.3698e-01]
38700 [3.3684e-01]
38800 [3.3700e-01]
38900 [3.3696e-01]
39000 [3.3702e-01]
39100 [3.3696e-01]
39200 [3.3697e-01]
39300 [3.3705e-01]
39400 [3.3688e-01]
39500 [3.3708e-01]
39600 [3.3700e-01]
39700 [3.3695e-01]
39800 [3.3702e-01]
39900 [3.3700e-01]
40000 [3.3701e-01]
40100 [3.3698e-01]
40200 [3.3697e-01]
40300 [3.3721e-01]
40400 [3.3705e-01]
40500 [3.3693e-01]
40600 [3.3703e-01]
40700 [3.3710e-01]
40800 [3.3693e-01]
40900 [3.3697e-01]
41000 [3.3708e-01]
41100 [3.3698e-01]
41200 [3.3715e-01]
41300 [3.3702e-01]
41400 [3.3698e-01]
41500 [3.3694e-01]
41600 [3.3712e-01]
41700 [3.3705e-01]
41800 [3.3700e-01]
41900 [3.3703e-01]
42000 [3.3711e-01]
42100 [3.3704e-01]
42200 [3.3697e-01]
42300 [3.3709e-01]
42400 [3.3704e-01]
42500 [3.3701e-01]
42600 [3.3699e-01]
42700 [3.3710e-01]
42800 [3.3707e-01]
42900 [3.3700e-01]
43000 [3.3714e-01]
43100 [3.3706e-01]
43200 [3.3709e-01]
43300 [3.3713e-01]
43400 [3.3708e-01]
43500 [3.3694e-01]
43600 [3.3703e-01]
43700 [3.3719e-01]
43800 [3.3711e-01]
43900 [3.3718e-01]
44000 [3.3701e-01]
44100 [3.3712e-01]
44200 [3.3706e-01]
44300 [3.3717e-01]
44400 [3.3705e-01]
44500 [3.3709e-01]
44600 [3.3713e-01]
44700 [3.3705e-01]
44800 [3.3720e-01]
44900 [3.3713e-01]
45000 [3.3717e-01]
45100 [3.3727e-01]
45200 [3.3711e-01]
45300 [3.3720e-01]
45400 [3.3702e-01]
45500 [3.3708e-01]
45600 [3.3719e-01]
45700 [3.3714e-01]
45800 [3.3718e-01]
45900 [3.3713e-01]
46000 [3.3716e-01]
46100 [3.3703e-01]
46200 [3.3714e-01]
46300 [3.3716e-01]
46400 [3.3718e-01]
46500 [3.3716e-01]
46600 [3.3719e-01]
46700 [3.3713e-01]
46800 [3.3709e-01]
46900 [3.3721e-01]
47000 [3.3711e-01]
47100 [3.3720e-01]
47200 [3.3714e-01]
47300 [3.3716e-01]
47400 [3.3714e-01]
47500 [3.3716e-01]
47600 [3.3717e-01]
47700 [3.3718e-01]
47800 [3.3718e-01]
47900 [3.3723e-01]
48000 [3.3710e-01]
48100 [3.3718e-01]
48200 [3.3727e-01]
48300 [3.3717e-01]
48400 [3.3720e-01]
48500 [3.3716e-01]
48600 [3.3717e-01]
48700 [3.3718e-01]
48800 [3.3713e-01]
48900 [3.3730e-01]
49000 [3.3723e-01]
49100 [3.3720e-01]
49200 [3.3726e-01]
49300 [3.3719e-01]
49400 [3.3728e-01]
49500 [3.3729e-01]
49600 [3.3715e-01]
49700 [3.3731e-01]
49800 [3.3720e-01]
49900 [3.3715e-01]
50000 [3.3724e-01]
50100 [3.3729e-01]
50200 [3.3729e-01]
50300 [3.3722e-01]
50400 [3.3719e-01]
50500 [3.3718e-01]
50600 [3.3728e-01]
50700 [3.3720e-01]
50800 [3.3716e-01]
50900 [3.3719e-01]
51000 [3.3735e-01]
51100 [3.3723e-01]
51200 [3.3724e-01]
51300 [3.3728e-01]
51400 [3.3717e-01]
51500 [3.3716e-01]
51600 [3.3733e-01]
51700 [3.3729e-01]
51800 [3.3725e-01]
51900 [3.3729e-01]
52000 [3.3726e-01]
52100 [3.3722e-01]
52200 [3.3723e-01]
52300 [3.3728e-01]
52400 [3.3717e-01]
52500 [3.3728e-01]
52600 [3.3726e-01]
52700 [3.3722e-01]
52800 [3.3734e-01]
52900 [3.3721e-01]
53000 [3.3727e-01]
53100 [3.3730e-01]
53200 [3.3723e-01]
53300 [3.3725e-01]
53400 [3.3734e-01]
53500 [3.3726e-01]
53600 [3.3730e-01]
53700 [3.3734e-01]
53800 [3.3734e-01]
53900 [3.3732e-01]
54000 [3.3731e-01]
54100 [3.3729e-01]
54200 [3.3738e-01]
54300 [3.3726e-01]
54400 [3.3732e-01]
54500 [3.3735e-01]
54600 [3.3723e-01]
54700 [3.3730e-01]
54800 [3.3727e-01]
54900 [3.3740e-01]
55000 [3.3724e-01]
55100 [3.3731e-01]
55200 [3.3729e-01]
55300 [3.3741e-01]
55400 [3.3734e-01]
55500 [3.3732e-01]
55600 [3.3737e-01]
55700 [3.3725e-01]
55800 [3.3743e-01]
55900 [3.3731e-01]
56000 [3.3731e-01]
56100 [3.3734e-01]
56200 [3.3735e-01]
56300 [3.3726e-01]
56400 [3.3729e-01]
56500 [3.3738e-01]
56600 [3.3731e-01]
56700 [3.3735e-01]
56800 [3.3732e-01]
56900 [3.3738e-01]
57000 [3.3741e-01]
57100 [3.3740e-01]
57200 [3.3732e-01]
57300 [3.3743e-01]
57400 [3.3734e-01]
57500 [3.3737e-01]
57600 [3.3726e-01]
57700 [3.3738e-01]
57800 [3.3735e-01]
57900 [3.3733e-01]
58000 [3.3734e-01]
58100 [3.3745e-01]
58200 [3.3734e-01]
58300 [3.3739e-01]
58400 [3.3732e-01]
58500 [3.3741e-01]
58600 [3.3738e-01]
58700 [3.3742e-01]
58800 [3.3738e-01]
58900 [3.3736e-01]
59000 [3.3742e-01]
59100 [3.3740e-01]
59200 [3.3746e-01]
59300 [3.3724e-01]
59400 [3.3743e-01]
59500 [3.3747e-01]
59600 [3.3731e-01]
59700 [3.3739e-01]
59800 [3.3740e-01]
59900 [3.3740e-01]
60000 [3.3729e-01]
60100 [3.3734e-01]
60200 [3.3747e-01]
60300 [3.3732e-01]
60400 [3.3743e-01]
60500 [3.3745e-01]
60600 [3.3744e-01]
60700 [3.3744e-01]
60800 [3.3742e-01]
60900 [3.3735e-01]
61000 [3.3739e-01]
61100 [3.3746e-01]
61200 [3.3747e-01]
61300 [3.3741e-01]
61400 [3.3747e-01]
61500 [3.3741e-01]
61600 [3.3737e-01]
61700 [3.3736e-01]
61800 [3.3739e-01]
61900 [3.3747e-01]
62000 [3.3749e-01]
62100 [3.3741e-01]
62200 [3.3748e-01]
62300 [3.3742e-01]
62400 [3.3744e-01]
62500 [3.3737e-01]
62600 [3.3747e-01]
62700 [3.3750e-01]
62800 [3.3740e-01]
62900 [3.3761e-01]
63000 [3.3733e-01]
63100 [3.3749e-01]
63200 [3.3743e-01]
63300 [3.3749e-01]
63400 [3.3743e-01]
63500 [3.3749e-01]
63600 [3.3748e-01]
63700 [3.3738e-01]
63800 [3.3739e-01]
63900 [3.3750e-01]
64000 [3.3742e-01]
64100 [3.3740e-01]
64200 [3.3744e-01]
64300 [3.3746e-01]
64400 [3.3743e-01]
64500 [3.3749e-01]
64600 [3.3747e-01]
64700 [3.3754e-01]
64800 [3.3747e-01]
64900 [3.3741e-01]
65000 [3.3748e-01]
65100 [3.3751e-01]
65200 [3.3747e-01]
65300 [3.3745e-01]
65400 [3.3754e-01]
65500 [3.3744e-01]
65600 [3.3744e-01]
65700 [3.3753e-01]
65800 [3.3750e-01]
65900 [3.3758e-01]
66000 [3.3745e-01]
66100 [3.3758e-01]
66200 [3.3752e-01]
66300 [3.3762e-01]
66400 [3.3741e-01]
66500 [3.3748e-01]
66600 [3.3754e-01]
66700 [3.3753e-01]
66800 [3.3742e-01]
66900 [3.3755e-01]
67000 [3.3750e-01]
67100 [3.3750e-01]
67200 [3.3748e-01]
67300 [3.3754e-01]
67400 [3.3754e-01]
67500 [3.3749e-01]
67600 [3.3748e-01]
67700 [3.3756e-01]
67800 [3.3754e-01]
67900 [3.3749e-01]
68000 [3.3760e-01]
68100 [3.3752e-01]
68200 [3.3750e-01]
68300 [3.3760e-01]
68400 [3.3744e-01]
68500 [3.3758e-01]
68600 [3.3750e-01]
68700 [3.3750e-01]
68800 [3.3757e-01]
68900 [3.3753e-01]
69000 [3.3753e-01]
69100 [3.3748e-01]
69200 [3.3759e-01]
69300 [3.3753e-01]
69400 [3.3754e-01]
69500 [3.3755e-01]
69600 [3.3753e-01]
69700 [3.3755e-01]
69800 [3.3752e-01]
69900 [3.3764e-01]
70000 [3.3756e-01]
70100 [3.3752e-01]
70200 [3.3757e-01]
70300 [3.3756e-01]
70400 [3.3760e-01]
70500 [3.3741e-01]
70600 [3.3753e-01]
70700 [3.3761e-01]
70800 [3.3757e-01]
70900 [3.3762e-01]
71000 [3.3762e-01]
71100 [3.3753e-01]
71200 [3.3760e-01]
71300 [3.3757e-01]
71400 [3.3751e-01]
71500 [3.3766e-01]
71600 [3.3761e-01]
71700 [3.3764e-01]
71800 [3.3765e-01]
71900 [3.3759e-01]
72000 [3.3752e-01]
72100 [3.3755e-01]
72200 [3.3759e-01]
72300 [3.3765e-01]
72400 [3.3761e-01]
72500 [3.3758e-01]
72600 [3.3742e-01]
72700 [3.3764e-01]
72800 [3.3762e-01]
72900 [3.3760e-01]
73000 [3.3763e-01]
73100 [3.3759e-01]
73200 [3.3762e-01]
73300 [3.3757e-01]
73400 [3.3766e-01]
73500 [3.3760e-01]
73600 [3.3762e-01]
73700 [3.3768e-01]
73800 [3.3762e-01]
73900 [3.3767e-01]
74000 [3.3749e-01]
74100 [3.3767e-01]
74200 [3.3757e-01]
74300 [3.3763e-01]
74400 [3.3772e-01]
74500 [3.3750e-01]
74600 [3.3763e-01]
74700 [3.3759e-01]
74800 [3.3758e-01]
74900 [3.3764e-01]
75000 [3.3757e-01]
75100 [3.3762e-01]
75200 [3.3764e-01]
75300 [3.3748e-01]
75400 [3.3774e-01]
75500 [3.3763e-01]
75600 [3.3757e-01]
75700 [3.3767e-01]
75800 [3.3762e-01]
75900 [3.3757e-01]
76000 [3.3775e-01]
76100 [3.3769e-01]
76200 [3.3764e-01]
76300 [3.3766e-01]
76400 [3.3771e-01]
76500 [3.3752e-01]
76600 [3.3763e-01]
76700 [3.3769e-01]
76800 [3.3763e-01]
76900 [3.3765e-01]
77000 [3.3761e-01]
77100 [3.3773e-01]
77200 [3.3764e-01]
77300 [3.3759e-01]
77400 [3.3765e-01]
77500 [3.3759e-01]
77600 [3.3761e-01]
77700 [3.3760e-01]
77800 [3.3773e-01]
77900 [3.3768e-01]
78000 [3.3769e-01]
78100 [3.3763e-01]
78200 [3.3770e-01]
78300 [3.3765e-01]
78400 [3.3769e-01]
78500 [3.3773e-01]
78600 [3.3761e-01]
78700 [3.3777e-01]
78800 [3.3765e-01]
78900 [3.3770e-01]
79000 [3.3767e-01]
79100 [3.3772e-01]
79200 [3.3764e-01]
79300 [3.3767e-01]
79400 [3.3768e-01]
79500 [3.3768e-01]
79600 [3.3764e-01]
79700 [3.3767e-01]
79800 [3.3768e-01]
79900 [3.3772e-01]
80000 [3.3768e-01]
80100 [3.3764e-01]
80200 [3.3776e-01]
80300 [3.3761e-01]
80400 [3.3767e-01]
80500 [3.3771e-01]
80600 [3.3775e-01]
80700 [3.3771e-01]
80800 [3.3764e-01]
80900 [3.3765e-01]
81000 [3.3766e-01]
81100 [3.3774e-01]
81200 [3.3768e-01]
81300 [3.3773e-01]
81400 [3.3778e-01]
81500 [3.3760e-01]
81600 [3.3768e-01]
81700 [3.3778e-01]
81800 [3.3765e-01]
81900 [3.3769e-01]
82000 [3.3769e-01]
82100 [3.3771e-01]
82200 [3.3769e-01]
82300 [3.3776e-01]
82400 [3.3765e-01]
82500 [3.3775e-01]
82600 [3.3771e-01]
82700 [3.3780e-01]
82800 [3.3767e-01]
82900 [3.3767e-01]
83000 [3.3771e-01]
83100 [3.3776e-01]
83200 [3.3766e-01]
83300 [3.3783e-01]
83400 [3.3773e-01]
83500 [3.3777e-01]
83600 [3.3765e-01]
83700 [3.3774e-01]
83800 [3.3767e-01]
83900 [3.3768e-01]
84000 [3.3784e-01]
84100 [3.3769e-01]
84200 [3.3780e-01]
84300 [3.3768e-01]
84400 [3.3779e-01]
84500 [3.3770e-01]
84600 [3.3778e-01]
84700 [3.3769e-01]
84800 [3.3774e-01]
84900 [3.3761e-01]
85000 [3.3775e-01]
85100 [3.3778e-01]
85200 [3.3773e-01]
85300 [3.3769e-01]
85400 [3.3775e-01]
85500 [3.3772e-01]
85600 [3.3779e-01]
85700 [3.3767e-01]
85800 [3.3779e-01]
85900 [3.3782e-01]
86000 [3.3767e-01]
86100 [3.3776e-01]
86200 [3.3775e-01]
86300 [3.3768e-01]
86400 [3.3768e-01]
86500 [3.3779e-01]
86600 [3.3784e-01]
86700 [3.3774e-01]
86800 [3.3769e-01]
86900 [3.3776e-01]
87000 [3.3770e-01]
87100 [3.3783e-01]
87200 [3.3774e-01]
87300 [3.3779e-01]
87400 [3.3785e-01]
87500 [3.3777e-01]
87600 [3.3775e-01]
87700 [3.3773e-01]
87800 [3.3784e-01]
87900 [3.3783e-01]
88000 [3.3772e-01]
88100 [3.3769e-01]
88200 [3.3781e-01]
88300 [3.3770e-01]
88400 [3.3776e-01]
88500 [3.3773e-01]
88600 [3.3781e-01]
88700 [3.3787e-01]
88800 [3.3772e-01]
88900 [3.3774e-01]
89000 [3.3772e-01]
89100 [3.3782e-01]
89200 [3.3775e-01]
89300 [3.3781e-01]
89400 [3.3774e-01]
89500 [3.3783e-01]
89600 [3.3782e-01]
89700 [3.3772e-01]
89800 [3.3781e-01]
89900 [3.3782e-01]
90000 [3.3770e-01]
90100 [3.3791e-01]
90200 [3.3785e-01]
90300 [3.3778e-01]
90400 [3.3783e-01]
90500 [3.3772e-01]
90600 [3.3783e-01]
90700 [3.3777e-01]
90800 [3.3778e-01]
90900 [3.3784e-01]
91000 [3.3773e-01]
91100 [3.3776e-01]
91200 [3.3773e-01]
91300 [3.3783e-01]
91400 [3.3781e-01]
91500 [3.3776e-01]
91600 [3.3779e-01]
91700 [3.3778e-01]
91800 [3.3780e-01]
91900 [3.3774e-01]
92000 [3.3790e-01]
92100 [3.3779e-01]
92200 [3.3784e-01]
92300 [3.3774e-01]
92400 [3.3778e-01]
92500 [3.3781e-01]
92600 [3.3773e-01]
92700 [3.3775e-01]
92800 [3.3775e-01]
92900 [3.3781e-01]
93000 [3.3783e-01]
93100 [3.3787e-01]
93200 [3.3786e-01]
93300 [3.3776e-01]
93400 [3.3786e-01]
93500 [3.3782e-01]
93600 [3.3782e-01]
93700 [3.3780e-01]
93800 [3.3782e-01]
93900 [3.3783e-01]
94000 [3.3776e-01]
94100 [3.3781e-01]
94200 [3.3786e-01]
94300 [3.3788e-01]
94400 [3.3785e-01]
94500 [3.3777e-01]
94600 [3.3779e-01]
94700 [3.3783e-01]
94800 [3.3773e-01]
94900 [3.3782e-01]
95000 [3.3788e-01]
95100 [3.3780e-01]
95200 [3.3775e-01]
95300 [3.3788e-01]
95400 [3.3779e-01]
95500 [3.3783e-01]
95600 [3.3782e-01]
95700 [3.3791e-01]
95800 [3.3779e-01]
95900 [3.3780e-01]
96000 [3.3787e-01]
96100 [3.3780e-01]
96200 [3.3783e-01]
96300 [3.3786e-01]
96400 [3.3782e-01]
96500 [3.3785e-01]
96600 [3.3780e-01]
96700 [3.3782e-01]
96800 [3.3787e-01]
96900 [3.3780e-01]
97000 [3.3785e-01]
97100 [3.3786e-01]
97200 [3.3775e-01]
97300 [3.3782e-01]
97400 [3.3793e-01]
97500 [3.3790e-01]
97600 [3.3783e-01]
97700 [3.3783e-01]
97800 [3.3776e-01]
97900 [3.3784e-01]
98000 [3.3783e-01]
98100 [3.3782e-01]
98200 [3.3780e-01]
98300 [3.3787e-01]
98400 [3.3777e-01]
98500 [3.3786e-01]
98600 [3.3793e-01]
98700 [3.3787e-01]
98800 [3.3795e-01]
98900 [3.3779e-01]
99000 [3.3791e-01]
99100 [3.3787e-01]
99200 [3.3797e-01]
99300 [3.3790e-01]
99400 [3.3776e-01]
99500 [3.3784e-01]
99600 [3.3775e-01]
99700 [3.3793e-01]
99800 [3.3789e-01]
99900 [3.3784e-01]
100000 [3.3771e-01]
