0 [0.0000e+00, 0.0000e+00]
100 [3.6188e-03, 3.9804e-03]
200 [1.8648e-05, 5.8461e-03]
300 [-4.9711e-03, 8.6439e-03]
400 [-9.3283e-03, 1.3032e-02]
500 [-1.1705e-02, 1.9609e-02]
600 [-8.7200e-03, 2.8580e-02]
700 [9.2268e-03, 3.8728e-02]
800 [5.3179e-02, 4.7805e-02]
900 [9.1267e-02, 6.0733e-02]
1000 [8.2231e-02, 7.0966e-02]
1100 [7.2719e-02, 6.8001e-02]
1200 [7.8103e-02, 6.6612e-02]
1300 [8.4189e-02, 7.4661e-02]
1400 [8.7534e-02, 8.3970e-02]
1500 [8.9718e-02, 9.0320e-02]
1600 [9.2905e-02, 9.5162e-02]
1700 [9.5395e-02, 9.8020e-02]
1800 [9.6360e-02, 9.9091e-02]
1900 [9.6587e-02, 9.9386e-02]
2000 [9.6630e-02, 9.9458e-02]
2100 [9.6635e-02, 9.9465e-02]
2200 [9.6640e-02, 9.9450e-02]
2300 [9.6655e-02, 9.9426e-02]
2400 [9.6683e-02, 9.9402e-02]
2500 [9.6722e-02, 9.9379e-02]
2600 [9.6768e-02, 9.9359e-02]
2700 [9.6816e-02, 9.9341e-02]
2800 [9.6862e-02, 9.9325e-02]
2900 [9.6900e-02, 9.9310e-02]
3000 [9.6927e-02, 9.9297e-02]
3100 [9.6942e-02, 9.9288e-02]
3200 [9.6945e-02, 9.9286e-02]
3300 [9.6937e-02, 9.9293e-02]
3400 [9.6918e-02, 9.9312e-02]
3500 [9.6893e-02, 9.9341e-02]
3600 [9.6857e-02, 9.9382e-02]
3700 [9.6829e-02, 9.9429e-02]
3800 [9.6798e-02, 9.9482e-02]
3900 [9.6776e-02, 9.9536e-02]
4000 [9.6766e-02, 9.9586e-02]
4100 [9.6769e-02, 9.9634e-02]
4200 [9.6787e-02, 9.9676e-02]
4300 [9.6827e-02, 9.9713e-02]
4400 [9.6880e-02, 9.9747e-02]
4500 [9.6940e-02, 9.9778e-02]
4600 [9.7031e-02, 9.9809e-02]
4700 [9.7117e-02, 9.9839e-02]
4800 [9.7221e-02, 9.9871e-02]
4900 [9.7325e-02, 9.9904e-02]
5000 [9.7436e-02, 9.9938e-02]
5100 [9.7573e-02, 9.9971e-02]
5200 [9.7698e-02, 1.0001e-01]
5300 [9.7826e-02, 1.0004e-01]
5400 [9.7944e-02, 1.0007e-01]
5500 [9.8060e-02, 1.0009e-01]
5600 [9.8161e-02, 1.0011e-01]
5700 [9.8249e-02, 1.0013e-01]
5800 [9.8332e-02, 1.0014e-01]
5900 [9.8399e-02, 1.0014e-01]
6000 [9.8457e-02, 1.0015e-01]
6100 [9.8506e-02, 1.0014e-01]
6200 [9.8550e-02, 1.0013e-01]
6300 [9.8590e-02, 1.0012e-01]
6400 [9.8625e-02, 1.0011e-01]
6500 [9.8662e-02, 1.0008e-01]
6600 [9.8689e-02, 1.0007e-01]
6700 [9.8728e-02, 1.0005e-01]
6800 [9.8764e-02, 1.0003e-01]
6900 [9.8789e-02, 1.0003e-01]
7000 [9.8827e-02, 1.0000e-01]
7100 [9.8855e-02, 1.0001e-01]
7200 [9.8881e-02, 1.0000e-01]
7300 [9.8920e-02, 1.0001e-01]
7400 [9.8944e-02, 1.0003e-01]
7500 [9.8967e-02, 1.0002e-01]
7600 [9.8991e-02, 1.0004e-01]
7700 [9.9012e-02, 1.0004e-01]
7800 [9.9021e-02, 1.0005e-01]
7900 [9.9041e-02, 1.0008e-01]
8000 [9.9045e-02, 1.0008e-01]
8100 [9.9055e-02, 1.0009e-01]
8200 [9.9065e-02, 1.0010e-01]
8300 [9.9070e-02, 1.0011e-01]
8400 [9.9074e-02, 1.0013e-01]
8500 [9.9083e-02, 1.0013e-01]
8600 [9.9072e-02, 1.0013e-01]
8700 [9.9090e-02, 1.0015e-01]
8800 [9.9094e-02, 1.0016e-01]
8900 [9.9098e-02, 1.0017e-01]
9000 [9.9096e-02, 1.0017e-01]
9100 [9.9103e-02, 1.0018e-01]
9200 [9.9107e-02, 1.0018e-01]
9300 [9.9110e-02, 1.0019e-01]
9400 [9.9113e-02, 1.0020e-01]
9500 [9.9116e-02, 1.0020e-01]
9600 [9.9118e-02, 1.0020e-01]
9700 [9.9136e-02, 1.0021e-01]
9800 [9.9128e-02, 1.0021e-01]
9900 [9.9150e-02, 1.0018e-01]
10000 [9.9154e-02, 1.0022e-01]
10100 [9.9142e-02, 1.0021e-01]
10200 [9.9147e-02, 1.0022e-01]
10300 [9.9141e-02, 1.0021e-01]
10400 [9.9157e-02, 1.0021e-01]
10500 [9.9165e-02, 1.0021e-01]
10600 [9.9169e-02, 1.0022e-01]
10700 [9.9174e-02, 1.0022e-01]
10800 [9.9180e-02, 1.0022e-01]
10900 [9.9177e-02, 1.0023e-01]
11000 [9.9201e-02, 1.0022e-01]
11100 [9.9199e-02, 1.0022e-01]
11200 [9.9203e-02, 1.0023e-01]
11300 [9.9203e-02, 1.0022e-01]
11400 [9.9195e-02, 1.0022e-01]
11500 [9.9223e-02, 1.0022e-01]
11600 [9.9227e-02, 1.0022e-01]
11700 [9.9234e-02, 1.0022e-01]
11800 [9.9238e-02, 1.0023e-01]
11900 [9.9243e-02, 1.0022e-01]
12000 [9.9255e-02, 1.0021e-01]
12100 [9.9248e-02, 1.0022e-01]
12200 [9.9226e-02, 1.0022e-01]
12300 [9.9263e-02, 1.0022e-01]
12400 [9.9265e-02, 1.0022e-01]
12500 [9.9273e-02, 1.0022e-01]
12600 [9.9273e-02, 1.0022e-01]
12700 [9.9275e-02, 1.0022e-01]
12800 [9.9273e-02, 1.0022e-01]
12900 [9.9283e-02, 1.0022e-01]
13000 [9.9276e-02, 1.0022e-01]
13100 [9.9282e-02, 1.0022e-01]
13200 [9.9289e-02, 1.0022e-01]
13300 [9.9297e-02, 1.0022e-01]
13400 [9.9294e-02, 1.0022e-01]
13500 [9.9295e-02, 1.0022e-01]
13600 [9.9298e-02, 1.0021e-01]
13700 [9.9303e-02, 1.0022e-01]
13800 [9.9295e-02, 1.0022e-01]
13900 [9.9319e-02, 1.0023e-01]
14000 [9.9302e-02, 1.0022e-01]
14100 [9.9303e-02, 1.0023e-01]
14200 [9.9303e-02, 1.0023e-01]
14300 [9.9314e-02, 1.0021e-01]
14400 [9.9305e-02, 1.0023e-01]
14500 [9.9318e-02, 1.0023e-01]
14600 [9.9308e-02, 1.0023e-01]
14700 [9.9308e-02, 1.0023e-01]
14800 [9.9309e-02, 1.0024e-01]
14900 [9.9310e-02, 1.0024e-01]
15000 [9.9308e-02, 1.0024e-01]
15100 [9.9311e-02, 1.0024e-01]
15200 [9.9313e-02, 1.0024e-01]
15300 [9.9320e-02, 1.0023e-01]
15400 [9.9312e-02, 1.0025e-01]
15500 [9.9311e-02, 1.0025e-01]
15600 [9.9315e-02, 1.0025e-01]
15700 [9.9314e-02, 1.0025e-01]
15800 [9.9315e-02, 1.0026e-01]
15900 [9.9316e-02, 1.0026e-01]
16000 [9.9316e-02, 1.0026e-01]
16100 [9.9317e-02, 1.0026e-01]
16200 [9.9310e-02, 1.0026e-01]
16300 [9.9324e-02, 1.0026e-01]
16400 [9.9319e-02, 1.0027e-01]
16500 [9.9321e-02, 1.0027e-01]
16600 [9.9323e-02, 1.0028e-01]
16700 [9.9334e-02, 1.0026e-01]
16800 [9.9323e-02, 1.0028e-01]
16900 [9.9325e-02, 1.0028e-01]
17000 [9.9326e-02, 1.0029e-01]
17100 [9.9327e-02, 1.0029e-01]
17200 [9.9328e-02, 1.0029e-01]
17300 [9.9332e-02, 1.0029e-01]
17400 [9.9330e-02, 1.0030e-01]
17500 [9.9330e-02, 1.0030e-01]
17600 [9.9332e-02, 1.0031e-01]
17700 [9.9353e-02, 1.0029e-01]
17800 [9.9322e-02, 1.0031e-01]
17900 [9.9337e-02, 1.0031e-01]
18000 [9.9338e-02, 1.0031e-01]
18100 [9.9342e-02, 1.0031e-01]
18200 [9.9342e-02, 1.0032e-01]
18300 [9.9342e-02, 1.0032e-01]
18400 [9.9344e-02, 1.0033e-01]
18500 [9.9347e-02, 1.0033e-01]
18600 [9.9354e-02, 1.0033e-01]
18700 [9.9350e-02, 1.0033e-01]
18800 [9.9352e-02, 1.0034e-01]
18900 [9.9353e-02, 1.0034e-01]
19000 [9.9343e-02, 1.0034e-01]
19100 [9.9359e-02, 1.0034e-01]
19200 [9.9359e-02, 1.0035e-01]
19300 [9.9327e-02, 1.0034e-01]
19400 [9.9364e-02, 1.0035e-01]
19500 [9.9380e-02, 1.0033e-01]
19600 [9.9367e-02, 1.0036e-01]
19700 [9.9368e-02, 1.0036e-01]
19800 [9.9373e-02, 1.0036e-01]
19900 [9.9374e-02, 1.0036e-01]
20000 [9.9374e-02, 1.0036e-01]
20100 [9.9379e-02, 1.0036e-01]
20200 [9.9389e-02, 1.0036e-01]
20300 [9.9382e-02, 1.0037e-01]
20400 [9.9383e-02, 1.0037e-01]
20500 [9.9388e-02, 1.0037e-01]
20600 [9.9387e-02, 1.0038e-01]
20700 [9.9396e-02, 1.0038e-01]
20800 [9.9394e-02, 1.0038e-01]
20900 [9.9382e-02, 1.0041e-01]
21000 [9.9390e-02, 1.0038e-01]
21100 [9.9401e-02, 1.0038e-01]
21200 [9.9412e-02, 1.0037e-01]
21300 [9.9378e-02, 1.0037e-01]
21400 [9.9408e-02, 1.0039e-01]
21500 [9.9411e-02, 1.0039e-01]
21600 [9.9405e-02, 1.0038e-01]
21700 [9.9415e-02, 1.0039e-01]
21800 [9.9389e-02, 1.0038e-01]
21900 [9.9419e-02, 1.0039e-01]
22000 [9.9422e-02, 1.0039e-01]
22100 [9.9409e-02, 1.0039e-01]
22200 [9.9427e-02, 1.0039e-01]
22300 [9.9429e-02, 1.0040e-01]
22400 [9.9431e-02, 1.0040e-01]
22500 [9.9434e-02, 1.0040e-01]
22600 [9.9443e-02, 1.0039e-01]
22700 [9.9438e-02, 1.0040e-01]
22800 [9.9427e-02, 1.0039e-01]
22900 [9.9443e-02, 1.0040e-01]
23000 [9.9448e-02, 1.0040e-01]
23100 [9.9448e-02, 1.0040e-01]
23200 [9.9449e-02, 1.0040e-01]
23300 [9.9453e-02, 1.0040e-01]
23400 [9.9454e-02, 1.0040e-01]
23500 [9.9455e-02, 1.0041e-01]
23600 [9.9459e-02, 1.0040e-01]
23700 [9.9442e-02, 1.0042e-01]
23800 [9.9463e-02, 1.0041e-01]
23900 [9.9466e-02, 1.0041e-01]
24000 [9.9468e-02, 1.0041e-01]
24100 [9.9476e-02, 1.0040e-01]
24200 [9.9472e-02, 1.0041e-01]
24300 [9.9475e-02, 1.0041e-01]
24400 [9.9477e-02, 1.0041e-01]
24500 [9.9485e-02, 1.0040e-01]
24600 [9.9481e-02, 1.0041e-01]
24700 [9.9481e-02, 1.0041e-01]
24800 [9.9484e-02, 1.0042e-01]
24900 [9.9487e-02, 1.0041e-01]
25000 [9.9488e-02, 1.0041e-01]
25100 [9.9492e-02, 1.0041e-01]
25200 [9.9494e-02, 1.0041e-01]
25300 [9.9496e-02, 1.0041e-01]
25400 [9.9497e-02, 1.0041e-01]
25500 [9.9493e-02, 1.0041e-01]
25600 [9.9502e-02, 1.0041e-01]
25700 [9.9504e-02, 1.0041e-01]
25800 [9.9507e-02, 1.0041e-01]
25900 [9.9507e-02, 1.0041e-01]
26000 [9.9521e-02, 1.0042e-01]
26100 [9.9512e-02, 1.0041e-01]
26200 [9.9516e-02, 1.0041e-01]
26300 [9.9515e-02, 1.0041e-01]
26400 [9.9516e-02, 1.0041e-01]
26500 [9.9517e-02, 1.0041e-01]
26600 [9.9521e-02, 1.0041e-01]
26700 [9.9522e-02, 1.0041e-01]
26800 [9.9525e-02, 1.0041e-01]
26900 [9.9523e-02, 1.0041e-01]
27000 [9.9532e-02, 1.0041e-01]
27100 [9.9530e-02, 1.0041e-01]
27200 [9.9532e-02, 1.0041e-01]
27300 [9.9535e-02, 1.0040e-01]
27400 [9.9535e-02, 1.0041e-01]
27500 [9.9544e-02, 1.0039e-01]
27600 [9.9523e-02, 1.0040e-01]
27700 [9.9540e-02, 1.0041e-01]
27800 [9.9540e-02, 1.0041e-01]
27900 [9.9544e-02, 1.0041e-01]
28000 [9.9542e-02, 1.0041e-01]
28100 [9.9547e-02, 1.0041e-01]
28200 [9.9547e-02, 1.0040e-01]
28300 [9.9549e-02, 1.0040e-01]
28400 [9.9552e-02, 1.0040e-01]
28500 [9.9542e-02, 1.0040e-01]
28600 [9.9554e-02, 1.0040e-01]
28700 [9.9557e-02, 1.0040e-01]
28800 [9.9562e-02, 1.0038e-01]
28900 [9.9558e-02, 1.0040e-01]
29000 [9.9561e-02, 1.0040e-01]
29100 [9.9562e-02, 1.0040e-01]
29200 [9.9564e-02, 1.0040e-01]
29300 [9.9565e-02, 1.0040e-01]
29400 [9.9566e-02, 1.0040e-01]
29500 [9.9570e-02, 1.0040e-01]
29600 [9.9569e-02, 1.0040e-01]
29700 [9.9569e-02, 1.0040e-01]
29800 [9.9543e-02, 1.0040e-01]
29900 [9.9573e-02, 1.0040e-01]
30000 [9.9573e-02, 1.0040e-01]
30100 [9.9572e-02, 1.0039e-01]
30200 [9.9579e-02, 1.0040e-01]
30300 [9.9578e-02, 1.0039e-01]
30400 [9.9578e-02, 1.0039e-01]
30500 [9.9580e-02, 1.0039e-01]
30600 [9.9581e-02, 1.0039e-01]
30700 [9.9579e-02, 1.0039e-01]
30800 [9.9585e-02, 1.0039e-01]
30900 [9.9598e-02, 1.0038e-01]
31000 [9.9582e-02, 1.0039e-01]
31100 [9.9587e-02, 1.0039e-01]
31200 [9.9591e-02, 1.0041e-01]
31300 [9.9589e-02, 1.0039e-01]
31400 [9.9588e-02, 1.0039e-01]
31500 [9.9592e-02, 1.0039e-01]
31600 [9.9587e-02, 1.0039e-01]
31700 [9.9594e-02, 1.0039e-01]
31800 [9.9593e-02, 1.0039e-01]
31900 [9.9595e-02, 1.0038e-01]
32000 [9.9595e-02, 1.0038e-01]
32100 [9.9597e-02, 1.0038e-01]
32200 [9.9599e-02, 1.0038e-01]
32300 [9.9599e-02, 1.0038e-01]
32400 [9.9597e-02, 1.0038e-01]
32500 [9.9601e-02, 1.0038e-01]
32600 [9.9602e-02, 1.0038e-01]
32700 [9.9602e-02, 1.0038e-01]
32800 [9.9604e-02, 1.0038e-01]
32900 [9.9606e-02, 1.0038e-01]
33000 [9.9602e-02, 1.0038e-01]
33100 [9.9607e-02, 1.0038e-01]
33200 [9.9618e-02, 1.0037e-01]
33300 [9.9609e-02, 1.0038e-01]
33400 [9.9609e-02, 1.0037e-01]
33500 [9.9608e-02, 1.0037e-01]
33600 [9.9613e-02, 1.0037e-01]
33700 [9.9611e-02, 1.0037e-01]
33800 [9.9611e-02, 1.0037e-01]
33900 [9.9613e-02, 1.0037e-01]
34000 [9.9613e-02, 1.0037e-01]
34100 [9.9610e-02, 1.0037e-01]
34200 [9.9615e-02, 1.0037e-01]
34300 [9.9623e-02, 1.0035e-01]
34400 [9.9616e-02, 1.0037e-01]
34500 [9.9617e-02, 1.0037e-01]
34600 [9.9620e-02, 1.0036e-01]
34700 [9.9620e-02, 1.0037e-01]
34800 [9.9619e-02, 1.0036e-01]
34900 [9.9619e-02, 1.0036e-01]
35000 [9.9620e-02, 1.0036e-01]
35100 [9.9621e-02, 1.0036e-01]
35200 [9.9622e-02, 1.0036e-01]
35300 [9.9624e-02, 1.0036e-01]
35400 [9.9623e-02, 1.0036e-01]
35500 [9.9621e-02, 1.0036e-01]
35600 [9.9626e-02, 1.0036e-01]
35700 [9.9615e-02, 1.0035e-01]
35800 [9.9616e-02, 1.0037e-01]
35900 [9.9626e-02, 1.0035e-01]
36000 [9.9626e-02, 1.0035e-01]
36100 [9.9622e-02, 1.0036e-01]
36200 [9.9628e-02, 1.0035e-01]
36300 [9.9628e-02, 1.0035e-01]
36400 [9.9629e-02, 1.0035e-01]
36500 [9.9629e-02, 1.0035e-01]
36600 [9.9628e-02, 1.0035e-01]
36700 [9.9630e-02, 1.0035e-01]
36800 [9.9638e-02, 1.0034e-01]
36900 [9.9627e-02, 1.0034e-01]
37000 [9.9632e-02, 1.0035e-01]
37100 [9.9632e-02, 1.0034e-01]
37200 [9.9642e-02, 1.0034e-01]
37300 [9.9633e-02, 1.0034e-01]
37400 [9.9634e-02, 1.0034e-01]
37500 [9.9634e-02, 1.0034e-01]
37600 [9.9635e-02, 1.0034e-01]
37700 [9.9631e-02, 1.0034e-01]
37800 [9.9635e-02, 1.0034e-01]
37900 [9.9638e-02, 1.0034e-01]
38000 [9.9634e-02, 1.0034e-01]
38100 [9.9637e-02, 1.0034e-01]
38200 [9.9637e-02, 1.0033e-01]
38300 [9.9640e-02, 1.0033e-01]
38400 [9.9639e-02, 1.0033e-01]
38500 [9.9626e-02, 1.0036e-01]
38600 [9.9638e-02, 1.0033e-01]
38700 [9.9637e-02, 1.0033e-01]
38800 [9.9635e-02, 1.0033e-01]
38900 [9.9639e-02, 1.0033e-01]
39000 [9.9641e-02, 1.0033e-01]
39100 [9.9640e-02, 1.0033e-01]
39200 [9.9640e-02, 1.0033e-01]
39300 [9.9633e-02, 1.0032e-01]
39400 [9.9641e-02, 1.0032e-01]
39500 [9.9627e-02, 1.0034e-01]
39600 [9.9642e-02, 1.0032e-01]
39700 [9.9641e-02, 1.0032e-01]
39800 [9.9645e-02, 1.0032e-01]
39900 [9.9642e-02, 1.0032e-01]
40000 [9.9642e-02, 1.0032e-01]
40100 [9.9643e-02, 1.0032e-01]
40200 [9.9635e-02, 1.0031e-01]
40300 [9.9651e-02, 1.0032e-01]
40400 [9.9644e-02, 1.0032e-01]
40500 [9.9644e-02, 1.0031e-01]
40600 [9.9644e-02, 1.0031e-01]
40700 [9.9643e-02, 1.0031e-01]
40800 [9.9645e-02, 1.0031e-01]
40900 [9.9646e-02, 1.0032e-01]
41000 [9.9643e-02, 1.0031e-01]
41100 [9.9646e-02, 1.0031e-01]
41200 [9.9645e-02, 1.0031e-01]
41300 [9.9646e-02, 1.0031e-01]
41400 [9.9646e-02, 1.0031e-01]
41500 [9.9666e-02, 1.0031e-01]
41600 [9.9647e-02, 1.0031e-01]
41700 [9.9639e-02, 1.0030e-01]
41800 [9.9650e-02, 1.0030e-01]
41900 [9.9648e-02, 1.0030e-01]
42000 [9.9648e-02, 1.0030e-01]
42100 [9.9648e-02, 1.0030e-01]
42200 [9.9647e-02, 1.0030e-01]
42300 [9.9648e-02, 1.0030e-01]
42400 [9.9649e-02, 1.0030e-01]
42500 [9.9649e-02, 1.0030e-01]
42600 [9.9648e-02, 1.0030e-01]
42700 [9.9649e-02, 1.0030e-01]
42800 [9.9649e-02, 1.0030e-01]
42900 [9.9649e-02, 1.0029e-01]
43000 [9.9656e-02, 1.0028e-01]
43100 [9.9649e-02, 1.0029e-01]
43200 [9.9648e-02, 1.0029e-01]
43300 [9.9650e-02, 1.0029e-01]
43400 [9.9648e-02, 1.0029e-01]
43500 [9.9645e-02, 1.0029e-01]
43600 [9.9650e-02, 1.0029e-01]
43700 [9.9651e-02, 1.0029e-01]
43800 [9.9649e-02, 1.0029e-01]
43900 [9.9651e-02, 1.0029e-01]
44000 [9.9651e-02, 1.0029e-01]
44100 [9.9651e-02, 1.0028e-01]
44200 [9.9651e-02, 1.0028e-01]
44300 [9.9648e-02, 1.0028e-01]
44400 [9.9652e-02, 1.0028e-01]
44500 [9.9652e-02, 1.0028e-01]
44600 [9.9653e-02, 1.0028e-01]
44700 [9.9651e-02, 1.0028e-01]
44800 [9.9647e-02, 1.0027e-01]
44900 [9.9649e-02, 1.0028e-01]
45000 [9.9654e-02, 1.0028e-01]
45100 [9.9649e-02, 1.0026e-01]
45200 [9.9652e-02, 1.0027e-01]
45300 [9.9650e-02, 1.0027e-01]
45400 [9.9651e-02, 1.0028e-01]
45500 [9.9663e-02, 1.0028e-01]
45600 [9.9644e-02, 1.0028e-01]
45700 [9.9652e-02, 1.0027e-01]
45800 [9.9658e-02, 1.0027e-01]
45900 [9.9668e-02, 1.0025e-01]
46000 [9.9652e-02, 1.0027e-01]
46100 [9.9640e-02, 1.0026e-01]
46200 [9.9652e-02, 1.0027e-01]
46300 [9.9652e-02, 1.0027e-01]
46400 [9.9652e-02, 1.0026e-01]
46500 [9.9652e-02, 1.0026e-01]
46600 [9.9654e-02, 1.0026e-01]
46700 [9.9652e-02, 1.0026e-01]
46800 [9.9649e-02, 1.0026e-01]
46900 [9.9651e-02, 1.0027e-01]
47000 [9.9652e-02, 1.0026e-01]
47100 [9.9659e-02, 1.0026e-01]
47200 [9.9654e-02, 1.0026e-01]
47300 [9.9652e-02, 1.0026e-01]
47400 [9.9655e-02, 1.0025e-01]
47500 [9.9654e-02, 1.0026e-01]
47600 [9.9650e-02, 1.0025e-01]
47700 [9.9658e-02, 1.0026e-01]
47800 [9.9653e-02, 1.0026e-01]
47900 [9.9637e-02, 1.0024e-01]
48000 [9.9652e-02, 1.0025e-01]
48100 [9.9652e-02, 1.0025e-01]
48200 [9.9653e-02, 1.0025e-01]
48300 [9.9652e-02, 1.0025e-01]
48400 [9.9663e-02, 1.0023e-01]
48500 [9.9652e-02, 1.0025e-01]
48600 [9.9652e-02, 1.0025e-01]
48700 [9.9653e-02, 1.0025e-01]
48800 [9.9652e-02, 1.0025e-01]
48900 [9.9653e-02, 1.0025e-01]
49000 [9.9652e-02, 1.0024e-01]
49100 [9.9652e-02, 1.0024e-01]
49200 [9.9652e-02, 1.0024e-01]
49300 [9.9651e-02, 1.0024e-01]
49400 [9.9652e-02, 1.0024e-01]
49500 [9.9652e-02, 1.0025e-01]
49600 [9.9651e-02, 1.0024e-01]
49700 [9.9649e-02, 1.0024e-01]
49800 [9.9651e-02, 1.0024e-01]
49900 [9.9651e-02, 1.0024e-01]
50000 [9.9651e-02, 1.0024e-01]
50100 [9.9634e-02, 1.0023e-01]
50200 [9.9652e-02, 1.0023e-01]
50300 [9.9653e-02, 1.0024e-01]
50400 [9.9652e-02, 1.0023e-01]
50500 [9.9651e-02, 1.0023e-01]
50600 [9.9649e-02, 1.0023e-01]
50700 [9.9651e-02, 1.0023e-01]
50800 [9.9649e-02, 1.0023e-01]
50900 [9.9651e-02, 1.0023e-01]
51000 [9.9651e-02, 1.0023e-01]
51100 [9.9651e-02, 1.0023e-01]
51200 [9.9652e-02, 1.0023e-01]
51300 [9.9632e-02, 1.0021e-01]
51400 [9.9651e-02, 1.0023e-01]
51500 [9.9651e-02, 1.0023e-01]
51600 [9.9659e-02, 1.0021e-01]
51700 [9.9648e-02, 1.0022e-01]
51800 [9.9650e-02, 1.0022e-01]
51900 [9.9656e-02, 1.0022e-01]
52000 [9.9649e-02, 1.0022e-01]
52100 [9.9627e-02, 1.0021e-01]
52200 [9.9663e-02, 1.0021e-01]
52300 [9.9650e-02, 1.0022e-01]
52400 [9.9651e-02, 1.0022e-01]
52500 [9.9646e-02, 1.0022e-01]
52600 [9.9650e-02, 1.0022e-01]
52700 [9.9651e-02, 1.0022e-01]
52800 [9.9650e-02, 1.0022e-01]
52900 [9.9638e-02, 1.0023e-01]
53000 [9.9650e-02, 1.0022e-01]
53100 [9.9649e-02, 1.0021e-01]
53200 [9.9650e-02, 1.0021e-01]
53300 [9.9650e-02, 1.0021e-01]
53400 [9.9649e-02, 1.0021e-01]
53500 [9.9659e-02, 1.0022e-01]
53600 [9.9649e-02, 1.0021e-01]
53700 [9.9650e-02, 1.0021e-01]
53800 [9.9646e-02, 1.0021e-01]
53900 [9.9653e-02, 1.0020e-01]
54000 [9.9649e-02, 1.0021e-01]
54100 [9.9649e-02, 1.0021e-01]
54200 [9.9665e-02, 1.0019e-01]
54300 [9.9627e-02, 1.0019e-01]
54400 [9.9649e-02, 1.0020e-01]
54500 [9.9649e-02, 1.0020e-01]
54600 [9.9649e-02, 1.0020e-01]
54700 [9.9647e-02, 1.0020e-01]
54800 [9.9649e-02, 1.0020e-01]
54900 [9.9643e-02, 1.0020e-01]
55000 [9.9668e-02, 1.0017e-01]
55100 [9.9648e-02, 1.0020e-01]
55200 [9.9650e-02, 1.0020e-01]
55300 [9.9648e-02, 1.0020e-01]
55400 [9.9648e-02, 1.0020e-01]
55500 [9.9648e-02, 1.0020e-01]
55600 [9.9648e-02, 1.0020e-01]
55700 [9.9647e-02, 1.0020e-01]
55800 [9.9658e-02, 1.0018e-01]
55900 [9.9648e-02, 1.0020e-01]
56000 [9.9648e-02, 1.0019e-01]
56100 [9.9650e-02, 1.0020e-01]
56200 [9.9647e-02, 1.0019e-01]
56300 [9.9647e-02, 1.0019e-01]
56400 [9.9647e-02, 1.0019e-01]
56500 [9.9646e-02, 1.0019e-01]
56600 [9.9647e-02, 1.0019e-01]
56700 [9.9647e-02, 1.0019e-01]
56800 [9.9674e-02, 1.0018e-01]
56900 [9.9644e-02, 1.0019e-01]
57000 [9.9648e-02, 1.0019e-01]
57100 [9.9645e-02, 1.0019e-01]
57200 [9.9646e-02, 1.0019e-01]
57300 [9.9641e-02, 1.0019e-01]
57400 [9.9644e-02, 1.0018e-01]
57500 [9.9647e-02, 1.0018e-01]
57600 [9.9644e-02, 1.0018e-01]
57700 [9.9646e-02, 1.0018e-01]
57800 [9.9670e-02, 1.0017e-01]
57900 [9.9647e-02, 1.0018e-01]
58000 [9.9646e-02, 1.0018e-01]
58100 [9.9645e-02, 1.0018e-01]
58200 [9.9643e-02, 1.0018e-01]
58300 [9.9648e-02, 1.0018e-01]
58400 [9.9643e-02, 1.0017e-01]
58500 [9.9646e-02, 1.0018e-01]
58600 [9.9656e-02, 1.0016e-01]
58700 [9.9648e-02, 1.0018e-01]
58800 [9.9646e-02, 1.0018e-01]
58900 [9.9643e-02, 1.0017e-01]
59000 [9.9646e-02, 1.0017e-01]
59100 [9.9644e-02, 1.0017e-01]
59200 [9.9642e-02, 1.0018e-01]
59300 [9.9645e-02, 1.0017e-01]
59400 [9.9643e-02, 1.0017e-01]
59500 [9.9644e-02, 1.0017e-01]
59600 [9.9645e-02, 1.0017e-01]
59700 [9.9641e-02, 1.0016e-01]
59800 [9.9645e-02, 1.0017e-01]
59900 [9.9644e-02, 1.0017e-01]
60000 [9.9652e-02, 1.0017e-01]
60100 [9.9645e-02, 1.0017e-01]
60200 [9.9643e-02, 1.0017e-01]
60300 [9.9649e-02, 1.0017e-01]
60400 [9.9645e-02, 1.0017e-01]
60500 [9.9641e-02, 1.0017e-01]
60600 [9.9637e-02, 1.0016e-01]
60700 [9.9644e-02, 1.0016e-01]
60800 [9.9647e-02, 1.0016e-01]
60900 [9.9644e-02, 1.0016e-01]
61000 [9.9644e-02, 1.0016e-01]
61100 [9.9644e-02, 1.0016e-01]
61200 [9.9649e-02, 1.0016e-01]
61300 [9.9639e-02, 1.0017e-01]
61400 [9.9644e-02, 1.0016e-01]
61500 [9.9644e-02, 1.0016e-01]
61600 [9.9643e-02, 1.0016e-01]
61700 [9.9643e-02, 1.0016e-01]
61800 [9.9647e-02, 1.0016e-01]
61900 [9.9634e-02, 1.0017e-01]
62000 [9.9643e-02, 1.0016e-01]
62100 [9.9643e-02, 1.0015e-01]
62200 [9.9624e-02, 1.0018e-01]
62300 [9.9637e-02, 1.0015e-01]
62400 [9.9643e-02, 1.0015e-01]
62500 [9.9644e-02, 1.0015e-01]
62600 [9.9642e-02, 1.0015e-01]
62700 [9.9650e-02, 1.0015e-01]
62800 [9.9643e-02, 1.0015e-01]
62900 [9.9643e-02, 1.0015e-01]
63000 [9.9642e-02, 1.0015e-01]
63100 [9.9636e-02, 1.0015e-01]
63200 [9.9643e-02, 1.0015e-01]
63300 [9.9643e-02, 1.0015e-01]
63400 [9.9639e-02, 1.0015e-01]
63500 [9.9643e-02, 1.0015e-01]
63600 [9.9644e-02, 1.0014e-01]
63700 [9.9642e-02, 1.0015e-01]
63800 [9.9643e-02, 1.0014e-01]
63900 [9.9644e-02, 1.0014e-01]
64000 [9.9643e-02, 1.0014e-01]
64100 [9.9642e-02, 1.0014e-01]
64200 [9.9646e-02, 1.0014e-01]
64300 [9.9642e-02, 1.0014e-01]
64400 [9.9654e-02, 1.0015e-01]
64500 [9.9633e-02, 1.0015e-01]
64600 [9.9642e-02, 1.0014e-01]
64700 [9.9636e-02, 1.0014e-01]
64800 [9.9633e-02, 1.0015e-01]
64900 [9.9642e-02, 1.0014e-01]
65000 [9.9639e-02, 1.0014e-01]
65100 [9.9643e-02, 1.0014e-01]
65200 [9.9642e-02, 1.0014e-01]
65300 [9.9642e-02, 1.0014e-01]
65400 [9.9642e-02, 1.0014e-01]
65500 [9.9648e-02, 1.0013e-01]
65600 [9.9645e-02, 1.0014e-01]
65700 [9.9642e-02, 1.0013e-01]
65800 [9.9638e-02, 1.0013e-01]
65900 [9.9639e-02, 1.0014e-01]
66000 [9.9642e-02, 1.0013e-01]
66100 [9.9642e-02, 1.0013e-01]
66200 [9.9630e-02, 1.0014e-01]
66300 [9.9642e-02, 1.0013e-01]
66400 [9.9633e-02, 1.0013e-01]
66500 [9.9642e-02, 1.0013e-01]
66600 [9.9642e-02, 1.0013e-01]
66700 [9.9641e-02, 1.0013e-01]
66800 [9.9641e-02, 1.0013e-01]
66900 [9.9642e-02, 1.0013e-01]
67000 [9.9642e-02, 1.0013e-01]
67100 [9.9642e-02, 1.0013e-01]
67200 [9.9635e-02, 1.0013e-01]
67300 [9.9643e-02, 1.0014e-01]
67400 [9.9642e-02, 1.0012e-01]
67500 [9.9641e-02, 1.0012e-01]
67600 [9.9640e-02, 1.0012e-01]
67700 [9.9643e-02, 1.0012e-01]
67800 [9.9641e-02, 1.0012e-01]
67900 [9.9641e-02, 1.0012e-01]
68000 [9.9642e-02, 1.0012e-01]
68100 [9.9642e-02, 1.0012e-01]
68200 [9.9641e-02, 1.0012e-01]
68300 [9.9642e-02, 1.0012e-01]
68400 [9.9640e-02, 1.0012e-01]
68500 [9.9641e-02, 1.0012e-01]
68600 [9.9635e-02, 1.0013e-01]
68700 [9.9642e-02, 1.0012e-01]
68800 [9.9638e-02, 1.0011e-01]
68900 [9.9628e-02, 1.0013e-01]
69000 [9.9632e-02, 1.0011e-01]
69100 [9.9641e-02, 1.0011e-01]
69200 [9.9642e-02, 1.0011e-01]
69300 [9.9642e-02, 1.0011e-01]
69400 [9.9641e-02, 1.0011e-01]
69500 [9.9647e-02, 1.0012e-01]
69600 [9.9641e-02, 1.0011e-01]
69700 [9.9641e-02, 1.0011e-01]
69800 [9.9642e-02, 1.0011e-01]
69900 [9.9642e-02, 1.0011e-01]
70000 [9.9643e-02, 1.0011e-01]
70100 [9.9641e-02, 1.0011e-01]
70200 [9.9646e-02, 1.0011e-01]
70300 [9.9636e-02, 1.0010e-01]
70400 [9.9628e-02, 1.0010e-01]
70500 [9.9643e-02, 1.0011e-01]
70600 [9.9639e-02, 1.0010e-01]
70700 [9.9644e-02, 1.0010e-01]
70800 [9.9626e-02, 1.0009e-01]
70900 [9.9641e-02, 1.0011e-01]
71000 [9.9641e-02, 1.0010e-01]
71100 [9.9640e-02, 1.0010e-01]
71200 [9.9647e-02, 1.0009e-01]
71300 [9.9638e-02, 1.0010e-01]
71400 [9.9641e-02, 1.0010e-01]
71500 [9.9640e-02, 1.0010e-01]
71600 [9.9641e-02, 1.0010e-01]
71700 [9.9641e-02, 1.0010e-01]
71800 [9.9643e-02, 1.0010e-01]
71900 [9.9638e-02, 1.0010e-01]
72000 [9.9648e-02, 1.0009e-01]
72100 [9.9647e-02, 1.0010e-01]
72200 [9.9641e-02, 1.0010e-01]
72300 [9.9643e-02, 1.0010e-01]
72400 [9.9641e-02, 1.0010e-01]
72500 [9.9642e-02, 1.0010e-01]
72600 [9.9646e-02, 1.0009e-01]
72700 [9.9641e-02, 1.0010e-01]
72800 [9.9641e-02, 1.0009e-01]
72900 [9.9641e-02, 1.0009e-01]
73000 [9.9643e-02, 1.0009e-01]
73100 [9.9642e-02, 1.0009e-01]
73200 [9.9642e-02, 1.0009e-01]
73300 [9.9637e-02, 1.0010e-01]
73400 [9.9636e-02, 1.0010e-01]
73500 [9.9642e-02, 1.0009e-01]
73600 [9.9643e-02, 1.0009e-01]
73700 [9.9641e-02, 1.0009e-01]
73800 [9.9642e-02, 1.0009e-01]
73900 [9.9642e-02, 1.0009e-01]
74000 [9.9642e-02, 1.0008e-01]
74100 [9.9645e-02, 1.0008e-01]
74200 [9.9642e-02, 1.0009e-01]
74300 [9.9641e-02, 1.0009e-01]
74400 [9.9642e-02, 1.0009e-01]
74500 [9.9641e-02, 1.0009e-01]
74600 [9.9635e-02, 1.0008e-01]
74700 [9.9642e-02, 1.0008e-01]
74800 [9.9642e-02, 1.0008e-01]
74900 [9.9650e-02, 1.0009e-01]
75000 [9.9642e-02, 1.0008e-01]
75100 [9.9647e-02, 1.0007e-01]
75200 [9.9630e-02, 1.0007e-01]
75300 [9.9642e-02, 1.0008e-01]
75400 [9.9637e-02, 1.0008e-01]
75500 [9.9641e-02, 1.0008e-01]
75600 [9.9642e-02, 1.0008e-01]
75700 [9.9640e-02, 1.0008e-01]
75800 [9.9660e-02, 1.0006e-01]
75900 [9.9642e-02, 1.0008e-01]
76000 [9.9641e-02, 1.0008e-01]
76100 [9.9632e-02, 1.0009e-01]
76200 [9.9642e-02, 1.0008e-01]
76300 [9.9640e-02, 1.0008e-01]
76400 [9.9642e-02, 1.0008e-01]
76500 [9.9642e-02, 1.0008e-01]
76600 [9.9642e-02, 1.0008e-01]
76700 [9.9642e-02, 1.0008e-01]
76800 [9.9644e-02, 1.0007e-01]
76900 [9.9642e-02, 1.0007e-01]
77000 [9.9642e-02, 1.0007e-01]
77100 [9.9642e-02, 1.0007e-01]
77200 [9.9643e-02, 1.0008e-01]
77300 [9.9642e-02, 1.0007e-01]
77400 [9.9638e-02, 1.0007e-01]
77500 [9.9642e-02, 1.0007e-01]
77600 [9.9642e-02, 1.0007e-01]
77700 [9.9643e-02, 1.0007e-01]
77800 [9.9640e-02, 1.0007e-01]
77900 [9.9643e-02, 1.0007e-01]
78000 [9.9643e-02, 1.0007e-01]
78100 [9.9643e-02, 1.0007e-01]
78200 [9.9644e-02, 1.0007e-01]
78300 [9.9643e-02, 1.0007e-01]
78400 [9.9642e-02, 1.0007e-01]
78500 [9.9640e-02, 1.0007e-01]
78600 [9.9642e-02, 1.0007e-01]
78700 [9.9643e-02, 1.0007e-01]
78800 [9.9643e-02, 1.0007e-01]
78900 [9.9631e-02, 1.0005e-01]
79000 [9.9645e-02, 1.0006e-01]
79100 [9.9643e-02, 1.0006e-01]
79200 [9.9640e-02, 1.0006e-01]
79300 [9.9639e-02, 1.0007e-01]
79400 [9.9643e-02, 1.0006e-01]
79500 [9.9643e-02, 1.0006e-01]
79600 [9.9644e-02, 1.0006e-01]
79700 [9.9636e-02, 1.0006e-01]
79800 [9.9643e-02, 1.0006e-01]
79900 [9.9643e-02, 1.0006e-01]
80000 [9.9658e-02, 1.0006e-01]
80100 [9.9643e-02, 1.0006e-01]
80200 [9.9641e-02, 1.0006e-01]
80300 [9.9627e-02, 1.0005e-01]
80400 [9.9644e-02, 1.0006e-01]
80500 [9.9644e-02, 1.0006e-01]
80600 [9.9644e-02, 1.0006e-01]
80700 [9.9662e-02, 1.0007e-01]
80800 [9.9652e-02, 1.0005e-01]
80900 [9.9644e-02, 1.0006e-01]
81000 [9.9643e-02, 1.0005e-01]
81100 [9.9642e-02, 1.0006e-01]
81200 [9.9644e-02, 1.0005e-01]
81300 [9.9644e-02, 1.0005e-01]
81400 [9.9655e-02, 1.0003e-01]
81500 [9.9644e-02, 1.0005e-01]
81600 [9.9644e-02, 1.0005e-01]
81700 [9.9653e-02, 1.0004e-01]
81800 [9.9644e-02, 1.0005e-01]
81900 [9.9636e-02, 1.0005e-01]
82000 [9.9632e-02, 1.0006e-01]
82100 [9.9644e-02, 1.0005e-01]
82200 [9.9646e-02, 1.0005e-01]
82300 [9.9650e-02, 1.0004e-01]
82400 [9.9644e-02, 1.0005e-01]
82500 [9.9641e-02, 1.0005e-01]
82600 [9.9643e-02, 1.0005e-01]
82700 [9.9644e-02, 1.0005e-01]
82800 [9.9643e-02, 1.0005e-01]
82900 [9.9645e-02, 1.0005e-01]
83000 [9.9644e-02, 1.0005e-01]
83100 [9.9644e-02, 1.0004e-01]
83200 [9.9643e-02, 1.0004e-01]
83300 [9.9646e-02, 1.0004e-01]
83400 [9.9643e-02, 1.0004e-01]
83500 [9.9644e-02, 1.0004e-01]
83600 [9.9652e-02, 1.0005e-01]
83700 [9.9645e-02, 1.0004e-01]
83800 [9.9646e-02, 1.0005e-01]
83900 [9.9651e-02, 1.0004e-01]
84000 [9.9645e-02, 1.0004e-01]
84100 [9.9645e-02, 1.0004e-01]
84200 [9.9645e-02, 1.0004e-01]
84300 [9.9647e-02, 1.0003e-01]
84400 [9.9644e-02, 1.0004e-01]
84500 [9.9646e-02, 1.0004e-01]
84600 [9.9643e-02, 1.0004e-01]
84700 [9.9646e-02, 1.0004e-01]
84800 [9.9644e-02, 1.0004e-01]
84900 [9.9641e-02, 1.0005e-01]
85000 [9.9645e-02, 1.0004e-01]
85100 [9.9646e-02, 1.0004e-01]
85200 [9.9646e-02, 1.0004e-01]
85300 [9.9643e-02, 1.0004e-01]
85400 [9.9646e-02, 1.0004e-01]
85500 [9.9646e-02, 1.0003e-01]
85600 [9.9647e-02, 1.0003e-01]
85700 [9.9646e-02, 1.0003e-01]
85800 [9.9656e-02, 1.0004e-01]
85900 [9.9646e-02, 1.0003e-01]
86000 [9.9646e-02, 1.0003e-01]
86100 [9.9628e-02, 1.0002e-01]
86200 [9.9646e-02, 1.0003e-01]
86300 [9.9644e-02, 1.0003e-01]
86400 [9.9623e-02, 1.0002e-01]
86500 [9.9646e-02, 1.0003e-01]
86600 [9.9647e-02, 1.0003e-01]
86700 [9.9646e-02, 1.0003e-01]
86800 [9.9647e-02, 1.0003e-01]
86900 [9.9647e-02, 1.0003e-01]
87000 [9.9647e-02, 1.0003e-01]
87100 [9.9647e-02, 1.0003e-01]
87200 [9.9646e-02, 1.0003e-01]
87300 [9.9649e-02, 1.0003e-01]
87400 [9.9647e-02, 1.0003e-01]
87500 [9.9649e-02, 1.0003e-01]
87600 [9.9648e-02, 1.0003e-01]
87700 [9.9647e-02, 1.0003e-01]
87800 [9.9648e-02, 1.0003e-01]
87900 [9.9646e-02, 1.0003e-01]
88000 [9.9651e-02, 1.0003e-01]
88100 [9.9643e-02, 1.0004e-01]
88200 [9.9647e-02, 1.0002e-01]
88300 [9.9655e-02, 1.0002e-01]
88400 [9.9649e-02, 1.0002e-01]
88500 [9.9648e-02, 1.0002e-01]
88600 [9.9642e-02, 1.0002e-01]
88700 [9.9647e-02, 1.0002e-01]
88800 [9.9648e-02, 1.0002e-01]
88900 [9.9626e-02, 1.0001e-01]
89000 [9.9648e-02, 1.0002e-01]
89100 [9.9648e-02, 1.0002e-01]
89200 [9.9651e-02, 1.0002e-01]
89300 [9.9631e-02, 1.0005e-01]
89400 [9.9648e-02, 1.0002e-01]
89500 [9.9647e-02, 1.0001e-01]
89600 [9.9648e-02, 1.0002e-01]
89700 [9.9649e-02, 1.0002e-01]
89800 [9.9649e-02, 1.0002e-01]
89900 [9.9649e-02, 1.0002e-01]
90000 [9.9646e-02, 1.0002e-01]
90100 [9.9649e-02, 1.0002e-01]
90200 [9.9649e-02, 1.0002e-01]
90300 [9.9648e-02, 1.0002e-01]
90400 [9.9653e-02, 1.0002e-01]
90500 [9.9649e-02, 1.0001e-01]
90600 [9.9649e-02, 1.0001e-01]
90700 [9.9627e-02, 1.0001e-01]
90800 [9.9662e-02, 9.9986e-02]
90900 [9.9649e-02, 1.0001e-01]
91000 [9.9639e-02, 1.0001e-01]
91100 [9.9651e-02, 1.0001e-01]
91200 [9.9649e-02, 1.0001e-01]
91300 [9.9653e-02, 1.0002e-01]
91400 [9.9645e-02, 1.0001e-01]
91500 [9.9649e-02, 1.0001e-01]
91600 [9.9647e-02, 1.0001e-01]
91700 [9.9650e-02, 1.0001e-01]
91800 [9.9650e-02, 1.0001e-01]
91900 [9.9650e-02, 1.0001e-01]
92000 [9.9650e-02, 1.0001e-01]
92100 [9.9651e-02, 1.0000e-01]
92200 [9.9649e-02, 1.0001e-01]
92300 [9.9650e-02, 1.0001e-01]
92400 [9.9638e-02, 9.9993e-02]
92500 [9.9650e-02, 1.0001e-01]
92600 [9.9651e-02, 1.0001e-01]
92700 [9.9651e-02, 1.0001e-01]
92800 [9.9650e-02, 1.0001e-01]
92900 [9.9646e-02, 1.0001e-01]
93000 [9.9652e-02, 1.0001e-01]
93100 [9.9650e-02, 1.0000e-01]
93200 [9.9656e-02, 9.9998e-02]
93300 [9.9640e-02, 9.9997e-02]
93400 [9.9651e-02, 1.0000e-01]
93500 [9.9648e-02, 1.0001e-01]
93600 [9.9649e-02, 1.0000e-01]
93700 [9.9630e-02, 9.9989e-02]
93800 [9.9644e-02, 1.0001e-01]
93900 [9.9651e-02, 1.0000e-01]
94000 [9.9651e-02, 1.0000e-01]
94100 [9.9654e-02, 1.0000e-01]
94200 [9.9642e-02, 9.9997e-02]
94300 [9.9651e-02, 1.0000e-01]
94400 [9.9651e-02, 1.0000e-01]
94500 [9.9652e-02, 1.0000e-01]
94600 [9.9644e-02, 9.9994e-02]
94700 [9.9649e-02, 1.0000e-01]
94800 [9.9648e-02, 9.9997e-02]
94900 [9.9641e-02, 1.0001e-01]
95000 [9.9651e-02, 9.9998e-02]
95100 [9.9651e-02, 9.9997e-02]
95200 [9.9651e-02, 9.9999e-02]
95300 [9.9651e-02, 9.9998e-02]
95400 [9.9666e-02, 9.9989e-02]
95500 [9.9665e-02, 1.0001e-01]
95600 [9.9652e-02, 9.9996e-02]
95700 [9.9650e-02, 9.9995e-02]
95800 [9.9645e-02, 1.0001e-01]
95900 [9.9652e-02, 9.9995e-02]
96000 [9.9653e-02, 9.9995e-02]
96100 [9.9669e-02, 9.9975e-02]
96200 [9.9653e-02, 9.9995e-02]
96300 [9.9653e-02, 9.9993e-02]
96400 [9.9654e-02, 9.9993e-02]
96500 [9.9650e-02, 9.9997e-02]
96600 [9.9653e-02, 9.9993e-02]
96700 [9.9655e-02, 9.9984e-02]
96800 [9.9654e-02, 9.9993e-02]
96900 [9.9647e-02, 9.9987e-02]
97000 [9.9655e-02, 9.9988e-02]
97100 [9.9661e-02, 9.9992e-02]
97200 [9.9653e-02, 9.9991e-02]
97300 [9.9655e-02, 9.9992e-02]
97400 [9.9653e-02, 9.9990e-02]
97500 [9.9650e-02, 9.9989e-02]
97600 [9.9655e-02, 9.9986e-02]
97700 [9.9633e-02, 9.9977e-02]
97800 [9.9654e-02, 9.9988e-02]
97900 [9.9654e-02, 9.9989e-02]
98000 [9.9656e-02, 9.9990e-02]
98100 [9.9666e-02, 9.9972e-02]
98200 [9.9654e-02, 9.9988e-02]
98300 [9.9653e-02, 9.9986e-02]
98400 [9.9659e-02, 9.9981e-02]
98500 [9.9656e-02, 9.9988e-02]
98600 [9.9654e-02, 9.9986e-02]
98700 [9.9663e-02, 9.9977e-02]
98800 [9.9643e-02, 9.9973e-02]
98900 [9.9655e-02, 9.9985e-02]
99000 [9.9652e-02, 9.9986e-02]
99100 [9.9664e-02, 9.9977e-02]
99200 [9.9655e-02, 9.9984e-02]
99300 [9.9654e-02, 9.9983e-02]
99400 [9.9655e-02, 9.9984e-02]
99500 [9.9654e-02, 9.9982e-02]
99600 [9.9655e-02, 9.9983e-02]
99700 [9.9655e-02, 9.9983e-02]
99800 [9.9667e-02, 9.9989e-02]
99900 [9.9655e-02, 9.9981e-02]
100000 [9.9656e-02, 9.9980e-02]
