0 [6.0000e-01]
100 [6.1175e-01]
200 [6.0844e-01]
300 [5.9508e-01]
400 [5.7349e-01]
500 [5.4668e-01]
600 [5.1898e-01]
700 [4.9362e-01]
800 [4.7225e-01]
900 [4.5699e-01]
1000 [4.4762e-01]
1100 [4.4278e-01]
1200 [4.4059e-01]
1300 [4.3984e-01]
1400 [4.3999e-01]
1500 [4.4082e-01]
1600 [4.4228e-01]
1700 [4.4427e-01]
1800 [4.4683e-01]
1900 [4.4987e-01]
2000 [4.5335e-01]
2100 [4.5717e-01]
2200 [4.6117e-01]
2300 [4.6531e-01]
2400 [4.6937e-01]
2500 [4.7348e-01]
2600 [4.7732e-01]
2700 [4.8121e-01]
2800 [4.8480e-01]
2900 [4.8842e-01]
3000 [4.9180e-01]
3100 [4.9516e-01]
3200 [4.9845e-01]
3300 [5.0157e-01]
3400 [5.0475e-01]
3500 [5.0758e-01]
3600 [5.1054e-01]
3700 [5.1336e-01]
3800 [5.1607e-01]
3900 [5.1885e-01]
4000 [5.2134e-01]
4100 [5.2393e-01]
4200 [5.2626e-01]
4300 [5.2858e-01]
4400 [5.3091e-01]
4500 [5.3295e-01]
4600 [5.3504e-01]
4700 [5.3703e-01]
4800 [5.3882e-01]
4900 [5.4067e-01]
5000 [5.4233e-01]
5100 [5.4400e-01]
5200 [5.4541e-01]
5300 [5.4692e-01]
5400 [5.4813e-01]
5500 [5.4945e-01]
5600 [5.5077e-01]
5700 [5.5177e-01]
5800 [5.5292e-01]
5900 [5.5385e-01]
6000 [5.5487e-01]
6100 [5.5570e-01]
6200 [5.5659e-01]
6300 [5.5748e-01]
6400 [5.5812e-01]
6500 [5.5890e-01]
6600 [5.5956e-01]
6700 [5.6027e-01]
6800 [5.6079e-01]
6900 [5.6143e-01]
7000 [5.6187e-01]
7100 [5.6243e-01]
7200 [5.6285e-01]
7300 [5.6334e-01]
7400 [5.6374e-01]
7500 [5.6408e-01]
7600 [5.6449e-01]
7700 [5.6475e-01]
7800 [5.6512e-01]
7900 [5.6530e-01]
8000 [5.6559e-01]
8100 [5.6588e-01]
8200 [5.6604e-01]
8300 [5.6624e-01]
8400 [5.6638e-01]
8500 [5.6657e-01]
8600 [5.6662e-01]
8700 [5.6678e-01]
8800 [5.6671e-01]
8900 [5.6682e-01]
9000 [5.6692e-01]
9100 [5.6686e-01]
9200 [5.6692e-01]
9300 [5.6696e-01]
9400 [5.6685e-01]
9500 [5.6685e-01]
9600 [5.6673e-01]
9700 [5.6661e-01]
9800 [5.6656e-01]
9900 [5.6650e-01]
10000 [5.6633e-01]
10100 [5.6613e-01]
10200 [5.6601e-01]
10300 [5.6574e-01]
10400 [5.6560e-01]
10500 [5.6533e-01]
10600 [5.6515e-01]
10700 [5.6482e-01]
10800 [5.6461e-01]
10900 [5.6438e-01]
11000 [5.6401e-01]
11100 [5.6376e-01]
11200 [5.6338e-01]
11300 [5.6310e-01]
11400 [5.6269e-01]
11500 [5.6238e-01]
11600 [5.6206e-01]
11700 [5.6159e-01]
11800 [5.6124e-01]
11900 [5.6073e-01]
12000 [5.6036e-01]
12100 [5.5997e-01]
12200 [5.5948e-01]
12300 [5.5907e-01]
12400 [5.5854e-01]
12500 [5.5812e-01]
12600 [5.5754e-01]
12700 [5.5710e-01]
12800 [5.5665e-01]
12900 [5.5606e-01]
13000 [5.5560e-01]
13100 [5.5500e-01]
13200 [5.5453e-01]
13300 [5.5404e-01]
13400 [5.5343e-01]
13500 [5.5287e-01]
13600 [5.5231e-01]
13700 [5.5180e-01]
13800 [5.5117e-01]
13900 [5.5066e-01]
14000 [5.5001e-01]
14100 [5.4949e-01]
14200 [5.4896e-01]
14300 [5.4832e-01]
14400 [5.4780e-01]
14500 [5.4714e-01]
14600 [5.4662e-01]
14700 [5.4608e-01]
14800 [5.4540e-01]
14900 [5.4489e-01]
15000 [5.4434e-01]
15100 [5.4367e-01]
15200 [5.4314e-01]
15300 [5.4257e-01]
15400 [5.4195e-01]
15500 [5.4143e-01]
15600 [5.4080e-01]
15700 [5.4021e-01]
15800 [5.3965e-01]
15900 [5.3904e-01]
16000 [5.3842e-01]
16100 [5.3790e-01]
16200 [5.3727e-01]
16300 [5.3675e-01]
16400 [5.3616e-01]
16500 [5.3561e-01]
16600 [5.3502e-01]
16700 [5.3448e-01]
16800 [5.3393e-01]
16900 [5.3342e-01]
17000 [5.3283e-01]
17100 [5.3228e-01]
17200 [5.3174e-01]
17300 [5.3124e-01]
17400 [5.3074e-01]
17500 [5.3022e-01]
17600 [5.2973e-01]
17700 [5.2922e-01]
17800 [5.2872e-01]
17900 [5.2829e-01]
18000 [5.2779e-01]
18100 [5.2730e-01]
18200 [5.2685e-01]
18300 [5.2642e-01]
18400 [5.2596e-01]
18500 [5.2555e-01]
18600 [5.2511e-01]
18700 [5.2465e-01]
18800 [5.2429e-01]
18900 [5.2385e-01]
19000 [5.2350e-01]
19100 [5.2310e-01]
19200 [5.2271e-01]
19300 [5.2235e-01]
19400 [5.2201e-01]
19500 [5.2163e-01]
19600 [5.2132e-01]
19700 [5.2094e-01]
19800 [5.2064e-01]
19900 [5.2031e-01]
20000 [5.2000e-01]
20100 [5.1974e-01]
20200 [5.1938e-01]
20300 [5.1912e-01]
20400 [5.1881e-01]
20500 [5.1853e-01]
20600 [5.1831e-01]
20700 [5.1798e-01]
20800 [5.1775e-01]
20900 [5.1750e-01]
21000 [5.1724e-01]
21100 [5.1701e-01]
21200 [5.1674e-01]
21300 [5.1654e-01]
21400 [5.1634e-01]
21500 [5.1611e-01]
21600 [5.1595e-01]
21700 [5.1566e-01]
21800 [5.1544e-01]
21900 [5.1525e-01]
22000 [5.1510e-01]
22100 [5.1482e-01]
22200 [5.1469e-01]
22300 [5.1448e-01]
22400 [5.1434e-01]
22500 [5.1421e-01]
22600 [5.1392e-01]
22700 [5.1382e-01]
22800 [5.1368e-01]
22900 [5.1354e-01]
23000 [5.1339e-01]
23100 [5.1322e-01]
23200 [5.1306e-01]
23300 [5.1292e-01]
23400 [5.1278e-01]
23500 [5.1269e-01]
23600 [5.1250e-01]
23700 [5.1236e-01]
23800 [5.1226e-01]
23900 [5.1210e-01]
24000 [5.1202e-01]
24100 [5.1188e-01]
24200 [5.1171e-01]
24300 [5.1165e-01]
24400 [5.1150e-01]
24500 [5.1141e-01]
24600 [5.1132e-01]
24700 [5.1117e-01]
24800 [5.1111e-01]
24900 [5.1097e-01]
25000 [5.1088e-01]
25100 [5.1077e-01]
25200 [5.1071e-01]
25300 [5.1057e-01]
25400 [5.1051e-01]
25500 [5.1041e-01]
25600 [5.1030e-01]
25700 [5.1025e-01]
25800 [5.1013e-01]
25900 [5.1004e-01]
26000 [5.0995e-01]
26100 [5.0991e-01]
26200 [5.0978e-01]
26300 [5.0972e-01]
26400 [5.0963e-01]
26500 [5.0958e-01]
26600 [5.0948e-01]
26700 [5.0941e-01]
26800 [5.0930e-01]
26900 [5.0926e-01]
27000 [5.0922e-01]
27100 [5.0912e-01]
27200 [5.0905e-01]
27300 [5.0898e-01]
27400 [5.0896e-01]
27500 [5.0886e-01]
27600 [5.0880e-01]
27700 [5.0871e-01]
27800 [5.0867e-01]
27900 [5.0858e-01]
28000 [5.0856e-01]
28100 [5.0845e-01]
28200 [5.0844e-01]
28300 [5.0838e-01]
28400 [5.0830e-01]
28500 [5.0827e-01]
28600 [5.0817e-01]
28700 [5.0813e-01]
28800 [5.0808e-01]
28900 [5.0806e-01]
29000 [5.0794e-01]
29100 [5.0792e-01]
29200 [5.0786e-01]
29300 [5.0785e-01]
29400 [5.0777e-01]
29500 [5.0773e-01]
29600 [5.0767e-01]
29700 [5.0765e-01]
29800 [5.0755e-01]
29900 [5.0755e-01]
30000 [5.0751e-01]
30100 [5.0742e-01]
30200 [5.0742e-01]
30300 [5.0735e-01]
30400 [5.0730e-01]
30500 [5.0726e-01]
30600 [5.0727e-01]
30700 [5.0720e-01]
30800 [5.0716e-01]
30900 [5.0712e-01]
31000 [5.0705e-01]
31100 [5.0705e-01]
31200 [5.0696e-01]
31300 [5.0696e-01]
31400 [5.0689e-01]
31500 [5.0690e-01]
31600 [5.0681e-01]
31700 [5.0682e-01]
31800 [5.0680e-01]
31900 [5.0674e-01]
32000 [5.0669e-01]
32100 [5.0667e-01]
32200 [5.0661e-01]
32300 [5.0664e-01]
32400 [5.0656e-01]
32500 [5.0653e-01]
32600 [5.0649e-01]
32700 [5.0646e-01]
32800 [5.0646e-01]
32900 [5.0641e-01]
33000 [5.0637e-01]
33100 [5.0631e-01]
33200 [5.0631e-01]
33300 [5.0624e-01]
33400 [5.0625e-01]
33500 [5.0618e-01]
33600 [5.0617e-01]
33700 [5.0617e-01]
33800 [5.0609e-01]
33900 [5.0611e-01]
34000 [5.0607e-01]
34100 [5.0603e-01]
34200 [5.0603e-01]
34300 [5.0600e-01]
34400 [5.0597e-01]
34500 [5.0592e-01]
34600 [5.0594e-01]
34700 [5.0587e-01]
34800 [5.0584e-01]
34900 [5.0586e-01]
35000 [5.0579e-01]
35100 [5.0578e-01]
35200 [5.0577e-01]
35300 [5.0572e-01]
35400 [5.0574e-01]
35500 [5.0568e-01]
35600 [5.0566e-01]
35700 [5.0563e-01]
35800 [5.0567e-01]
35900 [5.0557e-01]
36000 [5.0555e-01]
36100 [5.0557e-01]
36200 [5.0553e-01]
36300 [5.0551e-01]
36400 [5.0547e-01]
36500 [5.0550e-01]
36600 [5.0548e-01]
36700 [5.0540e-01]
36800 [5.0543e-01]
36900 [5.0535e-01]
37000 [5.0534e-01]
37100 [5.0531e-01]
37200 [5.0532e-01]
37300 [5.0528e-01]
37400 [5.0528e-01]
37500 [5.0526e-01]
37600 [5.0521e-01]
37700 [5.0523e-01]
37800 [5.0517e-01]
37900 [5.0517e-01]
38000 [5.0516e-01]
38100 [5.0511e-01]
38200 [5.0513e-01]
38300 [5.0508e-01]
38400 [5.0506e-01]
38500 [5.0503e-01]
38600 [5.0506e-01]
38700 [5.0499e-01]
38800 [5.0501e-01]
38900 [5.0496e-01]
39000 [5.0495e-01]
39100 [5.0490e-01]
39200 [5.0493e-01]
39300 [5.0486e-01]
39400 [5.0487e-01]
39500 [5.0487e-01]
39600 [5.0481e-01]
39700 [5.0484e-01]
39800 [5.0480e-01]
39900 [5.0477e-01]
40000 [5.0479e-01]
40100 [5.0474e-01]
40200 [5.0472e-01]
40300 [5.0477e-01]
40400 [5.0469e-01]
40500 [5.0466e-01]
40600 [5.0463e-01]
40700 [5.0465e-01]
40800 [5.0460e-01]
40900 [5.0458e-01]
41000 [5.0460e-01]
41100 [5.0460e-01]
41200 [5.0455e-01]
41300 [5.0455e-01]
41400 [5.0452e-01]
41500 [5.0456e-01]
41600 [5.0448e-01]
41700 [5.0450e-01]
41800 [5.0446e-01]
41900 [5.0445e-01]
42000 [5.0444e-01]
42100 [5.0443e-01]
42200 [5.0439e-01]
42300 [5.0438e-01]
42400 [5.0436e-01]
42500 [5.0440e-01]
42600 [5.0434e-01]
42700 [5.0433e-01]
42800 [5.0430e-01]
42900 [5.0434e-01]
43000 [5.0429e-01]
43100 [5.0430e-01]
43200 [5.0428e-01]
43300 [5.0425e-01]
43400 [5.0425e-01]
43500 [5.0422e-01]
43600 [5.0421e-01]
43700 [5.0416e-01]
43800 [5.0420e-01]
43900 [5.0416e-01]
44000 [5.0415e-01]
44100 [5.0413e-01]
44200 [5.0416e-01]
44300 [5.0414e-01]
44400 [5.0408e-01]
44500 [5.0412e-01]
44600 [5.0407e-01]
44700 [5.0406e-01]
44800 [5.0405e-01]
44900 [5.0408e-01]
45000 [5.0404e-01]
45100 [5.0403e-01]
45200 [5.0400e-01]
45300 [5.0402e-01]
45400 [5.0398e-01]
45500 [5.0399e-01]
45600 [5.0399e-01]
45700 [5.0394e-01]
45800 [5.0394e-01]
45900 [5.0391e-01]
46000 [5.0391e-01]
46100 [5.0391e-01]
46200 [5.0391e-01]
46300 [5.0387e-01]
46400 [5.0387e-01]
46500 [5.0385e-01]
46600 [5.0388e-01]
46700 [5.0382e-01]
46800 [5.0381e-01]
46900 [5.0384e-01]
47000 [5.0381e-01]
47100 [5.0381e-01]
47200 [5.0378e-01]
47300 [5.0378e-01]
47400 [5.0374e-01]
47500 [5.0377e-01]
47600 [5.0375e-01]
47700 [5.0371e-01]
47800 [5.0368e-01]
47900 [5.0372e-01]
48000 [5.0365e-01]
48100 [5.0370e-01]
48200 [5.0368e-01]
48300 [5.0364e-01]
48400 [5.0366e-01]
48500 [5.0364e-01]
48600 [5.0368e-01]
48700 [5.0362e-01]
48800 [5.0362e-01]
48900 [5.0359e-01]
49000 [5.0360e-01]
49100 [5.0356e-01]
49200 [5.0359e-01]
49300 [5.0358e-01]
49400 [5.0354e-01]
49500 [5.0358e-01]
49600 [5.0352e-01]
49700 [5.0348e-01]
49800 [5.0352e-01]
49900 [5.0348e-01]
50000 [5.0350e-01]
50100 [5.0346e-01]
50200 [5.0352e-01]
50300 [5.0345e-01]
50400 [5.0349e-01]
50500 [5.0344e-01]
50600 [5.0345e-01]
50700 [5.0344e-01]
50800 [5.0341e-01]
50900 [5.0338e-01]
51000 [5.0342e-01]
51100 [5.0334e-01]
51200 [5.0335e-01]
51300 [5.0338e-01]
51400 [5.0339e-01]
51500 [5.0333e-01]
51600 [5.0336e-01]
51700 [5.0336e-01]
51800 [5.0339e-01]
51900 [5.0333e-01]
52000 [5.0331e-01]
52100 [5.0337e-01]
52200 [5.0329e-01]
52300 [5.0329e-01]
52400 [5.0331e-01]
52500 [5.0328e-01]
52600 [5.0326e-01]
52700 [5.0328e-01]
52800 [5.0326e-01]
52900 [5.0323e-01]
53000 [5.0326e-01]
53100 [5.0321e-01]
53200 [5.0324e-01]
53300 [5.0318e-01]
53400 [5.0319e-01]
53500 [5.0324e-01]
53600 [5.0323e-01]
53700 [5.0319e-01]
53800 [5.0316e-01]
53900 [5.0315e-01]
54000 [5.0316e-01]
54100 [5.0315e-01]
54200 [5.0320e-01]
54300 [5.0310e-01]
54400 [5.0313e-01]
54500 [5.0310e-01]
54600 [5.0313e-01]
54700 [5.0307e-01]
54800 [5.0310e-01]
54900 [5.0309e-01]
55000 [5.0307e-01]
55100 [5.0305e-01]
55200 [5.0309e-01]
55300 [5.0300e-01]
55400 [5.0302e-01]
55500 [5.0306e-01]
55600 [5.0306e-01]
55700 [5.0301e-01]
55800 [5.0298e-01]
55900 [5.0303e-01]
56000 [5.0299e-01]
56100 [5.0299e-01]
56200 [5.0298e-01]
56300 [5.0299e-01]
56400 [5.0295e-01]
56500 [5.0300e-01]
56600 [5.0297e-01]
56700 [5.0295e-01]
56800 [5.0292e-01]
56900 [5.0297e-01]
57000 [5.0290e-01]
57100 [5.0291e-01]
57200 [5.0295e-01]
57300 [5.0292e-01]
57400 [5.0294e-01]
57500 [5.0289e-01]
57600 [5.0289e-01]
57700 [5.0286e-01]
57800 [5.0287e-01]
57900 [5.0290e-01]
58000 [5.0285e-01]
58100 [5.0286e-01]
58200 [5.0285e-01]
58300 [5.0283e-01]
58400 [5.0282e-01]
58500 [5.0288e-01]
58600 [5.0279e-01]
58700 [5.0280e-01]
58800 [5.0281e-01]
58900 [5.0279e-01]
59000 [5.0279e-01]
59100 [5.0279e-01]
59200 [5.0276e-01]
59300 [5.0274e-01]
59400 [5.0279e-01]
59500 [5.0274e-01]
59600 [5.0272e-01]
59700 [5.0277e-01]
59800 [5.0272e-01]
59900 [5.0271e-01]
60000 [5.0276e-01]
60100 [5.0271e-01]
60200 [5.0269e-01]
60300 [5.0267e-01]
60400 [5.0271e-01]
60500 [5.0267e-01]
60600 [5.0266e-01]
60700 [5.0269e-01]
60800 [5.0265e-01]
60900 [5.0268e-01]
61000 [5.0266e-01]
61100 [5.0261e-01]
61200 [5.0266e-01]
61300 [5.0264e-01]
61400 [5.0261e-01]
61500 [5.0266e-01]
61600 [5.0259e-01]
61700 [5.0261e-01]
61800 [5.0260e-01]
61900 [5.0260e-01]
62000 [5.0258e-01]
62100 [5.0263e-01]
62200 [5.0254e-01]
62300 [5.0255e-01]
62400 [5.0258e-01]
62500 [5.0257e-01]
62600 [5.0254e-01]
62700 [5.0256e-01]
62800 [5.0250e-01]
62900 [5.0251e-01]
63000 [5.0251e-01]
63100 [5.0254e-01]
63200 [5.0250e-01]
63300 [5.0252e-01]
63400 [5.0247e-01]
63500 [5.0248e-01]
63600 [5.0248e-01]
63700 [5.0247e-01]
63800 [5.0245e-01]
63900 [5.0251e-01]
64000 [5.0246e-01]
64100 [5.0246e-01]
64200 [5.0239e-01]
64300 [5.0241e-01]
64400 [5.0245e-01]
64500 [5.0245e-01]
64600 [5.0240e-01]
64700 [5.0245e-01]
64800 [5.0241e-01]
64900 [5.0237e-01]
65000 [5.0236e-01]
65100 [5.0238e-01]
65200 [5.0242e-01]
65300 [5.0233e-01]
65400 [5.0233e-01]
65500 [5.0238e-01]
65600 [5.0236e-01]
65700 [5.0233e-01]
65800 [5.0238e-01]
65900 [5.0234e-01]
66000 [5.0232e-01]
66100 [5.0230e-01]
66200 [5.0235e-01]
66300 [5.0227e-01]
66400 [5.0229e-01]
66500 [5.0232e-01]
66600 [5.0229e-01]
66700 [5.0231e-01]
66800 [5.0230e-01]
66900 [5.0228e-01]
67000 [5.0225e-01]
67100 [5.0229e-01]
67200 [5.0223e-01]
67300 [5.0225e-01]
67400 [5.0221e-01]
67500 [5.0225e-01]
67600 [5.0224e-01]
67700 [5.0221e-01]
67800 [5.0226e-01]
67900 [5.0219e-01]
68000 [5.0220e-01]
68100 [5.0218e-01]
68200 [5.0222e-01]
68300 [5.0216e-01]
68400 [5.0213e-01]
68500 [5.0218e-01]
68600 [5.0213e-01]
68700 [5.0216e-01]
68800 [5.0214e-01]
68900 [5.0217e-01]
69000 [5.0214e-01]
69100 [5.0211e-01]
69200 [5.0215e-01]
69300 [5.0211e-01]
69400 [5.0211e-01]
69500 [5.0213e-01]
69600 [5.0211e-01]
69700 [5.0210e-01]
69800 [5.0206e-01]
69900 [5.0209e-01]
70000 [5.0210e-01]
70100 [5.0204e-01]
70200 [5.0208e-01]
70300 [5.0208e-01]
70400 [5.0204e-01]
70500 [5.0206e-01]
70600 [5.0206e-01]
70700 [5.0202e-01]
70800 [5.0202e-01]
70900 [5.0207e-01]
71000 [5.0204e-01]
71100 [5.0202e-01]
71200 [5.0198e-01]
71300 [5.0203e-01]
71400 [5.0198e-01]
71500 [5.0196e-01]
71600 [5.0200e-01]
71700 [5.0197e-01]
71800 [5.0194e-01]
71900 [5.0197e-01]
72000 [5.0198e-01]
72100 [5.0202e-01]
72200 [5.0195e-01]
72300 [5.0195e-01]
72400 [5.0198e-01]
72500 [5.0194e-01]
72600 [5.0193e-01]
72700 [5.0200e-01]
72800 [5.0191e-01]
72900 [5.0194e-01]
73000 [5.0194e-01]
73100 [5.0190e-01]
73200 [5.0189e-01]
73300 [5.0194e-01]
73400 [5.0190e-01]
73500 [5.0189e-01]
73600 [5.0194e-01]
73700 [5.0181e-01]
73800 [5.0184e-01]
73900 [5.0188e-01]
74000 [5.0190e-01]
74100 [5.0184e-01]
74200 [5.0185e-01]
74300 [5.0189e-01]
74400 [5.0183e-01]
74500 [5.0186e-01]
74600 [5.0184e-01]
74700 [5.0181e-01]
74800 [5.0179e-01]
74900 [5.0183e-01]
75000 [5.0180e-01]
75100 [5.0178e-01]
75200 [5.0183e-01]
75300 [5.0177e-01]
75400 [5.0177e-01]
75500 [5.0182e-01]
75600 [5.0176e-01]
75700 [5.0175e-01]
75800 [5.0179e-01]
75900 [5.0172e-01]
76000 [5.0176e-01]
76100 [5.0176e-01]
76200 [5.0172e-01]
76300 [5.0175e-01]
76400 [5.0175e-01]
76500 [5.0172e-01]
76600 [5.0177e-01]
76700 [5.0173e-01]
76800 [5.0168e-01]
76900 [5.0173e-01]
77000 [5.0169e-01]
77100 [5.0170e-01]
77200 [5.0169e-01]
77300 [5.0170e-01]
77400 [5.0168e-01]
77500 [5.0170e-01]
77600 [5.0165e-01]
77700 [5.0165e-01]
77800 [5.0171e-01]
77900 [5.0169e-01]
78000 [5.0167e-01]
78100 [5.0164e-01]
78200 [5.0170e-01]
78300 [5.0161e-01]
78400 [5.0164e-01]
78500 [5.0164e-01]
78600 [5.0162e-01]
78700 [5.0162e-01]
78800 [5.0162e-01]
78900 [5.0164e-01]
79000 [5.0162e-01]
79100 [5.0159e-01]
79200 [5.0164e-01]
79300 [5.0157e-01]
79400 [5.0160e-01]
79500 [5.0158e-01]
79600 [5.0157e-01]
79700 [5.0156e-01]
79800 [5.0160e-01]
79900 [5.0156e-01]
80000 [5.0155e-01]
80100 [5.0157e-01]
80200 [5.0156e-01]
80300 [5.0155e-01]
80400 [5.0148e-01]
80500 [5.0153e-01]
80600 [5.0150e-01]
80700 [5.0156e-01]
80800 [5.0150e-01]
80900 [5.0153e-01]
81000 [5.0152e-01]
81100 [5.0148e-01]
81200 [5.0153e-01]
81300 [5.0150e-01]
81400 [5.0149e-01]
81500 [5.0149e-01]
81600 [5.0152e-01]
81700 [5.0151e-01]
81800 [5.0147e-01]
81900 [5.0149e-01]
82000 [5.0147e-01]
82100 [5.0147e-01]
82200 [5.0143e-01]
82300 [5.0145e-01]
82400 [5.0143e-01]
82500 [5.0150e-01]
82600 [5.0142e-01]
82700 [5.0145e-01]
82800 [5.0145e-01]
82900 [5.0142e-01]
83000 [5.0147e-01]
83100 [5.0139e-01]
83200 [5.0141e-01]
83300 [5.0140e-01]
83400 [5.0141e-01]
83500 [5.0139e-01]
83600 [5.0146e-01]
83700 [5.0137e-01]
83800 [5.0136e-01]
83900 [5.0140e-01]
84000 [5.0134e-01]
84100 [5.0140e-01]
84200 [5.0138e-01]
84300 [5.0133e-01]
84400 [5.0138e-01]
84500 [5.0134e-01]
84600 [5.0131e-01]
84700 [5.0137e-01]
84800 [5.0129e-01]
84900 [5.0131e-01]
85000 [5.0136e-01]
85100 [5.0131e-01]
85200 [5.0131e-01]
85300 [5.0136e-01]
85400 [5.0131e-01]
85500 [5.0129e-01]
85600 [5.0132e-01]
85700 [5.0130e-01]
85800 [5.0135e-01]
85900 [5.0134e-01]
86000 [5.0131e-01]
86100 [5.0128e-01]
86200 [5.0133e-01]
86300 [5.0126e-01]
86400 [5.0128e-01]
86500 [5.0125e-01]
86600 [5.0127e-01]
86700 [5.0124e-01]
86800 [5.0125e-01]
86900 [5.0129e-01]
87000 [5.0121e-01]
87100 [5.0126e-01]
87200 [5.0121e-01]
87300 [5.0127e-01]
87400 [5.0125e-01]
87500 [5.0124e-01]
87600 [5.0120e-01]
87700 [5.0123e-01]
87800 [5.0119e-01]
87900 [5.0123e-01]
88000 [5.0117e-01]
88100 [5.0117e-01]
88200 [5.0123e-01]
88300 [5.0118e-01]
88400 [5.0117e-01]
88500 [5.0115e-01]
88600 [5.0117e-01]
88700 [5.0116e-01]
88800 [5.0113e-01]
88900 [5.0118e-01]
89000 [5.0115e-01]
89100 [5.0113e-01]
89200 [5.0112e-01]
89300 [5.0114e-01]
89400 [5.0113e-01]
89500 [5.0110e-01]
89600 [5.0115e-01]
89700 [5.0110e-01]
89800 [5.0109e-01]
89900 [5.0115e-01]
90000 [5.0107e-01]
90100 [5.0112e-01]
90200 [5.0113e-01]
90300 [5.0106e-01]
90400 [5.0112e-01]
90500 [5.0109e-01]
90600 [5.0105e-01]
90700 [5.0111e-01]
90800 [5.0099e-01]
90900 [5.0103e-01]
91000 [5.0109e-01]
91100 [5.0109e-01]
91200 [5.0101e-01]
91300 [5.0107e-01]
91400 [5.0097e-01]
91500 [5.0101e-01]
91600 [5.0105e-01]
91700 [5.0099e-01]
91800 [5.0100e-01]
91900 [5.0105e-01]
92000 [5.0098e-01]
92100 [5.0100e-01]
92200 [5.0102e-01]
92300 [5.0096e-01]
92400 [5.0102e-01]
92500 [5.0100e-01]
92600 [5.0097e-01]
92700 [5.0102e-01]
92800 [5.0096e-01]
92900 [5.0097e-01]
93000 [5.0105e-01]
93100 [5.0091e-01]
93200 [5.0091e-01]
93300 [5.0096e-01]
93400 [5.0091e-01]
93500 [5.0092e-01]
93600 [5.0091e-01]
93700 [5.0096e-01]
93800 [5.0088e-01]
93900 [5.0094e-01]
94000 [5.0093e-01]
94100 [5.0086e-01]
94200 [5.0091e-01]
94300 [5.0090e-01]
94400 [5.0084e-01]
94500 [5.0089e-01]
94600 [5.0088e-01]
94700 [5.0083e-01]
94800 [5.0088e-01]
94900 [5.0086e-01]
95000 [5.0085e-01]
95100 [5.0089e-01]
95200 [5.0087e-01]
95300 [5.0087e-01]
95400 [5.0079e-01]
95500 [5.0085e-01]
95600 [5.0083e-01]
95700 [5.0078e-01]
95800 [5.0084e-01]
95900 [5.0080e-01]
96000 [5.0080e-01]
96100 [5.0080e-01]
96200 [5.0084e-01]
96300 [5.0079e-01]
96400 [5.0081e-01]
96500 [5.0083e-01]
96600 [5.0078e-01]
96700 [5.0082e-01]
96800 [5.0076e-01]
96900 [5.0082e-01]
97000 [5.0079e-01]
97100 [5.0074e-01]
97200 [5.0070e-01]
97300 [5.0074e-01]
97400 [5.0080e-01]
97500 [5.0075e-01]
97600 [5.0074e-01]
97700 [5.0071e-01]
97800 [5.0078e-01]
97900 [5.0068e-01]
98000 [5.0073e-01]
98100 [5.0070e-01]
98200 [5.0070e-01]
98300 [5.0067e-01]
98400 [5.0073e-01]
98500 [5.0067e-01]
98600 [5.0070e-01]
98700 [5.0066e-01]
98800 [5.0067e-01]
98900 [5.0064e-01]
99000 [5.0064e-01]
99100 [5.0064e-01]
99200 [5.0069e-01]
99300 [5.0062e-01]
99400 [5.0065e-01]
99500 [5.0066e-01]
99600 [5.0061e-01]
99700 [5.0065e-01]
99800 [5.0059e-01]
99900 [5.0064e-01]
100000 [5.0058e-01]
