# step, loss_train, loss_test, metrics_test
0.000000000000000000e+00 2.126220351783558726e-05 1.684616872807964683e-04 4.520727816270664334e-05 2.536396741867065430e+00 1.273865222930908203e+00 3.796331405639648438e+00 2.126220351783558726e-05 1.684616872807964683e-04 4.520727816270664334e-05 2.536396741867065430e+00 1.273865222930908203e+00 3.796331405639648438e+00
1.000000000000000000e+02 1.917130779474973679e-03 3.631017357110977173e-02 2.076657116413116455e-01 5.866012573242187500e-01 1.200793027877807617e+00 2.292842388153076172e+00 1.917130779474973679e-03 3.631017357110977173e-02 2.076657116413116455e-01 5.866012573242187500e-01 1.200793027877807617e+00 2.292842388153076172e+00
2.000000000000000000e+02 6.524306721985340118e-03 5.735446512699127197e-02 3.415179848670959473e-01 4.950241744518280029e-01 1.199549555778503418e+00 1.563107967376708984e+00 6.524306721985340118e-03 5.735446512699127197e-02 3.415179848670959473e-01 4.950241744518280029e-01 1.199549555778503418e+00 1.563107967376708984e+00
3.000000000000000000e+02 3.482268005609512329e-02 3.527218475937843323e-02 1.331709623336791992e-01 5.026525259017944336e-01 1.195954322814941406e+00 1.507545113563537598e+00 3.482268005609512329e-02 3.527218475937843323e-02 1.331709623336791992e-01 5.026525259017944336e-01 1.195954322814941406e+00 1.507545113563537598e+00
4.000000000000000000e+02 5.473351478576660156e-02 4.400932416319847107e-02 1.145856678485870361e-01 4.972421824932098389e-01 1.183830022811889648e+00 1.318979024887084961e+00 5.473351478576660156e-02 4.400932416319847107e-02 1.145856678485870361e-01 4.972421824932098389e-01 1.183830022811889648e+00 1.318979024887084961e+00
5.000000000000000000e+02 4.714636877179145813e-02 2.591464109718799591e-02 7.794319838285446167e-02 5.090416073799133301e-01 1.177424073219299316e+00 1.291861057281494141e+00 4.714636877179145813e-02 2.591464109718799591e-02 7.794319838285446167e-02 5.090416073799133301e-01 1.177424073219299316e+00 1.291861057281494141e+00
6.000000000000000000e+02 5.762452259659767151e-02 2.971773222088813782e-02 8.858963102102279663e-02 5.011520981788635254e-01 1.178485512733459473e+00 1.124308466911315918e+00 5.762452259659767151e-02 2.971773222088813782e-02 8.858963102102279663e-02 5.011520981788635254e-01 1.178485512733459473e+00 1.124308466911315918e+00
7.000000000000000000e+02 5.958564579486846924e-02 2.804749459028244019e-02 8.089324831962585449e-02 5.003985762596130371e-01 1.178761005401611328e+00 1.080870985984802246e+00 5.958564579486846924e-02 2.804749459028244019e-02 8.089324831962585449e-02 5.003985762596130371e-01 1.178761005401611328e+00 1.080870985984802246e+00
8.000000000000000000e+02 5.725212022662162781e-02 2.548979036509990692e-02 7.130417972803115845e-02 5.000484585762023926e-01 1.177128911018371582e+00 1.058139920234680176e+00 5.725212022662162781e-02 2.548979036509990692e-02 7.130417972803115845e-02 5.000484585762023926e-01 1.177128911018371582e+00 1.058139920234680176e+00
9.000000000000000000e+02 5.151597410440444946e-02 2.050380408763885498e-02 6.051775068044662476e-02 5.001819729804992676e-01 1.175155043601989746e+00 1.041388392448425293e+00 5.151597410440444946e-02 2.050380408763885498e-02 6.051775068044662476e-02 5.001819729804992676e-01 1.175155043601989746e+00 1.041388392448425293e+00
1.000000000000000000e+03 4.535143822431564331e-02 1.994495838880538940e-02 4.706709831953048706e-02 5.028663873672485352e-01 1.175879120826721191e+00 1.040690183639526367e+00 4.535143822431564331e-02 1.994495838880538940e-02 4.706709831953048706e-02 5.028663873672485352e-01 1.175879120826721191e+00 1.040690183639526367e+00
1.100000000000000000e+03 4.720790684223175049e-02 1.783022843301296234e-02 4.629836231470108032e-02 4.976537227630615234e-01 1.172358989715576172e+00 1.013177990913391113e+00 4.720790684223175049e-02 1.783022843301296234e-02 4.629836231470108032e-02 4.976537227630615234e-01 1.172358989715576172e+00 1.013177990913391113e+00
1.200000000000000000e+03 5.024385079741477966e-02 1.889172568917274475e-02 4.667403548955917358e-02 4.961366057395935059e-01 1.171669721603393555e+00 9.999603033065795898e-01 5.024385079741477966e-02 1.889172568917274475e-02 4.667403548955917358e-02 4.961366057395935059e-01 1.171669721603393555e+00 9.999603033065795898e-01
1.300000000000000000e+03 3.829149901866912842e-02 1.495494041591882706e-02 3.584350645542144775e-02 5.017916560173034668e-01 1.171376943588256836e+00 1.005376338958740234e+00 3.829149901866912842e-02 1.495494041591882706e-02 3.584350645542144775e-02 5.017916560173034668e-01 1.171376943588256836e+00 1.005376338958740234e+00
1.400000000000000000e+03 4.353099688887596130e-02 1.371996197849512100e-02 3.818864375352859497e-02 4.970906376838684082e-01 1.169057130813598633e+00 9.778066277503967285e-01 4.353099688887596130e-02 1.371996197849512100e-02 3.818864375352859497e-02 4.970906376838684082e-01 1.169057130813598633e+00 9.778066277503967285e-01
1.500000000000000000e+03 3.408968076109886169e-02 1.970311626791954041e-02 3.081037476658821106e-02 4.982326626777648926e-01 1.165956258773803711e+00 9.964439272880554199e-01 3.408968076109886169e-02 1.970311626791954041e-02 3.081037476658821106e-02 4.982326626777648926e-01 1.165956258773803711e+00 9.964439272880554199e-01
1.600000000000000000e+03 4.472309723496437073e-02 1.539826672524213791e-02 3.699326515197753906e-02 4.924683868885040283e-01 1.166664361953735352e+00 9.508347511291503906e-01 4.472309723496437073e-02 1.539826672524213791e-02 3.699326515197753906e-02 4.924683868885040283e-01 1.166664361953735352e+00 9.508347511291503906e-01
1.700000000000000000e+03 4.725252091884613037e-02 1.393413543701171875e-02 4.098669067025184631e-02 4.946757555007934570e-01 1.168391466140747070e+00 9.425933361053466797e-01 4.725252091884613037e-02 1.393413543701171875e-02 4.098669067025184631e-02 4.946757555007934570e-01 1.168391466140747070e+00 9.425933361053466797e-01
1.800000000000000000e+03 3.873198851943016052e-02 1.128964405506849289e-02 3.226371854543685913e-02 4.929051399230957031e-01 1.164293646812438965e+00 9.289122223854064941e-01 3.873198851943016052e-02 1.128964405506849289e-02 3.226371854543685913e-02 4.929051399230957031e-01 1.164293646812438965e+00 9.289122223854064941e-01
1.900000000000000000e+03 3.163004294037818909e-02 1.454237941652536392e-02 3.038379177451133728e-02 4.948996007442474365e-01 1.161238312721252441e+00 9.242559075355529785e-01 3.163004294037818909e-02 1.454237941652536392e-02 3.038379177451133728e-02 4.948996007442474365e-01 1.161238312721252441e+00 9.242559075355529785e-01
2.000000000000000000e+03 3.152931109070777893e-02 2.381123043596744537e-02 4.261449724435806274e-02 4.994643628597259521e-01 1.160286307334899902e+00 9.435527324676513672e-01 3.152931109070777893e-02 2.381123043596744537e-02 4.261449724435806274e-02 4.994643628597259521e-01 1.160286307334899902e+00 9.435527324676513672e-01
2.100000000000000000e+03 2.995542995631694794e-02 1.508130691945552826e-02 2.751390635967254639e-02 4.954629540443420410e-01 1.159886956214904785e+00 9.085056781768798828e-01 2.995542995631694794e-02 1.508130691945552826e-02 2.751390635967254639e-02 4.954629540443420410e-01 1.159886956214904785e+00 9.085056781768798828e-01
2.200000000000000000e+03 2.741584740579128265e-02 1.899614371359348297e-02 3.047577664256095886e-02 4.949066042900085449e-01 1.157710433006286621e+00 9.059388637542724609e-01 2.741584740579128265e-02 1.899614371359348297e-02 3.047577664256095886e-02 4.949066042900085449e-01 1.157710433006286621e+00 9.059388637542724609e-01
2.300000000000000000e+03 3.198094293475151062e-02 1.174722705036401749e-02 2.556080371141433716e-02 4.927282035350799561e-01 1.157535552978515625e+00 8.836749196052551270e-01 3.198094293475151062e-02 1.174722705036401749e-02 2.556080371141433716e-02 4.927282035350799561e-01 1.157535552978515625e+00 8.836749196052551270e-01
2.400000000000000000e+03 3.238535299897193909e-02 1.146700233221054077e-02 2.535358630120754242e-02 4.918706417083740234e-01 1.156477928161621094e+00 8.746460676193237305e-01 3.238535299897193909e-02 1.146700233221054077e-02 2.535358630120754242e-02 4.918706417083740234e-01 1.156477928161621094e+00 8.746460676193237305e-01
2.500000000000000000e+03 3.141937404870986938e-02 1.150917075574398041e-02 2.430610731244087219e-02 4.919252693653106689e-01 1.155431866645812988e+00 8.679444789886474609e-01 3.141937404870986938e-02 1.150917075574398041e-02 2.430610731244087219e-02 4.919252693653106689e-01 1.155431866645812988e+00 8.679444789886474609e-01
2.600000000000000000e+03 3.003609739243984222e-02 1.211411878466606140e-02 2.413809299468994141e-02 4.916997551918029785e-01 1.154761433601379395e+00 8.623825907707214355e-01 3.003609739243984222e-02 1.211411878466606140e-02 2.413809299468994141e-02 4.916997551918029785e-01 1.154761433601379395e+00 8.623825907707214355e-01
2.700000000000000000e+03 3.415023162961006165e-02 1.696459203958511353e-02 3.068654984235763550e-02 4.921053647994995117e-01 1.156896114349365234e+00 8.767514228820800781e-01 3.415023162961006165e-02 1.696459203958511353e-02 3.068654984235763550e-02 4.921053647994995117e-01 1.156896114349365234e+00 8.767514228820800781e-01
2.800000000000000000e+03 2.984939143061637878e-02 1.737045496702194214e-02 3.050716966390609741e-02 4.921747744083404541e-01 1.151568412780761719e+00 8.648254275321960449e-01 2.984939143061637878e-02 1.737045496702194214e-02 3.050716966390609741e-02 4.921747744083404541e-01 1.151568412780761719e+00 8.648254275321960449e-01
2.900000000000000000e+03 2.919266931712627411e-02 1.173105370253324509e-02 2.234751172363758087e-02 4.903745651245117188e-01 1.151570200920104980e+00 8.430607914924621582e-01 2.919266931712627411e-02 1.173105370253324509e-02 2.234751172363758087e-02 4.903745651245117188e-01 1.151570200920104980e+00 8.430607914924621582e-01
3.000000000000000000e+03 2.977961301803588867e-02 1.564006693661212921e-02 3.196785971522331238e-02 4.895385205745697021e-01 1.154274940490722656e+00 8.639873266220092773e-01 2.977961301803588867e-02 1.564006693661212921e-02 3.196785971522331238e-02 4.895385205745697021e-01 1.154274940490722656e+00 8.639873266220092773e-01
3.100000000000000000e+03 2.914351038634777069e-02 1.314235478639602661e-02 2.565662562847137451e-02 4.916108250617980957e-01 1.148449182510375977e+00 8.490877747535705566e-01 2.914351038634777069e-02 1.314235478639602661e-02 2.565662562847137451e-02 4.916108250617980957e-01 1.148449182510375977e+00 8.490877747535705566e-01
3.200000000000000000e+03 2.870319038629531860e-02 1.119410060346126556e-02 2.254166640341281891e-02 4.896418750286102295e-01 1.147652864456176758e+00 8.308165073394775391e-01 2.870319038629531860e-02 1.119410060346126556e-02 2.254166640341281891e-02 4.896418750286102295e-01 1.147652864456176758e+00 8.308165073394775391e-01
3.300000000000000000e+03 2.798280678689479828e-02 1.194708701223134995e-02 2.560287900269031525e-02 4.868953824043273926e-01 1.141019940376281738e+00 8.179706335067749023e-01 2.798280678689479828e-02 1.194708701223134995e-02 2.560287900269031525e-02 4.868953824043273926e-01 1.141019940376281738e+00 8.179706335067749023e-01
3.400000000000000000e+03 2.724375016987323761e-02 1.709868200123310089e-02 4.155515506863594055e-02 4.918926954269409180e-01 1.144101619720458984e+00 8.245927095413208008e-01 2.724375016987323761e-02 1.709868200123310089e-02 4.155515506863594055e-02 4.918926954269409180e-01 1.144101619720458984e+00 8.245927095413208008e-01
3.500000000000000000e+03 2.567374892532825470e-02 1.195627171546220779e-02 2.284847944974899292e-02 4.864479601383209229e-01 1.139987826347351074e+00 8.089841604232788086e-01 2.567374892532825470e-02 1.195627171546220779e-02 2.284847944974899292e-02 4.864479601383209229e-01 1.139987826347351074e+00 8.089841604232788086e-01
3.600000000000000000e+03 2.885315939784049988e-02 3.901350498199462891e-02 7.672835886478424072e-02 4.987030327320098877e-01 1.142306089401245117e+00 9.752819538116455078e-01 2.885315939784049988e-02 3.901350498199462891e-02 7.672835886478424072e-02 4.987030327320098877e-01 1.142306089401245117e+00 9.752819538116455078e-01
3.700000000000000000e+03 2.515281736850738525e-02 1.462370622903108597e-02 2.803792431950569153e-02 4.852155148983001709e-01 1.137977242469787598e+00 8.076701164245605469e-01 2.515281736850738525e-02 1.462370622903108597e-02 2.803792431950569153e-02 4.852155148983001709e-01 1.137977242469787598e+00 8.076701164245605469e-01
3.800000000000000000e+03 2.485907077789306641e-02 1.279102545231580734e-02 2.341570332646369934e-02 4.847975969314575195e-01 1.139997124671936035e+00 7.990217804908752441e-01 2.485907077789306641e-02 1.279102545231580734e-02 2.341570332646369934e-02 4.847975969314575195e-01 1.139997124671936035e+00 7.990217804908752441e-01
3.900000000000000000e+03 2.456111274659633636e-02 1.202991977334022522e-02 2.381978556513786316e-02 4.809496402740478516e-01 1.135087609291076660e+00 7.894523143768310547e-01 2.456111274659633636e-02 1.202991977334022522e-02 2.381978556513786316e-02 4.809496402740478516e-01 1.135087609291076660e+00 7.894523143768310547e-01
4.000000000000000000e+03 2.325384318828582764e-02 1.388708129525184631e-02 2.824702672660350800e-02 4.785952866077423096e-01 1.134566545486450195e+00 8.013700246810913086e-01 2.325384318828582764e-02 1.388708129525184631e-02 2.824702672660350800e-02 4.785952866077423096e-01 1.134566545486450195e+00 8.013700246810913086e-01
4.100000000000000000e+03 2.390614897012710571e-02 1.314334012567996979e-02 3.000738658010959625e-02 4.793080389499664307e-01 1.128373503684997559e+00 7.782655954360961914e-01 2.390614897012710571e-02 1.314334012567996979e-02 3.000738658010959625e-02 4.793080389499664307e-01 1.128373503684997559e+00 7.782655954360961914e-01
4.200000000000000000e+03 2.833400666713714600e-02 4.024687781929969788e-02 1.262331604957580566e-01 4.897625744342803955e-01 1.137499809265136719e+00 9.605171084403991699e-01 2.833400666713714600e-02 4.024687781929969788e-02 1.262331604957580566e-01 4.897625744342803955e-01 1.137499809265136719e+00 9.605171084403991699e-01
4.300000000000000000e+03 2.610822208225727081e-02 2.358671464025974274e-02 4.051237180829048157e-02 5.042591094970703125e-01 1.138860464096069336e+00 8.768375515937805176e-01 2.610822208225727081e-02 2.358671464025974274e-02 4.051237180829048157e-02 5.042591094970703125e-01 1.138860464096069336e+00 8.768375515937805176e-01
4.400000000000000000e+03 2.382954768836498260e-02 2.971338294446468353e-02 4.911964014172554016e-02 4.886229336261749268e-01 1.131317019462585449e+00 9.120365977287292480e-01 2.382954768836498260e-02 2.971338294446468353e-02 4.911964014172554016e-02 4.886229336261749268e-01 1.131317019462585449e+00 9.120365977287292480e-01
4.500000000000000000e+03 2.450646646320819855e-02 1.678479276597499847e-02 3.539245948195457458e-02 4.823598265647888184e-01 1.125955343246459961e+00 8.132179975509643555e-01 2.450646646320819855e-02 1.678479276597499847e-02 3.539245948195457458e-02 4.823598265647888184e-01 1.125955343246459961e+00 8.132179975509643555e-01
4.600000000000000000e+03 2.507197856903076172e-02 2.403012290596961975e-02 4.188938066363334656e-02 4.767897129058837891e-01 1.140309929847717285e+00 8.815135359764099121e-01 2.507197856903076172e-02 2.403012290596961975e-02 4.188938066363334656e-02 4.767897129058837891e-01 1.140309929847717285e+00 8.815135359764099121e-01
4.700000000000000000e+03 2.559705823659896851e-02 1.478581223636865616e-02 4.094708338379859924e-02 4.763729274272918701e-01 1.115046501159667969e+00 7.807818651199340820e-01 2.559705823659896851e-02 1.478581223636865616e-02 4.094708338379859924e-02 4.763729274272918701e-01 1.115046501159667969e+00 7.807818651199340820e-01
4.800000000000000000e+03 2.482988871634006500e-02 1.551462430506944656e-02 3.692476451396942139e-02 4.701254367828369141e-01 1.116475582122802734e+00 7.769300937652587891e-01 2.482988871634006500e-02 1.551462430506944656e-02 3.692476451396942139e-02 4.701254367828369141e-01 1.116475582122802734e+00 7.769300937652587891e-01
4.900000000000000000e+03 2.624845318496227264e-02 1.738421246409416199e-02 3.945319354534149170e-02 4.680657386779785156e-01 1.116062641143798828e+00 7.838565707206726074e-01 2.624845318496227264e-02 1.738421246409416199e-02 3.945319354534149170e-02 4.680657386779785156e-01 1.116062641143798828e+00 7.838565707206726074e-01
5.000000000000000000e+03 2.665945515036582947e-02 1.873316057026386261e-02 4.124578088521957397e-02 4.647535979747772217e-01 1.119348883628845215e+00 8.181810379028320312e-01 2.665945515036582947e-02 1.873316057026386261e-02 4.124578088521957397e-02 4.647535979747772217e-01 1.119348883628845215e+00 8.181810379028320312e-01
5.100000000000000000e+03 2.895519323647022247e-02 2.214866131544113159e-02 4.793544113636016846e-02 4.613885879516601562e-01 1.120984911918640137e+00 8.402885794639587402e-01 2.895519323647022247e-02 2.214866131544113159e-02 4.793544113636016846e-02 4.613885879516601562e-01 1.120984911918640137e+00 8.402885794639587402e-01
5.200000000000000000e+03 2.706499584019184113e-02 1.673020794987678528e-02 4.077361896634101868e-02 4.559873044490814209e-01 1.083384275436401367e+00 7.380525469779968262e-01 2.706499584019184113e-02 1.673020794987678528e-02 4.077361896634101868e-02 4.559873044490814209e-01 1.083384275436401367e+00 7.380525469779968262e-01
5.300000000000000000e+03 2.780158072710037231e-02 2.026832103729248047e-02 4.811351001262664795e-02 4.533745050430297852e-01 1.097111344337463379e+00 7.906708121299743652e-01 2.780158072710037231e-02 2.026832103729248047e-02 4.811351001262664795e-02 4.533745050430297852e-01 1.097111344337463379e+00 7.906708121299743652e-01
5.400000000000000000e+03 2.698444202542304993e-02 1.908373087644577026e-02 4.556425660848617554e-02 4.440806210041046143e-01 1.064085721969604492e+00 7.278308272361755371e-01 2.698444202542304993e-02 1.908373087644577026e-02 4.556425660848617554e-02 4.440806210041046143e-01 1.064085721969604492e+00 7.278308272361755371e-01
5.500000000000000000e+03 2.550526894629001617e-02 1.631680503487586975e-02 4.529599845409393311e-02 4.431003928184509277e-01 1.063977956771850586e+00 7.305203676223754883e-01 2.550526894629001617e-02 1.631680503487586975e-02 4.529599845409393311e-02 4.431003928184509277e-01 1.063977956771850586e+00 7.305203676223754883e-01
5.600000000000000000e+03 3.073182143270969391e-02 1.755036413669586182e-02 5.167888477444648743e-02 4.371337890625000000e-01 1.058969616889953613e+00 7.387544512748718262e-01 3.073182143270969391e-02 1.755036413669586182e-02 5.167888477444648743e-02 4.371337890625000000e-01 1.058969616889953613e+00 7.387544512748718262e-01
5.700000000000000000e+03 3.209222480654716492e-02 2.927082963287830353e-02 7.478885352611541748e-02 4.300551116466522217e-01 1.050591826438903809e+00 7.866639494895935059e-01 3.209222480654716492e-02 2.927082963287830353e-02 7.478885352611541748e-02 4.300551116466522217e-01 1.050591826438903809e+00 7.866639494895935059e-01
5.800000000000000000e+03 3.003389388322830200e-02 2.846674621105194092e-02 7.059057056903839111e-02 4.239594936370849609e-01 1.024667501449584961e+00 7.501740455627441406e-01 3.003389388322830200e-02 2.846674621105194092e-02 7.059057056903839111e-02 4.239594936370849609e-01 1.024667501449584961e+00 7.501740455627441406e-01
5.900000000000000000e+03 3.086032159626483917e-02 2.133769914507865906e-02 5.752413719892501831e-02 4.150615930557250977e-01 1.006744623184204102e+00 7.034907341003417969e-01 3.086032159626483917e-02 2.133769914507865906e-02 5.752413719892501831e-02 4.150615930557250977e-01 1.006744623184204102e+00 7.034907341003417969e-01
6.000000000000000000e+03 3.289163112640380859e-02 2.731851115822792053e-02 6.185491383075714111e-02 4.136766493320465088e-01 1.016657590866088867e+00 7.492728233337402344e-01 3.289163112640380859e-02 2.731851115822792053e-02 6.185491383075714111e-02 4.136766493320465088e-01 1.016657590866088867e+00 7.492728233337402344e-01
6.100000000000000000e+03 3.999983891844749451e-02 3.999015316367149353e-02 7.649010419845581055e-02 4.164972603321075439e-01 1.044989705085754395e+00 8.106749653816223145e-01 3.999983891844749451e-02 3.999015316367149353e-02 7.649010419845581055e-02 4.164972603321075439e-01 1.044989705085754395e+00 8.106749653816223145e-01
6.200000000000000000e+03 4.186310246586799622e-02 4.239148274064064026e-02 7.972203195095062256e-02 4.148959219455718994e-01 1.049634575843811035e+00 8.270086646080017090e-01 4.186310246586799622e-02 4.239148274064064026e-02 7.972203195095062256e-02 4.148959219455718994e-01 1.049634575843811035e+00 8.270086646080017090e-01
6.300000000000000000e+03 4.081011936068534851e-02 4.650304839015007019e-02 8.324322104454040527e-02 4.158627390861511230e-01 1.044543385505676270e+00 8.283538222312927246e-01 4.081011936068534851e-02 4.650304839015007019e-02 8.324322104454040527e-02 4.158627390861511230e-01 1.044543385505676270e+00 8.283538222312927246e-01
6.400000000000000000e+03 2.980871684849262238e-02 3.017171472311019897e-02 7.050962746143341064e-02 3.829130828380584717e-01 9.248363971710205078e-01 6.746501922607421875e-01 2.980871684849262238e-02 3.017171472311019897e-02 7.050962746143341064e-02 3.829130828380584717e-01 9.248363971710205078e-01 6.746501922607421875e-01
6.500000000000000000e+03 2.946904860436916351e-02 3.974181413650512695e-02 8.071739226579666138e-02 3.904727101325988770e-01 9.688661098480224609e-01 7.282261848449707031e-01 2.946904860436916351e-02 3.974181413650512695e-02 8.071739226579666138e-02 3.904727101325988770e-01 9.688661098480224609e-01 7.282261848449707031e-01
6.600000000000000000e+03 2.436832338571548462e-02 3.356220573186874390e-02 7.206520438194274902e-02 3.658422827720642090e-01 8.948476314544677734e-01 6.496627330780029297e-01 2.436832338571548462e-02 3.356220573186874390e-02 7.206520438194274902e-02 3.658422827720642090e-01 8.948476314544677734e-01 6.496627330780029297e-01
6.700000000000000000e+03 2.550190128386020660e-02 3.490873426198959351e-02 6.227462366223335266e-02 3.699531853199005127e-01 8.786451220512390137e-01 6.782013773918151855e-01 2.550190128386020660e-02 3.490873426198959351e-02 6.227462366223335266e-02 3.699531853199005127e-01 8.786451220512390137e-01 6.782013773918151855e-01
6.800000000000000000e+03 2.503086067736148834e-02 3.923197835683822632e-02 7.650458067655563354e-02 3.686026036739349365e-01 8.946354985237121582e-01 6.709945201873779297e-01 2.503086067736148834e-02 3.923197835683822632e-02 7.650458067655563354e-02 3.686026036739349365e-01 8.946354985237121582e-01 6.709945201873779297e-01
6.900000000000000000e+03 2.742824144661426544e-02 4.011378437280654907e-02 6.539726257324218750e-02 3.695095777511596680e-01 9.398674964904785156e-01 7.070965766906738281e-01 2.742824144661426544e-02 4.011378437280654907e-02 6.539726257324218750e-02 3.695095777511596680e-01 9.398674964904785156e-01 7.070965766906738281e-01
7.000000000000000000e+03 2.469858713448047638e-02 3.162690252065658569e-02 7.584629952907562256e-02 3.576226234436035156e-01 8.814119696617126465e-01 6.402570605278015137e-01 2.469858713448047638e-02 3.162690252065658569e-02 7.584629952907562256e-02 3.576226234436035156e-01 8.814119696617126465e-01 6.402570605278015137e-01
7.100000000000000000e+03 2.791812457144260406e-02 4.093457758426666260e-02 6.787011027336120605e-02 3.653004467487335205e-01 9.268724322319030762e-01 6.950580477714538574e-01 2.791812457144260406e-02 4.093457758426666260e-02 6.787011027336120605e-02 3.653004467487335205e-01 9.268724322319030762e-01 6.950580477714538574e-01
7.200000000000000000e+03 2.310980483889579773e-02 3.157641738653182983e-02 6.944876909255981445e-02 3.574909269809722900e-01 8.878183364868164062e-01 6.430158019065856934e-01 2.310980483889579773e-02 3.157641738653182983e-02 6.944876909255981445e-02 3.574909269809722900e-01 8.878183364868164062e-01 6.430158019065856934e-01
7.300000000000000000e+03 2.559521608054637909e-02 3.842934966087341309e-02 5.822969973087310791e-02 3.541620969772338867e-01 9.013186693191528320e-01 6.804826259613037109e-01 2.559521608054637909e-02 3.842934966087341309e-02 5.822969973087310791e-02 3.541620969772338867e-01 9.013186693191528320e-01 6.804826259613037109e-01
7.400000000000000000e+03 2.339961007237434387e-02 3.868619352579116821e-02 5.856175348162651062e-02 3.581143915653228760e-01 9.070085287094116211e-01 6.920490860939025879e-01 2.339961007237434387e-02 3.868619352579116821e-02 5.856175348162651062e-02 3.581143915653228760e-01 9.070085287094116211e-01 6.920490860939025879e-01
7.500000000000000000e+03 3.164116293191909790e-02 6.471130996942520142e-02 7.382030785083770752e-02 4.094509780406951904e-01 1.021462559700012207e+00 8.000726103782653809e-01 3.164116293191909790e-02 6.471130996942520142e-02 7.382030785083770752e-02 4.094509780406951904e-01 1.021462559700012207e+00 8.000726103782653809e-01
7.600000000000000000e+03 3.288017958402633667e-02 5.705472081899642944e-02 8.526111394166946411e-02 4.139082729816436768e-01 1.040653109550476074e+00 8.643244504928588867e-01 3.288017958402633667e-02 5.705472081899642944e-02 8.526111394166946411e-02 4.139082729816436768e-01 1.040653109550476074e+00 8.643244504928588867e-01
7.700000000000000000e+03 2.489997632801532745e-02 4.017422720789909363e-02 6.395523250102996826e-02 3.320168554782867432e-01 8.260203599929809570e-01 6.098271012306213379e-01 2.489997632801532745e-02 4.017422720789909363e-02 6.395523250102996826e-02 3.320168554782867432e-01 8.260203599929809570e-01 6.098271012306213379e-01
7.800000000000000000e+03 2.737539261579513550e-02 4.671969264745712280e-02 6.387937813997268677e-02 3.625987470149993896e-01 9.158620238304138184e-01 7.247311472892761230e-01 2.737539261579513550e-02 4.671969264745712280e-02 6.387937813997268677e-02 3.625987470149993896e-01 9.158620238304138184e-01 7.247311472892761230e-01
7.900000000000000000e+03 2.386388368904590607e-02 3.973263874650001526e-02 5.951254069805145264e-02 3.310599923133850098e-01 8.279758095741271973e-01 6.089043617248535156e-01 2.386388368904590607e-02 3.973263874650001526e-02 5.951254069805145264e-02 3.310599923133850098e-01 8.279758095741271973e-01 6.089043617248535156e-01
8.000000000000000000e+03 2.111404389142990112e-02 4.026230797171592712e-02 5.765591189265251160e-02 3.480474650859832764e-01 8.532343506813049316e-01 6.289165616035461426e-01 2.111404389142990112e-02 4.026230797171592712e-02 5.765591189265251160e-02 3.480474650859832764e-01 8.532343506813049316e-01 6.289165616035461426e-01
8.100000000000000000e+03 3.344327583909034729e-02 3.374429792165756226e-02 5.275164544582366943e-02 3.523905575275421143e-01 8.518487215042114258e-01 6.385474205017089844e-01 3.344327583909034729e-02 3.374429792165756226e-02 5.275164544582366943e-02 3.523905575275421143e-01 8.518487215042114258e-01 6.385474205017089844e-01
8.200000000000000000e+03 2.095595188438892365e-02 4.244834557175636292e-02 5.432920902967453003e-02 3.200025558471679688e-01 7.734736204147338867e-01 5.730504393577575684e-01 2.095595188438892365e-02 4.244834557175636292e-02 5.432920902967453003e-02 3.200025558471679688e-01 7.734736204147338867e-01 5.730504393577575684e-01
8.300000000000000000e+03 3.126219660043716431e-02 5.551186576485633850e-02 6.561730057001113892e-02 3.900957107543945312e-01 9.562968611717224121e-01 7.342104315757751465e-01 3.126219660043716431e-02 5.551186576485633850e-02 6.561730057001113892e-02 3.900957107543945312e-01 9.562968611717224121e-01 7.342104315757751465e-01
8.400000000000000000e+03 3.233543783426284790e-02 4.805188626050949097e-02 7.117275148630142212e-02 3.233552277088165283e-01 7.884636521339416504e-01 6.065101027488708496e-01 3.233543783426284790e-02 4.805188626050949097e-02 7.117275148630142212e-02 3.233552277088165283e-01 7.884636521339416504e-01 6.065101027488708496e-01
8.500000000000000000e+03 2.616453729569911957e-02 5.032707378268241882e-02 4.989905282855033875e-02 3.231513202190399170e-01 7.620800137519836426e-01 6.070740818977355957e-01 2.616453729569911957e-02 5.032707378268241882e-02 4.989905282855033875e-02 3.231513202190399170e-01 7.620800137519836426e-01 6.070740818977355957e-01
8.600000000000000000e+03 3.645583614706993103e-02 5.936331301927566528e-02 6.436137855052947998e-02 4.042252898216247559e-01 9.831156134605407715e-01 7.695066928863525391e-01 3.645583614706993103e-02 5.936331301927566528e-02 6.436137855052947998e-02 4.042252898216247559e-01 9.831156134605407715e-01 7.695066928863525391e-01
8.700000000000000000e+03 3.811842575669288635e-02 6.065867468714714050e-02 6.636326760053634644e-02 4.080888628959655762e-01 9.856140017509460449e-01 7.765769362449645996e-01 3.811842575669288635e-02 6.065867468714714050e-02 6.636326760053634644e-02 4.080888628959655762e-01 9.856140017509460449e-01 7.765769362449645996e-01
8.800000000000000000e+03 2.372324280440807343e-02 4.650332406163215637e-02 4.892054572701454163e-02 2.983527779579162598e-01 6.915594935417175293e-01 5.283263921737670898e-01 2.372324280440807343e-02 4.650332406163215637e-02 4.892054572701454163e-02 2.983527779579162598e-01 6.915594935417175293e-01 5.283263921737670898e-01
8.900000000000000000e+03 2.313265763223171234e-02 4.735603928565979004e-02 4.804494231939315796e-02 2.899842858314514160e-01 6.844118237495422363e-01 5.196950435638427734e-01 2.313265763223171234e-02 4.735603928565979004e-02 4.804494231939315796e-02 2.899842858314514160e-01 6.844118237495422363e-01 5.196950435638427734e-01
9.000000000000000000e+03 2.337347716093063354e-02 4.784484952688217163e-02 4.461577534675598145e-02 2.925627827644348145e-01 6.803997755050659180e-01 5.163972973823547363e-01 2.337347716093063354e-02 4.784484952688217163e-02 4.461577534675598145e-02 2.925627827644348145e-01 6.803997755050659180e-01 5.163972973823547363e-01
9.100000000000000000e+03 3.000431321561336517e-02 4.489510506391525269e-02 4.551720991730690002e-02 2.829225957393646240e-01 6.576778292655944824e-01 4.890654385089874268e-01 3.000431321561336517e-02 4.489510506391525269e-02 4.551720991730690002e-02 2.829225957393646240e-01 6.576778292655944824e-01 4.890654385089874268e-01
9.200000000000000000e+03 2.322282269597053528e-02 4.876717180013656616e-02 4.381367564201354980e-02 2.804086208343505859e-01 6.477975845336914062e-01 4.917977452278137207e-01 2.322282269597053528e-02 4.876717180013656616e-02 4.381367564201354980e-02 2.804086208343505859e-01 6.477975845336914062e-01 4.917977452278137207e-01
9.300000000000000000e+03 3.015144914388656616e-02 4.579965025186538696e-02 4.185129329562187195e-02 2.819969952106475830e-01 6.568333506584167480e-01 4.915827512741088867e-01 3.015144914388656616e-02 4.579965025186538696e-02 4.185129329562187195e-02 2.819969952106475830e-01 6.568333506584167480e-01 4.915827512741088867e-01
9.400000000000000000e+03 2.493885904550552368e-02 4.869662225246429443e-02 4.043931886553764343e-02 2.760310471057891846e-01 6.356636881828308105e-01 4.772415757179260254e-01 2.493885904550552368e-02 4.869662225246429443e-02 4.043931886553764343e-02 2.760310471057891846e-01 6.356636881828308105e-01 4.772415757179260254e-01
9.500000000000000000e+03 2.460098825395107269e-02 5.240349471569061279e-02 4.678482189774513245e-02 2.989290654659271240e-01 6.771045923233032227e-01 5.243535041809082031e-01 2.460098825395107269e-02 5.240349471569061279e-02 4.678482189774513245e-02 2.989290654659271240e-01 6.771045923233032227e-01 5.243535041809082031e-01
9.600000000000000000e+03 4.735566303133964539e-02 4.015069454908370972e-02 6.024268642067909241e-02 3.160421252250671387e-01 7.538812756538391113e-01 5.461429357528686523e-01 4.735566303133964539e-02 4.015069454908370972e-02 6.024268642067909241e-02 3.160421252250671387e-01 7.538812756538391113e-01 5.461429357528686523e-01
9.700000000000000000e+03 1.510936301201581955e-02 2.216569706797599792e-02 8.212964981794357300e-02 4.508096277713775635e-01 1.152331948280334473e+00 1.003738164901733398e+00 1.510936301201581955e-02 2.216569706797599792e-02 8.212964981794357300e-02 4.508096277713775635e-01 1.152331948280334473e+00 1.003738164901733398e+00
9.800000000000000000e+03 1.353146322071552277e-02 2.694735489785671234e-02 6.469565629959106445e-02 4.255979061126708984e-01 1.121297955513000488e+00 9.301926493644714355e-01 1.353146322071552277e-02 2.694735489785671234e-02 6.469565629959106445e-02 4.255979061126708984e-01 1.121297955513000488e+00 9.301926493644714355e-01
9.900000000000000000e+03 1.554039213806390762e-02 2.681309171020984650e-02 6.085169687867164612e-02 4.204369187355041504e-01 1.100026011466979980e+00 8.912630081176757812e-01 1.554039213806390762e-02 2.681309171020984650e-02 6.085169687867164612e-02 4.204369187355041504e-01 1.100026011466979980e+00 8.912630081176757812e-01
1.000000000000000000e+04 1.692387834191322327e-02 2.891906909644603729e-02 5.845345556735992432e-02 4.127095043659210205e-01 1.082912802696228027e+00 8.543342947959899902e-01 1.692387834191322327e-02 2.891906909644603729e-02 5.845345556735992432e-02 4.127095043659210205e-01 1.082912802696228027e+00 8.543342947959899902e-01
1.000000000000000000e+04 1.692387834191322327e-02 2.891906909644603729e-02 5.845345556735992432e-02 4.127095043659210205e-01 1.082912802696228027e+00 8.543342947959899902e-01 1.692387834191322327e-02 2.891906909644603729e-02 5.845345556735992432e-02 4.127095043659210205e-01 1.082912802696228027e+00 8.543342947959899902e-01
1.010000000000000000e+04 1.536814775317907333e-02 2.856367640197277069e-02 5.474465340375900269e-02 4.105612039566040039e-01 1.090048551559448242e+00 8.534486293792724609e-01 1.536814775317907333e-02 2.856367640197277069e-02 5.474465340375900269e-02 4.105612039566040039e-01 1.090048551559448242e+00 8.534486293792724609e-01
1.020000000000000000e+04 2.032062597572803497e-02 3.455069288611412048e-02 5.798932537436485291e-02 3.991590440273284912e-01 1.048874735832214355e+00 7.985182404518127441e-01 2.032062597572803497e-02 3.455069288611412048e-02 5.798932537436485291e-02 3.991590440273284912e-01 1.048874735832214355e+00 7.985182404518127441e-01
1.030000000000000000e+04 1.602109707891941071e-02 3.143661841750144958e-02 5.653636902570724487e-02 3.917183876037597656e-01 1.037207841873168945e+00 7.808504104614257812e-01 1.602109707891941071e-02 3.143661841750144958e-02 5.653636902570724487e-02 3.917183876037597656e-01 1.037207841873168945e+00 7.808504104614257812e-01
1.040000000000000000e+04 1.444069389253854752e-02 3.210721537470817566e-02 5.679757148027420044e-02 3.848096430301666260e-01 1.010841608047485352e+00 7.501612305641174316e-01 1.444069389253854752e-02 3.210721537470817566e-02 5.679757148027420044e-02 3.848096430301666260e-01 1.010841608047485352e+00 7.501612305641174316e-01
1.050000000000000000e+04 1.941943541169166565e-02 3.768810629844665527e-02 5.047893524169921875e-02 3.735614418983459473e-01 9.744552969932556152e-01 7.240425944328308105e-01 1.941943541169166565e-02 3.768810629844665527e-02 5.047893524169921875e-02 3.735614418983459473e-01 9.744552969932556152e-01 7.240425944328308105e-01
1.060000000000000000e+04 5.523624271154403687e-02 6.806965917348861694e-02 5.504472181200981140e-02 3.941174447536468506e-01 1.036663174629211426e+00 8.399429917335510254e-01 5.523624271154403687e-02 6.806965917348861694e-02 5.504472181200981140e-02 3.941174447536468506e-01 1.036663174629211426e+00 8.399429917335510254e-01
1.070000000000000000e+04 9.933480061590671539e-03 1.913448795676231384e-02 5.790075287222862244e-02 4.336080849170684814e-01 1.172496080398559570e+00 9.673386216163635254e-01 9.933480061590671539e-03 1.913448795676231384e-02 5.790075287222862244e-02 4.336080849170684814e-01 1.172496080398559570e+00 9.673386216163635254e-01
1.080000000000000000e+04 1.004738174378871918e-02 2.287622168660163879e-02 4.899127408862113953e-02 4.224978387355804443e-01 1.151275038719177246e+00 9.167159199714660645e-01 1.004738174378871918e-02 2.287622168660163879e-02 4.899127408862113953e-02 4.224978387355804443e-01 1.151275038719177246e+00 9.167159199714660645e-01
1.090000000000000000e+04 1.205558981746435165e-02 2.868970856070518494e-02 4.776070266962051392e-02 4.151194393634796143e-01 1.117241978645324707e+00 8.738900423049926758e-01 1.205558981746435165e-02 2.868970856070518494e-02 4.776070266962051392e-02 4.151194393634796143e-01 1.117241978645324707e+00 8.738900423049926758e-01
1.100000000000000000e+04 2.557879872620105743e-02 3.889942541718482971e-02 5.655954778194427490e-02 3.679355978965759277e-01 9.905715584754943848e-01 7.264788746833801270e-01 2.557879872620105743e-02 3.889942541718482971e-02 5.655954778194427490e-02 3.679355978965759277e-01 9.905715584754943848e-01 7.264788746833801270e-01
1.110000000000000000e+04 1.303403638303279877e-02 2.629188448190689087e-02 4.785060882568359375e-02 4.198547899723052979e-01 1.130103945732116699e+00 8.755819201469421387e-01 1.303403638303279877e-02 2.629188448190689087e-02 4.785060882568359375e-02 4.198547899723052979e-01 1.130103945732116699e+00 8.755819201469421387e-01
1.120000000000000000e+04 1.225001737475395203e-02 2.451650053262710571e-02 6.776628643274307251e-02 4.361231029033660889e-01 1.122239708900451660e+00 1.009644508361816406e+00 1.225001737475395203e-02 2.451650053262710571e-02 6.776628643274307251e-02 4.361231029033660889e-01 1.122239708900451660e+00 1.009644508361816406e+00
1.130000000000000000e+04 9.992368519306182861e-03 2.481473051011562347e-02 5.096149444580078125e-02 4.270935058593750000e-01 1.156453132629394531e+00 9.183641672134399414e-01 9.992368519306182861e-03 2.481473051011562347e-02 5.096149444580078125e-02 4.270935058593750000e-01 1.156453132629394531e+00 9.183641672134399414e-01
1.140000000000000000e+04 9.044348262250423431e-03 2.394299767911434174e-02 5.129600688815116882e-02 4.163531363010406494e-01 1.135963320732116699e+00 8.819633722305297852e-01 9.044348262250423431e-03 2.394299767911434174e-02 5.129600688815116882e-02 4.163531363010406494e-01 1.135963320732116699e+00 8.819633722305297852e-01
1.150000000000000000e+04 9.642234072089195251e-03 2.732804045081138611e-02 5.250312760472297668e-02 4.119441211223602295e-01 1.113653182983398438e+00 8.524883985519409180e-01 9.642234072089195251e-03 2.732804045081138611e-02 5.250312760472297668e-02 4.119441211223602295e-01 1.113653182983398438e+00 8.524883985519409180e-01
1.160000000000000000e+04 1.692049950361251831e-02 2.912626788020133972e-02 5.539191141724586487e-02 4.505346715450286865e-01 1.167251229286193848e+00 1.020338058471679688e+00 1.692049950361251831e-02 2.912626788020133972e-02 5.539191141724586487e-02 4.505346715450286865e-01 1.167251229286193848e+00 1.020338058471679688e+00
1.170000000000000000e+04 9.709146805107593536e-03 2.684401534497737885e-02 4.906669631600379944e-02 4.108417332172393799e-01 1.115727663040161133e+00 8.543399572372436523e-01 9.709146805107593536e-03 2.684401534497737885e-02 4.906669631600379944e-02 4.108417332172393799e-01 1.115727663040161133e+00 8.543399572372436523e-01
1.180000000000000000e+04 4.990844987332820892e-03 2.256660908460617065e-02 4.975949227809906006e-02 4.528184235095977783e-01 1.183692097663879395e+00 1.077809453010559082e+00 4.990844987332820892e-03 2.256660908460617065e-02 4.975949227809906006e-02 4.528184235095977783e-01 1.183692097663879395e+00 1.077809453010559082e+00
1.190000000000000000e+04 7.065533194690942764e-03 1.947088912129402161e-02 5.066239461302757263e-02 4.279920756816864014e-01 1.176266312599182129e+00 9.411752820014953613e-01 7.065533194690942764e-03 1.947088912129402161e-02 5.066239461302757263e-02 4.279920756816864014e-01 1.176266312599182129e+00 9.411752820014953613e-01
1.200000000000000000e+04 8.278376422822475433e-03 1.987432874739170074e-02 4.505173861980438232e-02 4.251493513584136963e-01 1.168573737144470215e+00 9.004100561141967773e-01 8.278376422822475433e-03 1.987432874739170074e-02 4.505173861980438232e-02 4.251493513584136963e-01 1.168573737144470215e+00 9.004100561141967773e-01
1.210000000000000000e+04 1.088445633649826050e-02 2.139788679778575897e-02 4.296797886490821838e-02 4.224525690078735352e-01 1.154017567634582520e+00 8.411080837249755859e-01 1.088445633649826050e-02 2.139788679778575897e-02 4.296797886490821838e-02 4.224525690078735352e-01 1.154017567634582520e+00 8.411080837249755859e-01
1.220000000000000000e+04 1.159074995666742325e-02 2.221485413610935211e-02 4.789033904671669006e-02 4.199876785278320312e-01 1.134926319122314453e+00 8.222210407257080078e-01 1.159074995666742325e-02 2.221485413610935211e-02 4.789033904671669006e-02 4.199876785278320312e-01 1.134926319122314453e+00 8.222210407257080078e-01
1.230000000000000000e+04 1.321723964065313339e-02 2.483436837792396545e-02 5.916258692741394043e-02 4.300178885459899902e-01 1.153795957565307617e+00 1.026386976242065430e+00 1.321723964065313339e-02 2.483436837792396545e-02 5.916258692741394043e-02 4.300178885459899902e-01 1.153795957565307617e+00 1.026386976242065430e+00
1.240000000000000000e+04 1.105942204594612122e-02 1.639603078365325928e-02 4.426483064889907837e-02 4.154098331928253174e-01 1.119873762130737305e+00 8.125016689300537109e-01 1.105942204594612122e-02 1.639603078365325928e-02 4.426483064889907837e-02 4.154098331928253174e-01 1.119873762130737305e+00 8.125016689300537109e-01
1.250000000000000000e+04 1.524081453680992126e-02 2.019901201128959656e-02 4.786377400159835815e-02 4.109038710594177246e-01 1.078401207923889160e+00 7.172299623489379883e-01 1.524081453680992126e-02 2.019901201128959656e-02 4.786377400159835815e-02 4.109038710594177246e-01 1.078401207923889160e+00 7.172299623489379883e-01
1.260000000000000000e+04 1.549798250198364258e-02 2.066488936543464661e-02 4.939340427517890930e-02 4.054439663887023926e-01 1.066075921058654785e+00 7.887970209121704102e-01 1.549798250198364258e-02 2.066488936543464661e-02 4.939340427517890930e-02 4.054439663887023926e-01 1.066075921058654785e+00 7.887970209121704102e-01
1.270000000000000000e+04 1.319203153252601624e-02 2.267629839479923248e-02 4.767724871635437012e-02 4.141950905323028564e-01 1.087226748466491699e+00 8.864126205444335938e-01 1.319203153252601624e-02 2.267629839479923248e-02 4.767724871635437012e-02 4.141950905323028564e-01 1.087226748466491699e+00 8.864126205444335938e-01
1.280000000000000000e+04 2.188882790505886078e-02 2.953943051397800446e-02 4.876781627535820007e-02 3.905568420886993408e-01 1.009037613868713379e+00 7.440776228904724121e-01 2.188882790505886078e-02 2.953943051397800446e-02 4.876781627535820007e-02 3.905568420886993408e-01 1.009037613868713379e+00 7.440776228904724121e-01
1.290000000000000000e+04 2.392384037375450134e-02 3.027333505451679230e-02 4.274518787860870361e-02 3.826997280120849609e-01 9.814687371253967285e-01 6.970751881599426270e-01 2.392384037375450134e-02 3.027333505451679230e-02 4.274518787860870361e-02 3.826997280120849609e-01 9.814687371253967285e-01 6.970751881599426270e-01
1.300000000000000000e+04 3.977484628558158875e-02 4.308808222413063049e-02 6.702134013175964355e-02 4.289869964122772217e-01 1.064208865165710449e+00 1.050668478012084961e+00 3.977484628558158875e-02 4.308808222413063049e-02 6.702134013175964355e-02 4.289869964122772217e-01 1.064208865165710449e+00 1.050668478012084961e+00
1.310000000000000000e+04 2.514113485813140869e-02 4.013549908995628357e-02 4.572502151131629944e-02 3.669000864028930664e-01 9.364688992500305176e-01 6.714298129081726074e-01 2.514113485813140869e-02 4.013549908995628357e-02 4.572502151131629944e-02 3.669000864028930664e-01 9.364688992500305176e-01 6.714298129081726074e-01
1.320000000000000000e+04 2.446423470973968506e-02 2.947516925632953644e-02 7.123576849699020386e-02 4.227441549301147461e-01 1.108332991600036621e+00 9.530243873596191406e-01 2.446423470973968506e-02 2.947516925632953644e-02 7.123576849699020386e-02 4.227441549301147461e-01 1.108332991600036621e+00 9.530243873596191406e-01
1.330000000000000000e+04 2.148970216512680054e-02 3.156552463769912720e-02 5.779796466231346130e-02 4.026609063148498535e-01 1.039039254188537598e+00 7.998602390289306641e-01 2.148970216512680054e-02 3.156552463769912720e-02 5.779796466231346130e-02 4.026609063148498535e-01 1.039039254188537598e+00 7.998602390289306641e-01
1.340000000000000000e+04 2.405955828726291656e-02 4.313145577907562256e-02 4.595522582530975342e-02 3.511012494564056396e-01 9.021669030189514160e-01 6.368229985237121582e-01 2.405955828726291656e-02 4.313145577907562256e-02 4.595522582530975342e-02 3.511012494564056396e-01 9.021669030189514160e-01 6.368229985237121582e-01
1.350000000000000000e+04 2.206317894160747528e-02 3.072733804583549500e-02 4.744156822562217712e-02 3.450795412063598633e-01 8.966372013092041016e-01 6.001015305519104004e-01 2.206317894160747528e-02 3.072733804583549500e-02 4.744156822562217712e-02 3.450795412063598633e-01 8.966372013092041016e-01 6.001015305519104004e-01
1.360000000000000000e+04 2.487233467400074005e-02 4.228401556611061096e-02 4.648924991488456726e-02 3.357915580272674561e-01 8.566359877586364746e-01 5.813500881195068359e-01 2.487233467400074005e-02 4.228401556611061096e-02 4.648924991488456726e-02 3.357915580272674561e-01 8.566359877586364746e-01 5.813500881195068359e-01
1.370000000000000000e+04 2.020685747265815735e-02 3.171684220433235168e-02 4.770684242248535156e-02 3.442498147487640381e-01 8.897604942321777344e-01 5.998821258544921875e-01 2.020685747265815735e-02 3.171684220433235168e-02 4.770684242248535156e-02 3.442498147487640381e-01 8.897604942321777344e-01 5.998821258544921875e-01
1.380000000000000000e+04 2.627867273986339569e-02 3.572556376457214355e-02 5.236865952610969543e-02 3.295350968837738037e-01 8.411571979522705078e-01 5.633688569068908691e-01 2.627867273986339569e-02 3.572556376457214355e-02 5.236865952610969543e-02 3.295350968837738037e-01 8.411571979522705078e-01 5.633688569068908691e-01
1.390000000000000000e+04 2.656911127269268036e-02 4.168321192264556885e-02 4.494697600603103638e-02 3.231856822967529297e-01 8.103414773941040039e-01 5.488655567169189453e-01 2.656911127269268036e-02 4.168321192264556885e-02 4.494697600603103638e-02 3.231856822967529297e-01 8.103414773941040039e-01 5.488655567169189453e-01
1.400000000000000000e+04 2.901862189173698425e-02 4.461383819580078125e-02 4.544944688677787781e-02 3.167777359485626221e-01 7.852103114128112793e-01 5.310766696929931641e-01 2.901862189173698425e-02 4.461383819580078125e-02 4.544944688677787781e-02 3.167777359485626221e-01 7.852103114128112793e-01 5.310766696929931641e-01
1.410000000000000000e+04 2.578671462833881378e-02 3.992744162678718567e-02 4.977682605385780334e-02 3.089692294597625732e-01 7.827436327934265137e-01 5.138345956802368164e-01 2.578671462833881378e-02 3.992744162678718567e-02 4.977682605385780334e-02 3.089692294597625732e-01 7.827436327934265137e-01 5.138345956802368164e-01
1.420000000000000000e+04 3.070523217320442200e-02 4.532977938652038574e-02 4.568844288587570190e-02 3.008201420307159424e-01 7.428876757621765137e-01 4.978342056274414062e-01 3.070523217320442200e-02 4.532977938652038574e-02 4.568844288587570190e-02 3.008201420307159424e-01 7.428876757621765137e-01 4.978342056274414062e-01
1.430000000000000000e+04 2.330002374947071075e-02 4.279505833983421326e-02 4.903133213520050049e-02 2.977284193038940430e-01 7.565968036651611328e-01 4.957103431224822998e-01 2.330002374947071075e-02 4.279505833983421326e-02 4.903133213520050049e-02 2.977284193038940430e-01 7.565968036651611328e-01 4.957103431224822998e-01
1.440000000000000000e+04 2.380481734871864319e-02 4.158838093280792236e-02 4.446187987923622131e-02 2.864036858081817627e-01 7.217379212379455566e-01 4.608721733093261719e-01 2.380481734871864319e-02 4.158838093280792236e-02 4.446187987923622131e-02 2.864036858081817627e-01 7.217379212379455566e-01 4.608721733093261719e-01
1.450000000000000000e+04 2.787609025835990906e-02 4.411087185144424438e-02 4.215819388628005981e-02 2.843681573867797852e-01 7.022112607955932617e-01 4.530377089977264404e-01 2.787609025835990906e-02 4.411087185144424438e-02 4.215819388628005981e-02 2.843681573867797852e-01 7.022112607955932617e-01 4.530377089977264404e-01
1.460000000000000000e+04 2.798392809927463531e-02 4.692622274160385132e-02 4.056832939386367798e-02 2.848033607006072998e-01 6.973468661308288574e-01 4.588147997856140137e-01 2.798392809927463531e-02 4.692622274160385132e-02 4.056832939386367798e-02 2.848033607006072998e-01 6.973468661308288574e-01 4.588147997856140137e-01
1.470000000000000000e+04 4.668242484331130981e-02 6.419073790311813354e-02 5.993084982037544250e-02 3.942037820816040039e-01 9.379438757896423340e-01 8.581461310386657715e-01 4.668242484331130981e-02 6.419073790311813354e-02 5.993084982037544250e-02 3.942037820816040039e-01 9.379438757896423340e-01 8.581461310386657715e-01
1.480000000000000000e+04 2.972826920449733734e-02 6.260953843593597412e-02 6.727936118841171265e-02 3.625878393650054932e-01 9.307948946952819824e-01 7.409440875053405762e-01 2.972826920449733734e-02 6.260953843593597412e-02 6.727936118841171265e-02 3.625878393650054932e-01 9.307948946952819824e-01 7.409440875053405762e-01
1.490000000000000000e+04 2.849282510578632355e-02 4.819933325052261353e-02 4.103059694170951843e-02 2.774713635444641113e-01 6.674434542655944824e-01 4.405328333377838135e-01 2.849282510578632355e-02 4.819933325052261353e-02 4.103059694170951843e-02 2.774713635444641113e-01 6.674434542655944824e-01 4.405328333377838135e-01
1.500000000000000000e+04 3.241471201181411743e-02 5.699303746223449707e-02 4.633264243602752686e-02 2.892578840255737305e-01 6.752315759658813477e-01 4.744177758693695068e-01 3.241471201181411743e-02 5.699303746223449707e-02 4.633264243602752686e-02 2.892578840255737305e-01 6.752315759658813477e-01 4.744177758693695068e-01
1.510000000000000000e+04 2.673789486289024353e-02 5.143144726753234863e-02 5.047843977808952332e-02 2.901543080806732178e-01 7.208199501037597656e-01 5.034407377243041992e-01 2.673789486289024353e-02 5.143144726753234863e-02 5.047843977808952332e-02 2.901543080806732178e-01 7.208199501037597656e-01 5.034407377243041992e-01
1.520000000000000000e+04 2.581498213112354279e-02 4.880991950631141663e-02 4.547654464840888977e-02 2.750139832496643066e-01 6.783345937728881836e-01 4.468230605125427246e-01 2.581498213112354279e-02 4.880991950631141663e-02 4.547654464840888977e-02 2.750139832496643066e-01 6.783345937728881836e-01 4.468230605125427246e-01
1.530000000000000000e+04 2.582708373665809631e-02 4.642946273088455200e-02 4.248411580920219421e-02 2.588468194007873535e-01 6.281124353408813477e-01 3.945680260658264160e-01 2.582708373665809631e-02 4.642946273088455200e-02 4.248411580920219421e-02 2.588468194007873535e-01 6.281124353408813477e-01 3.945680260658264160e-01
1.540000000000000000e+04 2.553188055753707886e-02 4.486410692334175110e-02 4.280950501561164856e-02 2.831055521965026855e-01 7.030043601989746094e-01 4.674287438392639160e-01 2.553188055753707886e-02 4.486410692334175110e-02 4.280950501561164856e-02 2.831055521965026855e-01 7.030043601989746094e-01 4.674287438392639160e-01
1.550000000000000000e+04 3.850479796528816223e-02 6.427476555109024048e-02 5.252341181039810181e-02 3.077329099178314209e-01 7.056477069854736328e-01 5.722826123237609863e-01 3.850479796528816223e-02 6.427476555109024048e-02 5.252341181039810181e-02 3.077329099178314209e-01 7.056477069854736328e-01 5.722826123237609863e-01
1.560000000000000000e+04 3.253404796123504639e-02 4.865402355790138245e-02 4.115585237741470337e-02 3.012761175632476807e-01 7.007496953010559082e-01 5.128145217895507812e-01 3.253404796123504639e-02 4.865402355790138245e-02 4.115585237741470337e-02 3.012761175632476807e-01 7.007496953010559082e-01 5.128145217895507812e-01
1.570000000000000000e+04 3.216079995036125183e-02 5.917461961507797241e-02 4.411378875374794006e-02 2.750011980533599854e-01 6.060584187507629395e-01 4.221892058849334717e-01 3.216079995036125183e-02 5.917461961507797241e-02 4.411378875374794006e-02 2.750011980533599854e-01 6.060584187507629395e-01 4.221892058849334717e-01
1.580000000000000000e+04 2.601944468915462494e-02 4.831154644489288330e-02 3.685243427753448486e-02 2.528702020645141602e-01 5.917066335678100586e-01 3.663124442100524902e-01 2.601944468915462494e-02 4.831154644489288330e-02 3.685243427753448486e-02 2.528702020645141602e-01 5.917066335678100586e-01 3.663124442100524902e-01
1.590000000000000000e+04 3.222143277525901794e-02 6.143711879849433899e-02 4.310452565550804138e-02 2.794875800609588623e-01 6.045221686363220215e-01 4.386723637580871582e-01 3.222143277525901794e-02 6.143711879849433899e-02 4.310452565550804138e-02 2.794875800609588623e-01 6.045221686363220215e-01 4.386723637580871582e-01
1.600000000000000000e+04 2.739342302083969116e-02 5.168085172772407532e-02 4.458929225802421570e-02 2.499620020389556885e-01 5.976843237876892090e-01 3.820829987525939941e-01 2.739342302083969116e-02 5.168085172772407532e-02 4.458929225802421570e-02 2.499620020389556885e-01 5.976843237876892090e-01 3.820829987525939941e-01
1.610000000000000000e+04 1.935324631631374359e-02 3.043764084577560425e-02 4.852648824453353882e-02 4.632351696491241455e-01 1.173367142677307129e+00 1.115767478942871094e+00 1.935324631631374359e-02 3.043764084577560425e-02 4.852648824453353882e-02 4.632351696491241455e-01 1.173367142677307129e+00 1.115767478942871094e+00
1.620000000000000000e+04 7.672840263694524765e-03 2.560257166624069214e-02 3.172396123409271240e-02 4.299013912677764893e-01 1.161885857582092285e+00 9.698430299758911133e-01 7.672840263694524765e-03 2.560257166624069214e-02 3.172396123409271240e-02 4.299013912677764893e-01 1.161885857582092285e+00 9.698430299758911133e-01
1.630000000000000000e+04 7.947099395096302032e-03 2.717305906116962433e-02 3.011704981327056885e-02 4.244423806667327881e-01 1.142132043838500977e+00 9.360646009445190430e-01 7.947099395096302032e-03 2.717305906116962433e-02 3.011704981327056885e-02 4.244423806667327881e-01 1.142132043838500977e+00 9.360646009445190430e-01
1.640000000000000000e+04 1.106537133455276489e-02 3.035924956202507019e-02 4.468460008502006531e-02 4.130183756351470947e-01 1.096379160881042480e+00 8.871375918388366699e-01 1.106537133455276489e-02 3.035924956202507019e-02 4.468460008502006531e-02 4.130183756351470947e-01 1.096379160881042480e+00 8.871375918388366699e-01
1.650000000000000000e+04 1.302913576364517212e-02 3.733867406845092773e-02 4.919413477182388306e-02 3.987403213977813721e-01 1.050589561462402344e+00 8.405931591987609863e-01 1.302913576364517212e-02 3.733867406845092773e-02 4.919413477182388306e-02 3.987403213977813721e-01 1.050589561462402344e+00 8.405931591987609863e-01
1.660000000000000000e+04 1.786761544644832611e-02 4.215395823121070862e-02 4.616786167025566101e-02 3.848393857479095459e-01 9.991825819015502930e-01 7.887392640113830566e-01 1.786761544644832611e-02 4.215395823121070862e-02 4.616786167025566101e-02 3.848393857479095459e-01 9.991825819015502930e-01 7.887392640113830566e-01
1.670000000000000000e+04 2.680236659944057465e-02 4.440366849303245544e-02 3.701472654938697815e-02 3.620817959308624268e-01 9.289006590843200684e-01 7.307830452919006348e-01 2.680236659944057465e-02 4.440366849303245544e-02 3.701472654938697815e-02 3.620817959308624268e-01 9.289006590843200684e-01 7.307830452919006348e-01
1.680000000000000000e+04 3.302961215376853943e-02 4.750376567244529724e-02 4.260708391666412354e-02 3.402023017406463623e-01 8.559520840644836426e-01 6.711603403091430664e-01 3.302961215376853943e-02 4.750376567244529724e-02 4.260708391666412354e-02 3.402023017406463623e-01 8.559520840644836426e-01 6.711603403091430664e-01
1.690000000000000000e+04 3.412057086825370789e-02 4.777365177869796753e-02 4.829759523272514343e-02 3.226846456527709961e-01 7.951521277427673340e-01 6.137868762016296387e-01 3.412057086825370789e-02 4.777365177869796753e-02 4.829759523272514343e-02 3.226846456527709961e-01 7.951521277427673340e-01 6.137868762016296387e-01
1.700000000000000000e+04 3.147093206644058228e-02 3.841355815529823303e-02 4.683174192905426025e-02 3.268747031688690186e-01 8.118128776550292969e-01 6.068751215934753418e-01 3.147093206644058228e-02 3.841355815529823303e-02 4.683174192905426025e-02 3.268747031688690186e-01 8.118128776550292969e-01 6.068751215934753418e-01
1.710000000000000000e+04 3.481001034379005432e-02 4.336832091212272644e-02 5.004767328500747681e-02 3.088710308074951172e-01 7.478537559509277344e-01 5.601545572280883789e-01 3.481001034379005432e-02 4.336832091212272644e-02 5.004767328500747681e-02 3.088710308074951172e-01 7.478537559509277344e-01 5.601545572280883789e-01
1.720000000000000000e+04 4.129613935947418213e-02 3.761012852191925049e-02 5.691907927393913269e-02 3.669855892658233643e-01 8.727955222129821777e-01 6.920608878135681152e-01 4.129613935947418213e-02 3.761012852191925049e-02 5.691907927393913269e-02 3.669855892658233643e-01 8.727955222129821777e-01 6.920608878135681152e-01
1.730000000000000000e+04 4.119668155908584595e-02 3.704454749822616577e-02 5.096116662025451660e-02 4.189346730709075928e-01 9.490152597427368164e-01 7.582578063011169434e-01 4.119668155908584595e-02 3.704454749822616577e-02 5.096116662025451660e-02 4.189346730709075928e-01 9.490152597427368164e-01 7.582578063011169434e-01
1.740000000000000000e+04 3.860435262322425842e-02 4.357258975505828857e-02 5.431401357054710388e-02 3.342664539813995361e-01 8.019326329231262207e-01 6.197173595428466797e-01 3.860435262322425842e-02 4.357258975505828857e-02 5.431401357054710388e-02 3.342664539813995361e-01 8.019326329231262207e-01 6.197173595428466797e-01
1.750000000000000000e+04 3.198115900158882141e-02 4.502976313233375549e-02 4.469258710741996765e-02 2.915480136871337891e-01 6.894993185997009277e-01 4.996566176414489746e-01 3.198115900158882141e-02 4.502976313233375549e-02 4.469258710741996765e-02 2.915480136871337891e-01 6.894993185997009277e-01 4.996566176414489746e-01
1.760000000000000000e+04 4.060802981257438660e-02 4.372974485158920288e-02 5.536384135484695435e-02 3.792497515678405762e-01 9.103679060935974121e-01 7.296537160873413086e-01 4.060802981257438660e-02 4.372974485158920288e-02 5.536384135484695435e-02 3.792497515678405762e-01 9.103679060935974121e-01 7.296537160873413086e-01
1.770000000000000000e+04 3.239785134792327881e-02 4.991644993424415588e-02 4.454670846462249756e-02 2.930429577827453613e-01 6.887627243995666504e-01 5.030473470687866211e-01 3.239785134792327881e-02 4.991644993424415588e-02 4.454670846462249756e-02 2.930429577827453613e-01 6.887627243995666504e-01 5.030473470687866211e-01
1.780000000000000000e+04 3.177492693066596985e-02 4.220027849078178406e-02 4.441346973180770874e-02 3.414490222930908203e-01 7.942433953285217285e-01 6.270173192024230957e-01 3.177492693066596985e-02 4.220027849078178406e-02 4.441346973180770874e-02 3.414490222930908203e-01 7.942433953285217285e-01 6.270173192024230957e-01
1.790000000000000000e+04 3.253125399351119995e-02 5.094126611948013306e-02 4.247178509831428528e-02 2.829887568950653076e-01 6.551403999328613281e-01 4.750252366065979004e-01 3.253125399351119995e-02 5.094126611948013306e-02 4.247178509831428528e-02 2.829887568950653076e-01 6.551403999328613281e-01 4.750252366065979004e-01
1.800000000000000000e+04 3.447968885302543640e-02 4.991420358419418335e-02 4.410837963223457336e-02 2.868672311305999756e-01 6.804701089859008789e-01 5.026097297668457031e-01 3.447968885302543640e-02 4.991420358419418335e-02 4.410837963223457336e-02 2.868672311305999756e-01 6.804701089859008789e-01 5.026097297668457031e-01
1.810000000000000000e+04 3.517188876867294312e-02 5.051261559128761292e-02 4.564173519611358643e-02 2.923943698406219482e-01 6.885896921157836914e-01 5.166915655136108398e-01 3.517188876867294312e-02 5.051261559128761292e-02 4.564173519611358643e-02 2.923943698406219482e-01 6.885896921157836914e-01 5.166915655136108398e-01
1.820000000000000000e+04 3.543703630566596985e-02 5.211357027292251587e-02 4.725705459713935852e-02 2.962158918380737305e-01 6.920977830886840820e-01 5.280442833900451660e-01 3.543703630566596985e-02 5.211357027292251587e-02 4.725705459713935852e-02 2.962158918380737305e-01 6.920977830886840820e-01 5.280442833900451660e-01
1.830000000000000000e+04 3.521980345249176025e-02 5.361124873161315918e-02 4.749930277466773987e-02 2.945292294025421143e-01 6.818909645080566406e-01 5.208331346511840820e-01 3.521980345249176025e-02 5.361124873161315918e-02 4.749930277466773987e-02 2.945292294025421143e-01 6.818909645080566406e-01 5.208331346511840820e-01
1.840000000000000000e+04 3.493008762598037720e-02 5.498398840427398682e-02 4.758094623684883118e-02 2.930155694484710693e-01 6.740039587020874023e-01 5.161697268486022949e-01 3.493008762598037720e-02 5.498398840427398682e-02 4.758094623684883118e-02 2.930155694484710693e-01 6.740039587020874023e-01 5.161697268486022949e-01
1.850000000000000000e+04 3.424883261322975159e-02 5.490690097212791443e-02 4.571699723601341248e-02 2.799581587314605713e-01 6.376460790634155273e-01 4.785688519477844238e-01 3.424883261322975159e-02 5.490690097212791443e-02 4.571699723601341248e-02 2.799581587314605713e-01 6.376460790634155273e-01 4.785688519477844238e-01
1.860000000000000000e+04 4.089546576142311096e-02 6.207412108778953552e-02 6.115862727165222168e-02 3.828123807907104492e-01 8.871671557426452637e-01 7.729870080947875977e-01 4.089546576142311096e-02 6.207412108778953552e-02 6.115862727165222168e-02 3.828123807907104492e-01 8.871671557426452637e-01 7.729870080947875977e-01
1.870000000000000000e+04 3.168536722660064697e-02 5.354310572147369385e-02 4.210766777396202087e-02 2.579752206802368164e-01 5.835300087928771973e-01 4.172163009643554688e-01 3.168536722660064697e-02 5.354310572147369385e-02 4.210766777396202087e-02 2.579752206802368164e-01 5.835300087928771973e-01 4.172163009643554688e-01
1.880000000000000000e+04 3.057359717786312103e-02 5.155421420931816101e-02 3.991185128688812256e-02 2.543044984340667725e-01 5.759577751159667969e-01 4.029491543769836426e-01 3.057359717786312103e-02 5.155421420931816101e-02 3.991185128688812256e-02 2.543044984340667725e-01 5.759577751159667969e-01 4.029491543769836426e-01
1.890000000000000000e+04 3.442159667611122131e-02 5.663766339421272278e-02 4.100908711552619934e-02 2.683383226394653320e-01 5.841975808143615723e-01 4.347428679466247559e-01 3.442159667611122131e-02 5.663766339421272278e-02 4.100908711552619934e-02 2.683383226394653320e-01 5.841975808143615723e-01 4.347428679466247559e-01
1.900000000000000000e+04 3.637871146202087402e-02 6.052428856492042542e-02 4.310010746121406555e-02 2.784780859947204590e-01 5.975576639175415039e-01 4.596096277236938477e-01 3.637871146202087402e-02 6.052428856492042542e-02 4.310010746121406555e-02 2.784780859947204590e-01 5.975576639175415039e-01 4.596096277236938477e-01
1.910000000000000000e+04 3.630331158638000488e-02 5.905653536319732666e-02 4.216410592198371887e-02 2.717612385749816895e-01 5.782206058502197266e-01 4.379765987396240234e-01 3.630331158638000488e-02 5.905653536319732666e-02 4.216410592198371887e-02 2.717612385749816895e-01 5.782206058502197266e-01 4.379765987396240234e-01
1.920000000000000000e+04 3.936246782541275024e-02 6.682085245847702026e-02 4.716544598340988159e-02 2.970507144927978516e-01 6.225041747093200684e-01 4.976733922958374023e-01 3.936246782541275024e-02 6.682085245847702026e-02 4.716544598340988159e-02 2.970507144927978516e-01 6.225041747093200684e-01 4.976733922958374023e-01
1.930000000000000000e+04 2.949409559369087219e-02 5.006338655948638916e-02 3.898332640528678894e-02 2.601301968097686768e-01 5.716403722763061523e-01 3.943819105625152588e-01 2.949409559369087219e-02 5.006338655948638916e-02 3.898332640528678894e-02 2.601301968097686768e-01 5.716403722763061523e-01 3.943819105625152588e-01
1.940000000000000000e+04 3.220803290605545044e-02 5.467456951737403870e-02 4.221634939312934875e-02 2.552180290222167969e-01 5.590584874153137207e-01 3.985109627246856689e-01 3.220803290605545044e-02 5.467456951737403870e-02 4.221634939312934875e-02 2.552180290222167969e-01 5.590584874153137207e-01 3.985109627246856689e-01
1.950000000000000000e+04 3.311581537127494812e-02 5.635904893279075623e-02 4.322656244039535522e-02 2.571744024753570557e-01 5.628601908683776855e-01 4.038376510143280029e-01 3.311581537127494812e-02 5.635904893279075623e-02 4.322656244039535522e-02 2.571744024753570557e-01 5.628601908683776855e-01 4.038376510143280029e-01
1.960000000000000000e+04 3.322724997997283936e-02 5.857237428426742554e-02 4.619994014501571655e-02 2.720934450626373291e-01 6.059442162513732910e-01 4.479739069938659668e-01 3.322724997997283936e-02 5.857237428426742554e-02 4.619994014501571655e-02 2.720934450626373291e-01 6.059442162513732910e-01 4.479739069938659668e-01
1.970000000000000000e+04 2.842377685010433197e-02 5.407870188355445862e-02 4.503462836146354675e-02 2.994383573532104492e-01 6.617158651351928711e-01 5.034574270248413086e-01 2.842377685010433197e-02 5.407870188355445862e-02 4.503462836146354675e-02 2.994383573532104492e-01 6.617158651351928711e-01 5.034574270248413086e-01
1.980000000000000000e+04 6.191530078649520874e-02 5.854594707489013672e-02 4.891084507107734680e-02 3.285340666770935059e-01 7.078855037689208984e-01 5.914931893348693848e-01 6.191530078649520874e-02 5.854594707489013672e-02 4.891084507107734680e-02 3.285340666770935059e-01 7.078855037689208984e-01 5.914931893348693848e-01
1.990000000000000000e+04 3.523483127355575562e-02 5.798857659101486206e-02 4.433762654662132263e-02 2.678780555725097656e-01 5.941351652145385742e-01 4.377879798412322998e-01 3.523483127355575562e-02 5.798857659101486206e-02 4.433762654662132263e-02 2.678780555725097656e-01 5.941351652145385742e-01 4.377879798412322998e-01
2.000000000000000000e+04 3.369987383484840393e-02 5.546321719884872437e-02 3.928751498460769653e-02 2.854044735431671143e-01 6.277658343315124512e-01 4.523708820343017578e-01 3.369987383484840393e-02 5.546321719884872437e-02 3.928751498460769653e-02 2.854044735431671143e-01 6.277658343315124512e-01 4.523708820343017578e-01
2.000000000000000000e+04 3.369987383484840393e-02 5.546321719884872437e-02 3.928751498460769653e-02 2.854044735431671143e-01 6.277658343315124512e-01 4.523708820343017578e-01 3.369987383484840393e-02 5.546321719884872437e-02 3.928751498460769653e-02 2.854044735431671143e-01 6.277658343315124512e-01 4.523708820343017578e-01
2.010000000000000000e+04 3.144824504852294922e-02 5.435751751065254211e-02 4.047288745641708374e-02 2.323795557022094727e-01 4.831887781620025635e-01 3.258495628833770752e-01 3.144824504852294922e-02 5.435751751065254211e-02 4.047288745641708374e-02 2.323795557022094727e-01 4.831887781620025635e-01 3.258495628833770752e-01
2.020000000000000000e+04 3.419142216444015503e-02 5.726871639490127563e-02 4.435489326715469360e-02 2.278429120779037476e-01 4.581177234649658203e-01 3.152647018432617188e-01 3.419142216444015503e-02 5.726871639490127563e-02 4.435489326715469360e-02 2.278429120779037476e-01 4.581177234649658203e-01 3.152647018432617188e-01
2.030000000000000000e+04 3.537011146545410156e-02 5.874732881784439087e-02 4.577686265110969543e-02 2.249484807252883911e-01 4.460368156433105469e-01 3.076667487621307373e-01 3.537011146545410156e-02 5.874732881784439087e-02 4.577686265110969543e-02 2.249484807252883911e-01 4.460368156433105469e-01 3.076667487621307373e-01
2.040000000000000000e+04 3.610905259847640991e-02 5.977432429790496826e-02 4.648221656680107117e-02 2.228665500879287720e-01 4.361866116523742676e-01 3.011925220489501953e-01 3.610905259847640991e-02 5.977432429790496826e-02 4.648221656680107117e-02 2.228665500879287720e-01 4.361866116523742676e-01 3.011925220489501953e-01
2.050000000000000000e+04 3.660583496093750000e-02 6.062021106481552124e-02 4.693275317549705505e-02 2.211691886186599731e-01 4.268610775470733643e-01 2.950714826583862305e-01 3.660583496093750000e-02 6.062021106481552124e-02 4.693275317549705505e-02 2.211691886186599731e-01 4.268610775470733643e-01 2.950714826583862305e-01
2.060000000000000000e+04 3.685513511300086975e-02 6.078176572918891907e-02 4.719001799821853638e-02 2.194475531578063965e-01 4.201105237007141113e-01 2.893456220626831055e-01 3.685513511300086975e-02 6.078176572918891907e-02 4.719001799821853638e-02 2.194475531578063965e-01 4.201105237007141113e-01 2.893456220626831055e-01
2.070000000000000000e+04 3.689462319016456604e-02 6.062467396259307861e-02 4.750044643878936768e-02 2.175479382276535034e-01 4.151543378829956055e-01 2.837236225605010986e-01 3.689462319016456604e-02 6.062467396259307861e-02 4.750044643878936768e-02 2.175479382276535034e-01 4.151543378829956055e-01 2.837236225605010986e-01
2.080000000000000000e+04 3.730188310146331787e-02 6.114544346928596497e-02 4.780848324298858643e-02 2.167475223541259766e-01 4.056681990623474121e-01 2.784018516540527344e-01 3.730188310146331787e-02 6.114544346928596497e-02 4.780848324298858643e-02 2.167475223541259766e-01 4.056681990623474121e-01 2.784018516540527344e-01
2.090000000000000000e+04 3.950673714280128479e-02 6.193060055375099182e-02 5.294792354106903076e-02 2.242904454469680786e-01 4.471582174301147461e-01 3.079329133033752441e-01 3.950673714280128479e-02 6.193060055375099182e-02 5.294792354106903076e-02 2.242904454469680786e-01 4.471582174301147461e-01 3.079329133033752441e-01
2.100000000000000000e+04 3.787260130047798157e-02 6.243689358234405518e-02 4.853032901883125305e-02 2.156971842050552368e-01 3.932770490646362305e-01 2.711969614028930664e-01 3.787260130047798157e-02 6.243689358234405518e-02 4.853032901883125305e-02 2.156971842050552368e-01 3.932770490646362305e-01 2.711969614028930664e-01
2.110000000000000000e+04 3.793801367282867432e-02 6.304083019495010376e-02 4.919673129916191101e-02 2.147517204284667969e-01 3.876673877239227295e-01 2.668530344963073730e-01 3.793801367282867432e-02 6.304083019495010376e-02 4.919673129916191101e-02 2.147517204284667969e-01 3.876673877239227295e-01 2.668530344963073730e-01
2.120000000000000000e+04 3.701751679182052612e-02 6.035171449184417725e-02 4.855986684560775757e-02 2.106401473283767700e-01 3.913709819316864014e-01 2.571053206920623779e-01 3.701751679182052612e-02 6.035171449184417725e-02 4.855986684560775757e-02 2.106401473283767700e-01 3.913709819316864014e-01 2.571053206920623779e-01
2.130000000000000000e+04 3.709321841597557068e-02 6.056264042854309082e-02 4.944347217679023743e-02 2.094182074069976807e-01 3.895913064479827881e-01 2.537844777107238770e-01 3.709321841597557068e-02 6.056264042854309082e-02 4.944347217679023743e-02 2.094182074069976807e-01 3.895913064479827881e-01 2.537844777107238770e-01
2.140000000000000000e+04 3.659201040863990784e-02 6.073307991027832031e-02 4.897645488381385803e-02 2.070608437061309814e-01 3.768084347248077393e-01 2.443866282701492310e-01 3.659201040863990784e-02 6.073307991027832031e-02 4.897645488381385803e-02 2.070608437061309814e-01 3.768084347248077393e-01 2.443866282701492310e-01
2.150000000000000000e+04 3.605173528194427490e-02 6.102456524968147278e-02 4.874390736222267151e-02 2.049902379512786865e-01 3.720405399799346924e-01 2.388659268617630005e-01 3.605173528194427490e-02 6.102456524968147278e-02 4.874390736222267151e-02 2.049902379512786865e-01 3.720405399799346924e-01 2.388659268617630005e-01
2.160000000000000000e+04 3.820545598864555359e-02 6.650321185588836670e-02 5.277510732412338257e-02 2.092334181070327759e-01 3.653494119644165039e-01 2.498901635408401489e-01 3.820545598864555359e-02 6.650321185588836670e-02 5.277510732412338257e-02 2.092334181070327759e-01 3.653494119644165039e-01 2.498901635408401489e-01
2.170000000000000000e+04 3.587088733911514282e-02 6.089568510651588440e-02 4.958046972751617432e-02 2.012665718793869019e-01 3.619536757469177246e-01 2.287708669900894165e-01 3.587088733911514282e-02 6.089568510651588440e-02 4.958046972751617432e-02 2.012665718793869019e-01 3.619536757469177246e-01 2.287708669900894165e-01
2.180000000000000000e+04 3.598294407129287720e-02 6.124073639512062073e-02 5.004557967185974121e-02 1.998238414525985718e-01 3.549707531929016113e-01 2.243925034999847412e-01 3.598294407129287720e-02 6.124073639512062073e-02 5.004557967185974121e-02 1.998238414525985718e-01 3.549707531929016113e-01 2.243925034999847412e-01
2.190000000000000000e+04 3.678108751773834229e-02 6.100801378488540649e-02 5.146948993206024170e-02 2.005239129066467285e-01 3.739093542098999023e-01 2.303591966629028320e-01 3.678108751773834229e-02 6.100801378488540649e-02 5.146948993206024170e-02 2.005239129066467285e-01 3.739093542098999023e-01 2.303591966629028320e-01
2.200000000000000000e+04 3.567436710000038147e-02 6.021410599350929260e-02 5.006969347596168518e-02 1.959869116544723511e-01 3.496898710727691650e-01 2.143000215291976929e-01 3.567436710000038147e-02 6.021410599350929260e-02 5.006969347596168518e-02 1.959869116544723511e-01 3.496898710727691650e-01 2.143000215291976929e-01
2.210000000000000000e+04 3.625538945198059082e-02 6.205470860004425049e-02 5.148484185338020325e-02 1.966412663459777832e-01 3.420758843421936035e-01 2.154073268175125122e-01 3.625538945198059082e-02 6.205470860004425049e-02 5.148484185338020325e-02 1.966412663459777832e-01 3.420758843421936035e-01 2.154073268175125122e-01
2.220000000000000000e+04 3.552634268999099731e-02 5.951158702373504639e-02 4.993806034326553345e-02 1.928844749927520752e-01 3.475692570209503174e-01 2.061774581670761108e-01 3.552634268999099731e-02 5.951158702373504639e-02 4.993806034326553345e-02 1.928844749927520752e-01 3.475692570209503174e-01 2.061774581670761108e-01
2.230000000000000000e+04 3.541500121355056763e-02 5.963817611336708069e-02 5.033088847994804382e-02 1.911701411008834839e-01 3.384307920932769775e-01 2.007544189691543579e-01 3.541500121355056763e-02 5.963817611336708069e-02 5.033088847994804382e-02 1.911701411008834839e-01 3.384307920932769775e-01 2.007544189691543579e-01
2.240000000000000000e+04 3.552116453647613525e-02 5.985198169946670532e-02 5.077895149588584900e-02 1.904364079236984253e-01 3.329791724681854248e-01 1.977291852235794067e-01 3.552116453647613525e-02 5.985198169946670532e-02 5.077895149588584900e-02 1.904364079236984253e-01 3.329791724681854248e-01 1.977291852235794067e-01
2.250000000000000000e+04 3.525327146053314209e-02 5.925588309764862061e-02 5.040815845131874084e-02 1.883735060691833496e-01 3.324733376502990723e-01 1.925783455371856689e-01 3.525327146053314209e-02 5.925588309764862061e-02 5.040815845131874084e-02 1.883735060691833496e-01 3.324733376502990723e-01 1.925783455371856689e-01
2.260000000000000000e+04 3.528678789734840393e-02 5.860951542854309082e-02 5.008260905742645264e-02 1.873090416193008423e-01 3.351546525955200195e-01 1.897385269403457642e-01 3.528678789734840393e-02 5.860951542854309082e-02 5.008260905742645264e-02 1.873090416193008423e-01 3.351546525955200195e-01 1.897385269403457642e-01
2.270000000000000000e+04 3.571277484297752380e-02 5.944178998470306396e-02 5.118299648165702820e-02 1.880925744771957397e-01 3.252858817577362061e-01 1.898413449525833130e-01 3.571277484297752380e-02 5.944178998470306396e-02 5.118299648165702820e-02 1.880925744771957397e-01 3.252858817577362061e-01 1.898413449525833130e-01
2.280000000000000000e+04 3.537539765238761902e-02 5.980427563190460205e-02 5.145075917243957520e-02 1.855191886425018311e-01 3.205474913120269775e-01 1.834242045879364014e-01 3.537539765238761902e-02 5.980427563190460205e-02 5.145075917243957520e-02 1.855191886425018311e-01 3.205474913120269775e-01 1.834242045879364014e-01
2.290000000000000000e+04 3.526457399129867554e-02 5.945454910397529602e-02 5.140518024563789368e-02 1.843049675226211548e-01 3.181020319461822510e-01 1.796364337205886841e-01 3.526457399129867554e-02 5.945454910397529602e-02 5.140518024563789368e-02 1.843049675226211548e-01 3.181020319461822510e-01 1.796364337205886841e-01
2.300000000000000000e+04 3.478405624628067017e-02 5.788728222250938416e-02 5.025109276175498962e-02 1.823271214962005615e-01 3.198750913143157959e-01 1.738653928041458130e-01 3.478405624628067017e-02 5.788728222250938416e-02 5.025109276175498962e-02 1.823271214962005615e-01 3.198750913143157959e-01 1.738653928041458130e-01
2.310000000000000000e+04 3.468313068151473999e-02 5.762268602848052979e-02 5.028356984257698059e-02 1.812624186277389526e-01 3.173149824142456055e-01 1.704710572957992554e-01 3.468313068151473999e-02 5.762268602848052979e-02 5.028356984257698059e-02 1.812624186277389526e-01 3.173149824142456055e-01 1.704710572957992554e-01
2.320000000000000000e+04 3.463134914636611938e-02 5.772357806563377380e-02 5.062374100089073181e-02 1.805341392755508423e-01 3.129373788833618164e-01 1.678804904222488403e-01 3.463134914636611938e-02 5.772357806563377380e-02 5.062374100089073181e-02 1.805341392755508423e-01 3.129373788833618164e-01 1.678804904222488403e-01
2.330000000000000000e+04 3.743636980652809143e-02 6.481213867664337158e-02 5.697743967175483704e-02 1.859482973814010620e-01 3.120717108249664307e-01 1.856169551610946655e-01 3.743636980652809143e-02 6.481213867664337158e-02 5.697743967175483704e-02 1.859482973814010620e-01 3.120717108249664307e-01 1.856169551610946655e-01
2.340000000000000000e+04 3.428413346409797668e-02 5.649486556649208069e-02 4.985083639621734619e-02 1.790414452552795410e-01 3.192467987537384033e-01 1.636146306991577148e-01 3.428413346409797668e-02 5.649486556649208069e-02 4.985083639621734619e-02 1.790414452552795410e-01 3.192467987537384033e-01 1.636146306991577148e-01
2.350000000000000000e+04 3.636574745178222656e-02 6.116526201367378235e-02 5.520424246788024902e-02 1.832344084978103638e-01 3.080122172832489014e-01 1.775968074798583984e-01 3.636574745178222656e-02 6.116526201367378235e-02 5.520424246788024902e-02 1.832344084978103638e-01 3.080122172832489014e-01 1.775968074798583984e-01
2.360000000000000000e+04 3.437911719083786011e-02 5.730963870882987976e-02 5.150832235813140869e-02 1.777456700801849365e-01 3.032173216342926025e-01 1.589254587888717651e-01 3.437911719083786011e-02 5.730963870882987976e-02 5.150832235813140869e-02 1.777456700801849365e-01 3.032173216342926025e-01 1.589254587888717651e-01
2.370000000000000000e+04 3.386256098747253418e-02 5.579997971653938293e-02 5.032715201377868652e-02 1.756484061479568481e-01 3.040560185909271240e-01 1.531226336956024170e-01 3.386256098747253418e-02 5.579997971653938293e-02 5.032715201377868652e-02 1.756484061479568481e-01 3.040560185909271240e-01 1.531226336956024170e-01
2.380000000000000000e+04 3.372791409492492676e-02 5.556158721446990967e-02 5.046159774065017700e-02 1.751161217689514160e-01 3.014913201332092285e-01 1.512214839458465576e-01 3.372791409492492676e-02 5.556158721446990967e-02 5.046159774065017700e-02 1.751161217689514160e-01 3.014913201332092285e-01 1.512214839458465576e-01
2.390000000000000000e+04 3.355510532855987549e-02 5.501433461904525757e-02 5.022884532809257507e-02 1.740958988666534424e-01 3.023167252540588379e-01 1.486967504024505615e-01 3.355510532855987549e-02 5.501433461904525757e-02 5.022884532809257507e-02 1.740958988666534424e-01 3.023167252540588379e-01 1.486967504024505615e-01
2.400000000000000000e+04 3.350075706839561462e-02 5.491256341338157654e-02 5.031089857220649719e-02 1.735491007566452026e-01 2.982453405857086182e-01 1.469819694757461548e-01 3.350075706839561462e-02 5.491256341338157654e-02 5.031089857220649719e-02 1.735491007566452026e-01 2.982453405857086182e-01 1.469819694757461548e-01
2.410000000000000000e+04 3.335998952388763428e-02 5.471856147050857544e-02 5.048613622784614563e-02 1.729758977890014648e-01 2.961069941520690918e-01 1.453527659177780151e-01 3.335998952388763428e-02 5.471856147050857544e-02 5.048613622784614563e-02 1.729758977890014648e-01 2.961069941520690918e-01 1.453527659177780151e-01
2.420000000000000000e+04 3.295356407761573792e-02 5.389779433608055115e-02 4.959796369075775146e-02 1.721521914005279541e-01 2.989625334739685059e-01 1.431024819612503052e-01 3.295356407761573792e-02 5.389779433608055115e-02 4.959796369075775146e-02 1.721521914005279541e-01 2.989625334739685059e-01 1.431024819612503052e-01
2.430000000000000000e+04 3.325870633125305176e-02 5.443553999066352844e-02 5.078197643160820007e-02 1.719847768545150757e-01 2.920751869678497314e-01 1.428130567073822021e-01 3.325870633125305176e-02 5.443553999066352844e-02 5.078197643160820007e-02 1.719847768545150757e-01 2.920751869678497314e-01 1.428130567073822021e-01
2.440000000000000000e+04 3.382912278175354004e-02 5.553560331463813782e-02 5.199776589870452881e-02 1.723268777132034302e-01 2.896718978881835938e-01 1.452924460172653198e-01 3.382912278175354004e-02 5.553560331463813782e-02 5.199776589870452881e-02 1.723268777132034302e-01 2.896718978881835938e-01 1.452924460172653198e-01
2.450000000000000000e+04 3.272294625639915466e-02 5.344178155064582825e-02 4.975002259016036987e-02 1.711761057376861572e-01 3.025519847869873047e-01 1.415263414382934570e-01 3.272294625639915466e-02 5.344178155064582825e-02 4.975002259016036987e-02 1.711761057376861572e-01 3.025519847869873047e-01 1.415263414382934570e-01
2.460000000000000000e+04 3.367173299193382263e-02 5.518448352813720703e-02 5.216208845376968384e-02 1.716910749673843384e-01 2.871713340282440186e-01 1.443062424659729004e-01 3.367173299193382263e-02 5.518448352813720703e-02 5.216208845376968384e-02 1.716910749673843384e-01 2.871713340282440186e-01 1.443062424659729004e-01
2.470000000000000000e+04 3.298965841531753540e-02 5.349455401301383972e-02 5.090215057134628296e-02 1.695583909749984741e-01 2.856440246105194092e-01 1.375769376754760742e-01 3.298965841531753540e-02 5.349455401301383972e-02 5.090215057134628296e-02 1.695583909749984741e-01 2.856440246105194092e-01 1.375769376754760742e-01
2.480000000000000000e+04 3.205735981464385986e-02 5.204565823078155518e-02 4.943259060382843018e-02 1.680672168731689453e-01 2.892434895038604736e-01 1.330594122409820557e-01 3.205735981464385986e-02 5.204565823078155518e-02 4.943259060382843018e-02 1.680672168731689453e-01 2.892434895038604736e-01 1.330594122409820557e-01
2.490000000000000000e+04 3.197420760989189148e-02 5.177688971161842346e-02 4.949965327978134155e-02 1.675148606300354004e-01 2.863120734691619873e-01 1.317056119441986084e-01 3.197420760989189148e-02 5.177688971161842346e-02 4.949965327978134155e-02 1.675148606300354004e-01 2.863120734691619873e-01 1.317056119441986084e-01
2.500000000000000000e+04 3.144525736570358276e-02 5.247681587934494019e-02 4.941516369581222534e-02 1.672873049974441528e-01 2.847561240196228027e-01 1.322821974754333496e-01 3.144525736570358276e-02 5.247681587934494019e-02 4.941516369581222534e-02 1.672873049974441528e-01 2.847561240196228027e-01 1.322821974754333496e-01
2.510000000000000000e+04 3.156174719333648682e-02 5.112419277429580688e-02 4.914206638932228088e-02 1.663387715816497803e-01 2.867636382579803467e-01 1.294832527637481689e-01 3.156174719333648682e-02 5.112419277429580688e-02 4.914206638932228088e-02 1.663387715816497803e-01 2.867636382579803467e-01 1.294832527637481689e-01
2.520000000000000000e+04 3.176896274089813232e-02 5.087780952453613281e-02 4.972178861498832703e-02 1.657956093549728394e-01 2.812054753303527832e-01 1.280744075775146484e-01 3.176896274089813232e-02 5.087780952453613281e-02 4.972178861498832703e-02 1.657956093549728394e-01 2.812054753303527832e-01 1.280744075775146484e-01
2.530000000000000000e+04 3.142223879694938660e-02 5.046989396214485168e-02 4.916339740157127380e-02 1.651668697595596313e-01 2.815807461738586426e-01 1.265928596258163452e-01 3.142223879694938660e-02 5.046989396214485168e-02 4.916339740157127380e-02 1.651668697595596313e-01 2.815807461738586426e-01 1.265928596258163452e-01
2.540000000000000000e+04 3.146287053823471069e-02 5.057171359658241272e-02 4.913707077503204346e-02 1.648532301187515259e-01 2.840931415557861328e-01 1.262491494417190552e-01 3.146287053823471069e-02 5.057171359658241272e-02 4.913707077503204346e-02 1.648532301187515259e-01 2.840931415557861328e-01 1.262491494417190552e-01
2.550000000000000000e+04 3.119502030313014984e-02 4.973905161023139954e-02 4.877758026123046875e-02 1.644460707902908325e-01 2.788944542407989502e-01 1.247291415929794312e-01 3.119502030313014984e-02 4.973905161023139954e-02 4.877758026123046875e-02 1.644460707902908325e-01 2.788944542407989502e-01 1.247291415929794312e-01
2.560000000000000000e+04 3.425989300012588501e-02 5.535184219479560852e-02 5.445976182818412781e-02 1.686492562294006348e-01 2.765623331069946289e-01 1.427769958972930908e-01 3.425989300012588501e-02 5.535184219479560852e-02 5.445976182818412781e-02 1.686492562294006348e-01 2.765623331069946289e-01 1.427769958972930908e-01
2.570000000000000000e+04 3.123639151453971863e-02 4.948778077960014343e-02 4.935609176754951477e-02 1.633941531181335449e-01 2.745516300201416016e-01 1.233329996466636658e-01 3.123639151453971863e-02 4.948778077960014343e-02 4.935609176754951477e-02 1.633941531181335449e-01 2.745516300201416016e-01 1.233329996466636658e-01
2.580000000000000000e+04 3.071434050798416138e-02 4.891140386462211609e-02 4.868765920400619507e-02 1.626829206943511963e-01 2.760341763496398926e-01 1.213568449020385742e-01 3.071434050798416138e-02 4.891140386462211609e-02 4.868765920400619507e-02 1.626829206943511963e-01 2.760341763496398926e-01 1.213568449020385742e-01
2.590000000000000000e+04 3.095305711030960083e-02 4.907427728176116943e-02 4.919439926743507385e-02 1.623874157667160034e-01 2.722966372966766357e-01 1.219852566719055176e-01 3.095305711030960083e-02 4.907427728176116943e-02 4.919439926743507385e-02 1.623874157667160034e-01 2.722966372966766357e-01 1.219852566719055176e-01
2.600000000000000000e+04 3.096363507211208344e-02 4.850303009152412415e-02 4.907421022653579712e-02 1.618951112031936646e-01 2.715553641319274902e-01 1.201703920960426331e-01 3.096363507211208344e-02 4.850303009152412415e-02 4.907421022653579712e-02 1.618951112031936646e-01 2.715553641319274902e-01 1.201703920960426331e-01
2.610000000000000000e+04 3.069647774100303650e-02 4.803428798913955688e-02 4.889995604753494263e-02 1.613457053899765015e-01 2.734517753124237061e-01 1.186220422387123108e-01 3.069647774100303650e-02 4.803428798913955688e-02 4.889995604753494263e-02 1.613457053899765015e-01 2.734517753124237061e-01 1.186220422387123108e-01
2.620000000000000000e+04 3.117066808044910431e-02 4.843215644359588623e-02 4.962694272398948669e-02 1.614316999912261963e-01 2.680039405822753906e-01 1.199265643954277039e-01 3.117066808044910431e-02 4.843215644359588623e-02 4.962694272398948669e-02 1.614316999912261963e-01 2.680039405822753906e-01 1.199265643954277039e-01
2.630000000000000000e+04 3.073681890964508057e-02 4.762355983257293701e-02 4.896824434399604797e-02 1.607502102851867676e-01 2.685366272926330566e-01 1.174709051847457886e-01 3.073681890964508057e-02 4.762355983257293701e-02 4.896824434399604797e-02 1.607502102851867676e-01 2.685366272926330566e-01 1.174709051847457886e-01
2.640000000000000000e+04 3.140382468700408936e-02 4.865544661879539490e-02 5.044130235910415649e-02 1.613968759775161743e-01 2.652964293956756592e-01 1.212272793054580688e-01 3.140382468700408936e-02 4.865544661879539490e-02 5.044130235910415649e-02 1.613968759775161743e-01 2.652964293956756592e-01 1.212272793054580688e-01
2.650000000000000000e+04 3.061242774128913879e-02 4.721510037779808044e-02 4.882992804050445557e-02 1.599784493446350098e-01 2.660318911075592041e-01 1.162527650594711304e-01 3.061242774128913879e-02 4.721510037779808044e-02 4.882992804050445557e-02 1.599784493446350098e-01 2.660318911075592041e-01 1.162527650594711304e-01
2.660000000000000000e+04 3.078592009842395782e-02 4.831852391362190247e-02 4.855288565158843994e-02 1.621629595756530762e-01 2.841928601264953613e-01 1.236649826169013977e-01 3.078592009842395782e-02 4.831852391362190247e-02 4.855288565158843994e-02 1.621629595756530762e-01 2.841928601264953613e-01 1.236649826169013977e-01
2.670000000000000000e+04 3.055821172893047333e-02 4.691488295793533325e-02 4.880708828568458557e-02 1.590969115495681763e-01 2.638635933399200439e-01 1.152862012386322021e-01 3.055821172893047333e-02 4.691488295793533325e-02 4.880708828568458557e-02 1.590969115495681763e-01 2.638635933399200439e-01 1.152862012386322021e-01
2.680000000000000000e+04 3.090228140354156494e-02 4.803336039185523987e-02 5.050896480679512024e-02 1.607695817947387695e-01 2.620229423046112061e-01 1.211877390742301941e-01 3.090228140354156494e-02 4.803336039185523987e-02 5.050896480679512024e-02 1.607695817947387695e-01 2.620229423046112061e-01 1.211877390742301941e-01
2.690000000000000000e+04 2.984679304063320160e-02 4.648729786276817322e-02 4.759907722473144531e-02 1.590163409709930420e-01 2.724945545196533203e-01 1.147279813885688782e-01 2.984679304063320160e-02 4.648729786276817322e-02 4.759907722473144531e-02 1.590163409709930420e-01 2.724945545196533203e-01 1.147279813885688782e-01
2.700000000000000000e+04 3.036723658442497253e-02 4.608211666345596313e-02 4.874597862362861633e-02 1.583667993545532227e-01 2.606541812419891357e-01 1.133722662925720215e-01 3.036723658442497253e-02 4.608211666345596313e-02 4.874597862362861633e-02 1.583667993545532227e-01 2.606541812419891357e-01 1.133722662925720215e-01
2.710000000000000000e+04 3.022310696542263031e-02 4.574520885944366455e-02 4.872546344995498657e-02 1.579167842864990234e-01 2.597138583660125732e-01 1.122146993875503540e-01 3.022310696542263031e-02 4.574520885944366455e-02 4.872546344995498657e-02 1.579167842864990234e-01 2.597138583660125732e-01 1.122146993875503540e-01
2.720000000000000000e+04 3.001301735639572144e-02 4.514013230800628662e-02 4.841116070747375488e-02 1.575102806091308594e-01 2.598814964294433594e-01 1.105662807822227478e-01 3.001301735639572144e-02 4.514013230800628662e-02 4.841116070747375488e-02 1.575102806091308594e-01 2.598814964294433594e-01 1.105662807822227478e-01
2.730000000000000000e+04 3.031991422176361084e-02 4.785600304603576660e-02 4.705883190035820007e-02 1.608583629131317139e-01 2.832218706607818604e-01 1.212749332189559937e-01 3.031991422176361084e-02 4.785600304603576660e-02 4.705883190035820007e-02 1.608583629131317139e-01 2.832218706607818604e-01 1.212749332189559937e-01
2.740000000000000000e+04 2.976368926465511322e-02 4.510542750358581543e-02 4.792489856481552124e-02 1.567209810018539429e-01 2.640554606914520264e-01 1.100546568632125854e-01 2.976368926465511322e-02 4.510542750358581543e-02 4.792489856481552124e-02 1.567209810018539429e-01 2.640554606914520264e-01 1.100546568632125854e-01
2.750000000000000000e+04 2.977163344621658325e-02 4.470338672399520874e-02 4.807796329259872437e-02 1.561647653579711914e-01 2.576916515827178955e-01 1.085918173193931580e-01 2.977163344621658325e-02 4.470338672399520874e-02 4.807796329259872437e-02 1.561647653579711914e-01 2.576916515827178955e-01 1.085918173193931580e-01
2.760000000000000000e+04 2.973558008670806885e-02 4.451382532715797424e-02 4.808405786752700806e-02 1.560216993093490601e-01 2.565236687660217285e-01 1.082440391182899475e-01 2.973558008670806885e-02 4.451382532715797424e-02 4.808405786752700806e-02 1.560216993093490601e-01 2.565236687660217285e-01 1.082440391182899475e-01
2.770000000000000000e+04 2.956853620707988739e-02 4.415057972073554993e-02 4.733994603157043457e-02 1.558143645524978638e-01 2.604557871818542480e-01 1.077500283718109131e-01 2.956853620707988739e-02 4.415057972073554993e-02 4.733994603157043457e-02 1.558143645524978638e-01 2.604557871818542480e-01 1.077500283718109131e-01
2.780000000000000000e+04 3.090092726051807404e-02 4.674197360873222351e-02 4.961428791284561157e-02 1.577709317207336426e-01 2.553937435150146484e-01 1.178207546472549438e-01 3.090092726051807404e-02 4.674197360873222351e-02 4.961428791284561157e-02 1.577709317207336426e-01 2.553937435150146484e-01 1.178207546472549438e-01
2.790000000000000000e+04 3.366447612643241882e-02 5.322933569550514221e-02 5.521634966135025024e-02 1.641275435686111450e-01 2.610245048999786377e-01 1.437290459871292114e-01 3.366447612643241882e-02 5.322933569550514221e-02 5.521634966135025024e-02 1.641275435686111450e-01 2.610245048999786377e-01 1.437290459871292114e-01
2.800000000000000000e+04 2.945539914071559906e-02 4.379084706306457520e-02 4.765266552567481995e-02 1.546282023191452026e-01 2.540952563285827637e-01 1.057602241635322571e-01 2.945539914071559906e-02 4.379084706306457520e-02 4.765266552567481995e-02 1.546282023191452026e-01 2.540952563285827637e-01 1.057602241635322571e-01
2.810000000000000000e+04 2.946399711072444916e-02 4.368447139859199524e-02 4.773119091987609863e-02 1.545090079307556152e-01 2.525941133499145508e-01 1.056554391980171204e-01 2.946399711072444916e-02 4.368447139859199524e-02 4.773119091987609863e-02 1.545090079307556152e-01 2.525941133499145508e-01 1.056554391980171204e-01
2.820000000000000000e+04 2.950874529778957367e-02 4.362091422080993652e-02 4.782741516828536987e-02 1.545719653367996216e-01 2.513164579868316650e-01 1.058270484209060669e-01 2.950874529778957367e-02 4.362091422080993652e-02 4.782741516828536987e-02 1.545719653367996216e-01 2.513164579868316650e-01 1.058270484209060669e-01
2.830000000000000000e+04 3.016269765794277191e-02 4.504148662090301514e-02 4.856166243553161621e-02 1.549523919820785522e-01 2.504278421401977539e-01 1.098274365067481995e-01 3.016269765794277191e-02 4.504148662090301514e-02 4.856166243553161621e-02 1.549523919820785522e-01 2.504278421401977539e-01 1.098274365067481995e-01
2.840000000000000000e+04 2.936898916959762573e-02 4.425306618213653564e-02 4.934486746788024902e-02 1.551137715578079224e-01 2.491843551397323608e-01 1.071293056011199951e-01 2.936898916959762573e-02 4.425306618213653564e-02 4.934486746788024902e-02 1.551137715578079224e-01 2.491843551397323608e-01 1.071293056011199951e-01
2.850000000000000000e+04 2.940839715301990509e-02 4.342019185423851013e-02 4.785334691405296326e-02 1.535254865884780884e-01 2.488029599189758301e-01 1.046161800622940063e-01 2.940839715301990509e-02 4.342019185423851013e-02 4.785334691405296326e-02 1.535254865884780884e-01 2.488029599189758301e-01 1.046161800622940063e-01
2.860000000000000000e+04 2.914672344923019409e-02 4.293204471468925476e-02 4.728152230381965637e-02 1.529103070497512817e-01 2.496819794178009033e-01 1.028125882148742676e-01 2.914672344923019409e-02 4.293204471468925476e-02 4.728152230381965637e-02 1.529103070497512817e-01 2.496819794178009033e-01 1.028125882148742676e-01
2.870000000000000000e+04 2.912549488246440887e-02 4.290814325213432312e-02 4.736971482634544373e-02 1.529278010129928589e-01 2.483338862657546997e-01 1.030195876955986023e-01 2.912549488246440887e-02 4.290814325213432312e-02 4.736971482634544373e-02 1.529278010129928589e-01 2.483338862657546997e-01 1.030195876955986023e-01
2.880000000000000000e+04 2.946202829480171204e-02 4.480023309588432312e-02 4.520372301340103149e-02 1.562396585941314697e-01 2.678944766521453857e-01 1.100006848573684692e-01 2.946202829480171204e-02 4.480023309588432312e-02 4.520372301340103149e-02 1.562396585941314697e-01 2.678944766521453857e-01 1.100006848573684692e-01
2.890000000000000000e+04 2.898383699357509613e-02 4.257762059569358826e-02 4.709339514374732971e-02 1.521241515874862671e-01 2.476653456687927246e-01 1.015325710177421570e-01 2.898383699357509613e-02 4.257762059569358826e-02 4.709339514374732971e-02 1.521241515874862671e-01 2.476653456687927246e-01 1.015325710177421570e-01
2.900000000000000000e+04 2.882095612585544586e-02 4.239150881767272949e-02 4.636088386178016663e-02 1.518698781728744507e-01 2.505947351455688477e-01 1.010028421878814697e-01 2.882095612585544586e-02 4.239150881767272949e-02 4.636088386178016663e-02 1.518698781728744507e-01 2.505947351455688477e-01 1.010028421878814697e-01
2.910000000000000000e+04 3.618851304054260254e-02 5.669279024004936218e-02 5.979514494538307190e-02 1.705082952976226807e-01 3.245001733303070068e-01 1.740164160728454590e-01 3.618851304054260254e-02 5.669279024004936218e-02 5.979514494538307190e-02 1.705082952976226807e-01 3.245001733303070068e-01 1.740164160728454590e-01
2.920000000000000000e+04 2.881383895874023438e-02 4.223111271858215332e-02 4.687375947833061218e-02 1.513192802667617798e-01 2.460324317216873169e-01 1.001621633768081665e-01 2.881383895874023438e-02 4.223111271858215332e-02 4.687375947833061218e-02 1.513192802667617798e-01 2.460324317216873169e-01 1.001621633768081665e-01
2.930000000000000000e+04 2.870791405439376831e-02 4.190322384238243103e-02 4.648084193468093872e-02 1.512224674224853516e-01 2.469716370105743408e-01 9.942156076431274414e-02 2.870791405439376831e-02 4.190322384238243103e-02 4.648084193468093872e-02 1.512224674224853516e-01 2.469716370105743408e-01 9.942156076431274414e-02
2.940000000000000000e+04 2.842055633664131165e-02 4.203593730926513672e-02 4.399672523140907288e-02 1.523410230875015259e-01 2.481864690780639648e-01 1.027372777462005615e-01 2.842055633664131165e-02 4.203593730926513672e-02 4.399672523140907288e-02 1.523410230875015259e-01 2.481864690780639648e-01 1.027372777462005615e-01
2.950000000000000000e+04 2.865627966821193695e-02 4.193178191781044006e-02 4.670858383178710938e-02 1.505401134490966797e-01 2.442438900470733643e-01 9.895110875368118286e-02 2.865627966821193695e-02 4.193178191781044006e-02 4.670858383178710938e-02 1.505401134490966797e-01 2.442438900470733643e-01 9.895110875368118286e-02
2.960000000000000000e+04 2.856171131134033203e-02 4.164205491542816162e-02 4.660041630268096924e-02 1.504918634891510010e-01 2.440988123416900635e-01 9.840717166662216187e-02 2.856171131134033203e-02 4.164205491542816162e-02 4.660041630268096924e-02 1.504918634891510010e-01 2.440988123416900635e-01 9.840717166662216187e-02
2.970000000000000000e+04 3.068767301738262177e-02 4.778848960995674133e-02 5.104548484086990356e-02 1.559085100889205933e-01 2.503930926322937012e-01 1.275880932807922363e-01 3.068767301738262177e-02 4.778848960995674133e-02 5.104548484086990356e-02 1.559085100889205933e-01 2.503930926322937012e-01 1.275880932807922363e-01
2.980000000000000000e+04 2.847160398960113525e-02 4.159634932875633240e-02 4.648266360163688660e-02 1.498102098703384399e-01 2.428358197212219238e-01 9.770017862319946289e-02 2.847160398960113525e-02 4.159634932875633240e-02 4.648266360163688660e-02 1.498102098703384399e-01 2.428358197212219238e-01 9.770017862319946289e-02
2.990000000000000000e+04 2.860351651906967163e-02 4.145273193717002869e-02 4.666586965322494507e-02 1.500897705554962158e-01 2.413546890020370483e-01 9.824541211128234863e-02 2.860351651906967163e-02 4.145273193717002869e-02 4.666586965322494507e-02 1.500897705554962158e-01 2.413546890020370483e-01 9.824541211128234863e-02
3.000000000000000000e+04 2.835034765303134918e-02 4.139573499560356140e-02 4.626696556806564331e-02 1.492076963186264038e-01 2.426807582378387451e-01 9.670761227607727051e-02 2.835034765303134918e-02 4.139573499560356140e-02 4.626696556806564331e-02 1.492076963186264038e-01 2.426807582378387451e-01 9.670761227607727051e-02
