# step, loss_train, loss_test, metrics_test
0.000000000000000000e+00 1.361854956485331059e-04 1.207844907185062766e-04 5.775527097284793854e-04 9.522656440734863281e+00 7.375569641590118408e-02 1.951487958431243896e-01 1.361854956485331059e-04 1.207844907185062766e-04 5.775527097284793854e-04 9.522656440734863281e+00 7.375569641590118408e-02 1.951487958431243896e-01
1.000000000000000000e+02 9.526046924293041229e-04 1.364363916218280792e-02 3.883103199768811464e-04 4.420993924140930176e-01 8.284462615847587585e-03 1.065528988838195801e-01 9.526046924293041229e-04 1.364363916218280792e-02 3.883103199768811464e-04 4.420993924140930176e-01 8.284462615847587585e-03 1.065528988838195801e-01
2.000000000000000000e+02 6.937259808182716370e-03 1.993402652442455292e-02 4.803256131708621979e-03 2.048744708299636841e-01 8.336455561220645905e-03 3.682135418057441711e-02 6.937259808182716370e-03 1.993402652442455292e-02 4.803256131708621979e-03 2.048744708299636841e-01 8.336455561220645905e-03 3.682135418057441711e-02
3.000000000000000000e+02 1.763262087479233742e-03 6.890739779919385910e-03 3.716074628755450249e-03 6.638129055500030518e-02 7.038654293864965439e-03 1.656359247863292694e-02 1.763262087479233742e-03 6.890739779919385910e-03 3.716074628755450249e-03 6.638129055500030518e-02 7.038654293864965439e-03 1.656359247863292694e-02
4.000000000000000000e+02 1.529382774606347084e-03 4.678064491599798203e-03 1.841859892010688782e-03 2.486497722566127777e-02 2.771019237115979195e-03 4.414980299770832062e-03 1.529382774606347084e-03 4.678064491599798203e-03 1.841859892010688782e-03 2.486497722566127777e-02 2.771019237115979195e-03 4.414980299770832062e-03
5.000000000000000000e+02 9.535590652376413345e-04 3.016590140759944916e-03 1.213622977957129478e-03 1.887343265116214752e-02 2.037272788584232330e-03 3.047944279387593269e-03 9.535590652376413345e-04 3.016590140759944916e-03 1.213622977957129478e-03 1.887343265116214752e-02 2.037272788584232330e-03 3.047944279387593269e-03
6.000000000000000000e+02 6.212791777215898037e-04 2.325259149074554443e-03 7.227708119899034500e-04 1.910821348428726196e-02 1.638535992242395878e-03 3.274421673268079758e-03 6.212791777215898037e-04 2.325259149074554443e-03 7.227708119899034500e-04 1.910821348428726196e-02 1.638535992242395878e-03 3.274421673268079758e-03
7.000000000000000000e+02 5.410559242591261864e-04 2.021679421886801720e-03 5.299944314174354076e-04 1.142098102718591690e-02 1.219271565787494183e-03 1.840511569753289223e-03 5.410559242591261864e-04 2.021679421886801720e-03 5.299944314174354076e-04 1.142098102718591690e-02 1.219271565787494183e-03 1.840511569753289223e-03
8.000000000000000000e+02 4.715426766779273748e-04 1.982045825570821762e-03 4.029942210763692856e-04 1.517461054027080536e-02 1.203747000545263290e-03 2.890594070777297020e-03 4.715426766779273748e-04 1.982045825570821762e-03 4.029942210763692856e-04 1.517461054027080536e-02 1.203747000545263290e-03 2.890594070777297020e-03
9.000000000000000000e+02 4.757966089528053999e-04 1.781496452167630196e-03 3.725346759893000126e-04 1.006905175745487213e-02 9.959376184269785881e-04 1.709020696580410004e-03 4.757966089528053999e-04 1.781496452167630196e-03 3.725346759893000126e-04 1.006905175745487213e-02 9.959376184269785881e-04 1.709020696580410004e-03
1.000000000000000000e+03 5.132924998179078102e-04 1.606739708222448826e-03 3.594643494579941034e-04 7.617932744324207306e-03 8.230467210523784161e-04 1.335935550741851330e-03 5.132924998179078102e-04 1.606739708222448826e-03 3.594643494579941034e-04 7.617932744324207306e-03 8.230467210523784161e-04 1.335935550741851330e-03
1.100000000000000000e+03 5.297728930599987507e-04 1.562693621963262558e-03 3.560720069799572229e-04 1.033940445631742477e-02 8.153122616931796074e-04 2.454377943649888039e-03 5.297728930599987507e-04 1.562693621963262558e-03 3.560720069799572229e-04 1.033940445631742477e-02 8.153122616931796074e-04 2.454377943649888039e-03
1.200000000000000000e+03 4.446677339728921652e-04 1.383701455779373646e-03 2.953186631202697754e-04 5.539437755942344666e-03 7.825723150745034218e-04 1.171674113720655441e-03 4.446677339728921652e-04 1.383701455779373646e-03 2.953186631202697754e-04 5.539437755942344666e-03 7.825723150745034218e-04 1.171674113720655441e-03
1.300000000000000000e+03 4.309664655011147261e-04 1.274136593565344810e-03 2.924788859672844410e-04 3.323534037917852402e-03 6.746237049810588360e-04 8.027965086512267590e-04 4.309664655011147261e-04 1.274136593565344810e-03 2.924788859672844410e-04 3.323534037917852402e-03 6.746237049810588360e-04 8.027965086512267590e-04
1.400000000000000000e+03 3.836354590021073818e-04 1.191048882901668549e-03 2.560456341598182917e-04 5.509573966264724731e-03 7.202066481113433838e-04 1.514416071586310863e-03 3.836354590021073818e-04 1.191048882901668549e-03 2.560456341598182917e-04 5.509573966264724731e-03 7.202066481113433838e-04 1.514416071586310863e-03
1.500000000000000000e+03 4.007681272923946381e-04 1.104398281313478947e-03 2.692629059311002493e-04 3.014507004991173744e-03 5.140296998433768749e-04 1.077512977644801140e-03 4.007681272923946381e-04 1.104398281313478947e-03 2.692629059311002493e-04 3.014507004991173744e-03 5.140296998433768749e-04 1.077512977644801140e-03
1.600000000000000000e+03 3.855018585454672575e-04 9.916892740875482559e-04 2.422087127342820168e-04 1.973864622414112091e-03 4.441037017386406660e-04 7.873883005231618881e-04 3.855018585454672575e-04 9.916892740875482559e-04 2.422087127342820168e-04 1.973864622414112091e-03 4.441037017386406660e-04 7.873883005231618881e-04
1.700000000000000000e+03 3.488129877950996161e-04 9.127148659899830818e-04 2.126868057530373335e-04 1.260274788364768028e-03 4.103235260117799044e-04 5.559903220273554325e-04 3.488129877950996161e-04 9.127148659899830818e-04 2.126868057530373335e-04 1.260274788364768028e-03 4.103235260117799044e-04 5.559903220273554325e-04
1.800000000000000000e+03 3.592223220039159060e-04 8.326325332745909691e-04 2.046238805633038282e-04 2.042501932010054588e-03 3.246479027438908815e-04 7.196497754193842411e-04 3.592223220039159060e-04 8.326325332745909691e-04 2.046238805633038282e-04 2.042501932010054588e-03 3.246479027438908815e-04 7.196497754193842411e-04
1.900000000000000000e+03 3.079501911997795105e-04 7.836252334527671337e-04 1.611842308193445206e-04 3.285377286374568939e-03 3.610118001233786345e-04 9.839779231697320938e-04 3.079501911997795105e-04 7.836252334527671337e-04 1.611842308193445206e-04 3.285377286374568939e-03 3.610118001233786345e-04 9.839779231697320938e-04
2.000000000000000000e+03 2.880139509215950966e-04 6.966099608689546585e-04 1.637048117117956281e-04 8.582899463362991810e-04 2.142396988347172737e-04 4.294986720196902752e-04 2.880139509215950966e-04 6.966099608689546585e-04 1.637048117117956281e-04 8.582899463362991810e-04 2.142396988347172737e-04 4.294986720196902752e-04
2.100000000000000000e+03 2.763135125860571861e-04 6.950245006009936333e-04 1.424421643605455756e-04 1.356505206786096096e-03 1.964925177162513137e-04 3.665916738100349903e-04 2.763135125860571861e-04 6.950245006009936333e-04 1.424421643605455756e-04 1.356505206786096096e-03 1.964925177162513137e-04 3.665916738100349903e-04
2.200000000000000000e+03 2.813799364957958460e-04 5.963267176412045956e-04 1.506380212958902121e-04 2.748833969235420227e-03 1.837715681176632643e-04 6.607428076677024364e-04 2.813799364957958460e-04 5.963267176412045956e-04 1.506380212958902121e-04 2.748833969235420227e-03 1.837715681176632643e-04 6.607428076677024364e-04
2.300000000000000000e+03 2.403949183644726872e-04 5.410012090578675270e-04 1.276313705602660775e-04 5.192827666178345680e-04 1.446832320652902126e-04 2.783680974971503019e-04 2.403949183644726872e-04 5.410012090578675270e-04 1.276313705602660775e-04 5.192827666178345680e-04 1.446832320652902126e-04 2.783680974971503019e-04
2.400000000000000000e+03 2.312588621862232685e-04 5.121910944581031799e-04 1.256732793990522623e-04 6.998447934165596962e-04 1.307632774114608765e-04 2.871116739697754383e-04 2.312588621862232685e-04 5.121910944581031799e-04 1.256732793990522623e-04 6.998447934165596962e-04 1.307632774114608765e-04 2.871116739697754383e-04
2.500000000000000000e+03 2.142295270459726453e-04 4.841094487346708775e-04 1.268144842470064759e-04 1.255823648534715176e-03 1.220265985466539860e-04 3.697694919537752867e-04 2.142295270459726453e-04 4.841094487346708775e-04 1.268144842470064759e-04 1.255823648534715176e-03 1.220265985466539860e-04 3.697694919537752867e-04
2.600000000000000000e+03 2.025090361712500453e-04 4.398687742650508881e-04 1.191232368000783026e-04 1.670330413617193699e-03 1.155904610641300678e-04 4.252798098605126143e-04 2.025090361712500453e-04 4.398687742650508881e-04 1.191232368000783026e-04 1.670330413617193699e-03 1.155904610641300678e-04 4.252798098605126143e-04
2.700000000000000000e+03 2.012437471421435475e-04 5.062276031821966171e-04 1.393076236126944423e-04 1.018795464187860489e-02 2.367650013184174895e-04 1.670220517553389072e-03 2.012437471421435475e-04 5.062276031821966171e-04 1.393076236126944423e-04 1.018795464187860489e-02 2.367650013184174895e-04 1.670220517553389072e-03
2.800000000000000000e+03 1.674473605817183852e-04 4.050817224197089672e-04 9.918558498611673713e-05 8.298463653773069382e-04 1.058816633303649724e-04 2.536888350732624531e-04 1.674473605817183852e-04 4.050817224197089672e-04 9.918558498611673713e-05 8.298463653773069382e-04 1.058816633303649724e-04 2.536888350732624531e-04
2.900000000000000000e+03 1.623987627681344748e-04 4.422600613906979561e-04 1.207434688694775105e-04 4.652863135561347008e-04 2.032656921073794365e-04 2.077030076179653406e-04 1.623987627681344748e-04 4.422600613906979561e-04 1.207434688694775105e-04 4.652863135561347008e-04 2.032656921073794365e-04 2.077030076179653406e-04
3.000000000000000000e+03 1.510889851488173008e-04 3.642836818471550941e-04 9.544280328555032611e-05 6.036168197169899940e-04 8.502390119247138500e-05 1.237941323779523373e-04 1.510889851488173008e-04 3.642836818471550941e-04 9.544280328555032611e-05 6.036168197169899940e-04 8.502390119247138500e-05 1.237941323779523373e-04
3.100000000000000000e+03 1.379202876705676317e-04 3.515383868943899870e-04 9.164949733531102538e-05 3.197061887476593256e-04 9.206988033838570118e-05 1.260735298274084926e-04 1.379202876705676317e-04 3.515383868943899870e-04 9.164949733531102538e-05 3.197061887476593256e-04 9.206988033838570118e-05 1.260735298274084926e-04
3.200000000000000000e+03 1.287586492253467441e-04 3.379821719136089087e-04 7.934025052236393094e-05 1.539969351142644882e-03 1.065688411472365260e-04 3.370594349689781666e-04 1.287586492253467441e-04 3.379821719136089087e-04 7.934025052236393094e-05 1.539969351142644882e-03 1.065688411472365260e-04 3.370594349689781666e-04
3.300000000000000000e+03 1.078197892638854682e-04 3.632013394962996244e-04 8.827770216157659888e-05 4.596176091581583023e-03 1.524767430964857340e-04 1.872437132988125086e-04 1.078197892638854682e-04 3.632013394962996244e-04 8.827770216157659888e-05 4.596176091581583023e-03 1.524767430964857340e-04 1.872437132988125086e-04
3.400000000000000000e+03 1.143371337093412876e-04 3.033764369320124388e-04 7.698363333474844694e-05 2.424641716061159968e-04 7.469058618880808353e-05 6.953184492886066437e-05 1.143371337093412876e-04 3.033764369320124388e-04 7.698363333474844694e-05 2.424641716061159968e-04 7.469058618880808353e-05 6.953184492886066437e-05
3.500000000000000000e+03 1.056435867212712765e-04 2.944724983535706997e-04 7.082690717652440071e-05 2.577628009021282196e-03 1.138213992817327380e-04 4.191482439637184143e-04 1.056435867212712765e-04 2.944724983535706997e-04 7.082690717652440071e-05 2.577628009021282196e-03 1.138213992817327380e-04 4.191482439637184143e-04
3.600000000000000000e+03 1.037176480167545378e-04 2.753596927504986525e-04 7.194201316451653838e-05 2.813867176882922649e-04 6.934243720024824142e-05 7.219851977424696088e-05 1.037176480167545378e-04 2.753596927504986525e-04 7.194201316451653838e-05 2.813867176882922649e-04 6.934243720024824142e-05 7.219851977424696088e-05
3.700000000000000000e+03 9.779831452760845423e-05 2.583983296062797308e-04 7.184821879491209984e-05 1.520953723229467869e-03 7.758313586236909032e-05 2.843207621481269598e-04 9.779831452760845423e-05 2.583983296062797308e-04 7.184821879491209984e-05 1.520953723229467869e-03 7.758313586236909032e-05 2.843207621481269598e-04
3.800000000000000000e+03 1.053043015417642891e-04 2.947168832179158926e-04 8.039487875066697598e-05 4.123952705413103104e-03 1.397994055878371000e-04 4.570285964291542768e-04 1.053043015417642891e-04 2.947168832179158926e-04 8.039487875066697598e-05 4.123952705413103104e-03 1.397994055878371000e-04 4.570285964291542768e-04
3.900000000000000000e+03 8.612538658780977130e-05 2.352963492739945650e-04 6.149890396045520902e-05 8.127015316858887672e-04 7.554198236903175712e-05 1.617719826754182577e-04 8.612538658780977130e-05 2.352963492739945650e-04 6.149890396045520902e-05 8.127015316858887672e-04 7.554198236903175712e-05 1.617719826754182577e-04
4.000000000000000000e+03 8.657020953251048923e-05 2.614471304696053267e-04 7.550815644208341837e-05 4.980367608368396759e-03 1.505663385614752769e-04 1.190143055282533169e-03 8.657020953251048923e-05 2.614471304696053267e-04 7.550815644208341837e-05 4.980367608368396759e-03 1.505663385614752769e-04 1.190143055282533169e-03
4.100000000000000000e+03 8.589251956436783075e-05 2.329429262317717075e-04 6.885257607791572809e-05 3.827645210549235344e-03 1.060329159372486174e-04 5.599641590379178524e-04 8.589251956436783075e-05 2.329429262317717075e-04 6.885257607791572809e-05 3.827645210549235344e-03 1.060329159372486174e-04 5.599641590379178524e-04
4.200000000000000000e+03 7.625541184097528458e-05 2.398104406893253326e-04 6.818532710894942284e-05 3.074721666052937508e-03 9.617875912226736546e-05 3.700116358231753111e-04 7.625541184097528458e-05 2.398104406893253326e-04 6.818532710894942284e-05 3.074721666052937508e-03 9.617875912226736546e-05 3.700116358231753111e-04
4.300000000000000000e+03 6.907183706061914563e-05 2.129643689841032028e-04 5.671757389791309834e-05 1.587846316397190094e-03 6.788540486013516784e-05 8.300459739984944463e-05 6.907183706061914563e-05 2.129643689841032028e-04 5.671757389791309834e-05 1.587846316397190094e-03 6.788540486013516784e-05 8.300459739984944463e-05
4.400000000000000000e+03 6.606746319448575377e-05 2.551919606048613787e-04 5.704007708118297160e-05 2.245937503175809979e-04 1.091768572223372757e-04 1.432084682164713740e-04 6.606746319448575377e-05 2.551919606048613787e-04 5.704007708118297160e-05 2.245937503175809979e-04 1.091768572223372757e-04 1.432084682164713740e-04
4.500000000000000000e+03 6.807589670643210411e-05 2.009345480473712087e-04 5.081312338006682694e-05 5.622179596684873104e-04 5.616746784653514624e-05 7.060950883897021413e-05 6.807589670643210411e-05 2.009345480473712087e-04 5.081312338006682694e-05 5.622179596684873104e-04 5.616746784653514624e-05 7.060950883897021413e-05
4.600000000000000000e+03 6.405902240658178926e-05 1.973492471734061837e-04 5.702427370124496520e-05 1.534981187433004379e-03 6.528678932227194309e-05 1.248164044227451086e-04 6.405902240658178926e-05 1.973492471734061837e-04 5.702427370124496520e-05 1.534981187433004379e-03 6.528678932227194309e-05 1.248164044227451086e-04
4.700000000000000000e+03 6.371780909830704331e-05 1.697308180155232549e-04 4.366277426015585661e-05 1.475964789278805256e-03 7.477149483747780323e-05 2.547278709243983030e-04 6.371780909830704331e-05 1.697308180155232549e-04 4.366277426015585661e-05 1.475964789278805256e-03 7.477149483747780323e-05 2.547278709243983030e-04
4.800000000000000000e+03 6.441117875510826707e-05 1.852150890044867992e-04 5.675015563610941172e-05 4.169398918747901917e-03 1.065072792698629200e-04 6.813476211391389370e-04 6.441117875510826707e-05 1.852150890044867992e-04 5.675015563610941172e-05 4.169398918747901917e-03 1.065072792698629200e-04 6.813476211391389370e-04
4.900000000000000000e+03 6.338271487038582563e-05 1.495628384873270988e-04 4.239520785631611943e-05 4.320533480495214462e-03 1.550910092191770673e-04 9.790053591132164001e-04 6.338271487038582563e-05 1.495628384873270988e-04 4.239520785631611943e-05 4.320533480495214462e-03 1.550910092191770673e-04 9.790053591132164001e-04
5.000000000000000000e+03 5.528139809030108154e-05 1.554133923491463065e-04 4.637863457901403308e-05 1.688424672465771437e-04 6.115337600931525230e-05 4.878764957538805902e-05 5.528139809030108154e-05 1.554133923491463065e-04 4.637863457901403308e-05 1.688424672465771437e-04 6.115337600931525230e-05 4.878764957538805902e-05
5.100000000000000000e+03 5.415286796051077545e-05 1.430550764780491590e-04 4.239358895574696362e-05 6.757730152457952499e-04 4.987615102436393499e-05 8.218804578064009547e-05 5.415286796051077545e-05 1.430550764780491590e-04 4.239358895574696362e-05 6.757730152457952499e-04 4.987615102436393499e-05 8.218804578064009547e-05
5.200000000000000000e+03 5.380554648581892252e-05 1.441529748262837529e-04 4.345802517491392791e-05 1.239985227584838867e-03 5.246156797511503100e-05 1.429415278835222125e-04 5.380554648581892252e-05 1.441529748262837529e-04 4.345802517491392791e-05 1.239985227584838867e-03 5.246156797511503100e-05 1.429415278835222125e-04
5.300000000000000000e+03 4.843802889809012413e-05 1.606063888175413013e-04 4.211791747366078198e-05 1.378992688842117786e-03 9.371649503009393811e-05 2.929569745901972055e-04 4.843802889809012413e-05 1.606063888175413013e-04 4.211791747366078198e-05 1.378992688842117786e-03 9.371649503009393811e-05 2.929569745901972055e-04
5.400000000000000000e+03 4.921671643387526274e-05 1.270559587283059955e-04 3.564745929907076061e-05 2.515985630452632904e-03 9.382303687743842602e-05 4.620757244993001223e-04 4.921671643387526274e-05 1.270559587283059955e-04 3.564745929907076061e-05 2.515985630452632904e-03 9.382303687743842602e-05 4.620757244993001223e-04
5.500000000000000000e+03 4.590518801705911756e-05 1.181387124233879149e-04 3.407448093639686704e-05 4.165505524724721909e-04 4.413888018461875618e-05 8.159583376254886389e-05 4.590518801705911756e-05 1.181387124233879149e-04 3.407448093639686704e-05 4.165505524724721909e-04 4.413888018461875618e-05 8.159583376254886389e-05
5.600000000000000000e+03 4.585587885230779648e-05 1.150455354945734143e-04 3.278177609900012612e-05 6.588088581338524818e-04 4.638318932848051190e-05 8.950163464760407805e-05 4.585587885230779648e-05 1.150455354945734143e-04 3.278177609900012612e-05 6.588088581338524818e-04 4.638318932848051190e-05 8.950163464760407805e-05
5.700000000000000000e+03 4.436931340023875237e-05 1.148363589891232550e-04 3.133542850264348090e-05 9.851920185610651970e-04 5.086073360871523619e-05 1.394878345308825374e-04 4.436931340023875237e-05 1.148363589891232550e-04 3.133542850264348090e-05 9.851920185610651970e-04 5.086073360871523619e-05 1.394878345308825374e-04
5.800000000000000000e+03 4.401882688398472965e-05 1.090455480152741075e-04 3.351295163156464696e-05 2.605108020361512899e-04 5.104363299324177206e-05 1.174971621367149055e-04 4.401882688398472965e-05 1.090455480152741075e-04 3.351295163156464696e-05 2.605108020361512899e-04 5.104363299324177206e-05 1.174971621367149055e-04
5.900000000000000000e+03 3.773071512114256620e-05 1.788855151971802115e-04 3.399217894184403121e-05 4.273115191608667374e-04 1.017411632346920669e-04 1.066292170435190201e-04 3.773071512114256620e-05 1.788855151971802115e-04 3.399217894184403121e-05 4.273115191608667374e-04 1.017411632346920669e-04 1.066292170435190201e-04
6.000000000000000000e+03 4.198379610897973180e-05 1.229592890013009310e-04 3.002004086738452315e-05 5.470990668982267380e-03 1.510598667664453387e-04 9.701700764708220959e-04 4.198379610897973180e-05 1.229592890013009310e-04 3.002004086738452315e-05 5.470990668982267380e-03 1.510598667664453387e-04 9.701700764708220959e-04
6.100000000000000000e+03 3.988247044617310166e-05 1.064661773853003979e-04 3.332564301672391593e-05 1.582595985382795334e-03 6.898193532833829522e-05 3.696671046782284975e-04 3.988247044617310166e-05 1.064661773853003979e-04 3.332564301672391593e-05 1.582595985382795334e-03 6.898193532833829522e-05 3.696671046782284975e-04
6.200000000000000000e+03 3.586976890801452100e-05 9.396214591106399894e-05 2.826674608513712883e-05 5.132760270498692989e-04 3.660291986307129264e-05 7.447328243870288134e-05 3.586976890801452100e-05 9.396214591106399894e-05 2.826674608513712883e-05 5.132760270498692989e-04 3.660291986307129264e-05 7.447328243870288134e-05
6.300000000000000000e+03 3.747687878785654902e-05 1.604777207830920815e-04 3.834100061794742942e-05 1.169927301816642284e-03 1.095775151043199003e-04 1.851141132647171617e-04 3.747687878785654902e-05 1.604777207830920815e-04 3.834100061794742942e-05 1.169927301816642284e-03 1.095775151043199003e-04 1.851141132647171617e-04
6.400000000000000000e+03 3.181502324878238142e-05 8.835437620291486382e-05 2.576213046268094331e-05 3.990092081949114799e-04 3.474876211839728057e-05 7.627715240232646465e-05 3.181502324878238142e-05 8.835437620291486382e-05 2.576213046268094331e-05 3.990092081949114799e-04 3.474876211839728057e-05 7.627715240232646465e-05
6.500000000000000000e+03 3.160239430144429207e-05 1.231164642376825213e-04 2.601926644274499267e-05 2.123134763678535819e-04 6.513777043437585235e-05 3.226733315386809409e-05 3.160239430144429207e-05 1.231164642376825213e-04 2.601926644274499267e-05 2.123134763678535819e-04 6.513777043437585235e-05 3.226733315386809409e-05
6.600000000000000000e+03 3.150772317894734442e-05 1.506006810814142227e-04 2.703009158722124994e-05 5.418242653831839561e-04 8.972812793217599392e-05 9.226815745932981372e-05 3.150772317894734442e-05 1.506006810814142227e-04 2.703009158722124994e-05 5.418242653831839561e-04 8.972812793217599392e-05 9.226815745932981372e-05
6.700000000000000000e+03 3.765227666008286178e-05 1.700162247288972139e-04 2.654773743415717036e-05 2.732063643634319305e-03 2.248670207336544991e-04 3.799986443482339382e-04 3.765227666008286178e-05 1.700162247288972139e-04 2.654773743415717036e-05 2.732063643634319305e-03 2.248670207336544991e-04 3.799986443482339382e-04
6.800000000000000000e+03 3.144847505609504879e-05 9.294637129642069340e-05 2.794316606014035642e-05 1.817885087803006172e-03 5.217168654780834913e-05 1.945194380823522806e-04 3.144847505609504879e-05 9.294637129642069340e-05 2.794316606014035642e-05 1.817885087803006172e-03 5.217168654780834913e-05 1.945194380823522806e-04
6.900000000000000000e+03 2.787188896036241204e-05 7.439764158334583044e-05 2.112446782120969146e-05 1.394669379806146026e-04 3.038940485566854477e-05 2.562161716923583299e-05 2.787188896036241204e-05 7.439764158334583044e-05 2.112446782120969146e-05 1.394669379806146026e-04 3.038940485566854477e-05 2.562161716923583299e-05
7.000000000000000000e+03 3.031417327292729169e-05 6.743496487615630031e-05 2.216072789451573044e-05 2.253525657579302788e-03 8.105492452159523964e-05 3.397181862965226173e-04 3.031417327292729169e-05 6.743496487615630031e-05 2.216072789451573044e-05 2.253525657579302788e-03 8.105492452159523964e-05 3.397181862965226173e-04
7.100000000000000000e+03 3.181237116223201156e-05 8.962595165940001607e-05 2.713662070163991302e-05 2.850875258445739746e-03 9.586419037077575922e-05 4.829113313462585211e-04 3.181237116223201156e-05 8.962595165940001607e-05 2.713662070163991302e-05 2.850875258445739746e-03 9.586419037077575922e-05 4.829113313462585211e-04
7.200000000000000000e+03 2.993859015987254679e-05 1.032667350955307484e-04 2.911313822551164776e-05 3.464624052867293358e-03 1.083813331206329167e-04 5.426576244644820690e-04 2.993859015987254679e-05 1.032667350955307484e-04 2.911313822551164776e-05 3.464624052867293358e-03 1.083813331206329167e-04 5.426576244644820690e-04
7.300000000000000000e+03 2.909891554736532271e-05 8.394337055506184697e-05 2.220069109171163291e-05 1.529105473309755325e-03 6.907237548148259521e-05 2.083871950162574649e-04 2.909891554736532271e-05 8.394337055506184697e-05 2.220069109171163291e-05 1.529105473309755325e-03 6.907237548148259521e-05 2.083871950162574649e-04
7.400000000000000000e+03 2.878642408177256584e-05 8.073219942161813378e-05 2.554199090809561312e-05 2.798043191432952881e-03 7.450313569279387593e-05 3.867729101330041885e-04 2.878642408177256584e-05 8.073219942161813378e-05 2.554199090809561312e-05 2.798043191432952881e-03 7.450313569279387593e-05 3.867729101330041885e-04
7.500000000000000000e+03 2.795467844407539815e-05 7.790401286911219358e-05 2.235106694570276886e-05 1.139470492489635944e-03 4.200187686365097761e-05 9.981609036913141608e-05 2.795467844407539815e-05 7.790401286911219358e-05 2.235106694570276886e-05 1.139470492489635944e-03 4.200187686365097761e-05 9.981609036913141608e-05
7.600000000000000000e+03 2.690274959604721516e-05 7.411652768496423960e-05 1.865279409685172141e-05 3.800067061092704535e-04 3.337064117658883333e-05 5.228007648838683963e-05 2.690274959604721516e-05 7.411652768496423960e-05 1.865279409685172141e-05 3.800067061092704535e-04 3.337064117658883333e-05 5.228007648838683963e-05
7.700000000000000000e+03 2.611566378618590534e-05 8.315638842759653926e-05 1.844733196776360273e-05 4.932029405608773232e-04 7.455574086634442210e-05 1.589610765222460032e-04 2.611566378618590534e-05 8.315638842759653926e-05 1.844733196776360273e-05 4.932029405608773232e-04 7.455574086634442210e-05 1.589610765222460032e-04
7.800000000000000000e+03 2.708718966459855437e-05 6.013423990225419402e-05 1.813621383917052299e-05 2.886360278353095055e-03 1.266018807655200362e-04 6.513348198495805264e-04 2.708718966459855437e-05 6.013423990225419402e-05 1.813621383917052299e-05 2.886360278353095055e-03 1.266018807655200362e-04 6.513348198495805264e-04
7.900000000000000000e+03 2.634265911183319986e-05 5.497342499438673258e-05 1.710810465738177299e-05 2.575722523033618927e-03 1.084295363398268819e-04 5.406720447354018688e-04 2.634265911183319986e-05 5.497342499438673258e-05 1.710810465738177299e-05 2.575722523033618927e-03 1.084295363398268819e-04 5.406720447354018688e-04
8.000000000000000000e+03 2.446106009301729500e-05 6.369146285578608513e-05 1.998489642573986202e-05 1.470786286517977715e-03 4.679982521338388324e-05 2.347065455978736281e-04 2.446106009301729500e-05 6.369146285578608513e-05 1.998489642573986202e-05 1.470786286517977715e-03 4.679982521338388324e-05 2.347065455978736281e-04
8.100000000000000000e+03 2.120271710737142712e-05 5.063408752903342247e-05 1.655623600527178496e-05 1.982099347515031695e-04 2.422597935947123915e-05 4.368864756543189287e-05 2.120271710737142712e-05 5.063408752903342247e-05 1.655623600527178496e-05 1.982099347515031695e-04 2.422597935947123915e-05 4.368864756543189287e-05
8.200000000000000000e+03 2.242951450170949101e-05 5.682116534444503486e-05 1.782604704203549773e-05 1.595343346707522869e-03 4.873547732131555676e-05 2.082084683934226632e-04 2.242951450170949101e-05 5.682116534444503486e-05 1.782604704203549773e-05 1.595343346707522869e-03 4.873547732131555676e-05 2.082084683934226632e-04
8.300000000000000000e+03 2.264372596982866526e-05 6.225236575119197369e-05 1.855586015153676271e-05 1.128970412537455559e-03 4.645491935661993921e-05 1.577980874571949244e-04 2.264372596982866526e-05 6.225236575119197369e-05 1.855586015153676271e-05 1.128970412537455559e-03 4.645491935661993921e-05 1.577980874571949244e-04
8.400000000000000000e+03 2.107521504512988031e-05 1.101131565519608557e-04 1.968838296306785196e-05 2.636214776430279016e-04 8.724442886887118220e-05 7.060386269586160779e-05 2.107521504512988031e-05 1.101131565519608557e-04 1.968838296306785196e-05 2.636214776430279016e-04 8.724442886887118220e-05 7.060386269586160779e-05
8.500000000000000000e+03 2.045364271907601506e-05 4.883640940533950925e-05 1.499007339589297771e-05 6.049286457709968090e-05 2.126270919688977301e-05 2.484232572896871716e-05 2.045364271907601506e-05 4.883640940533950925e-05 1.499007339589297771e-05 6.049286457709968090e-05 2.126270919688977301e-05 2.484232572896871716e-05
8.600000000000000000e+03 2.914657125074882060e-05 1.014152439893223345e-04 2.436244176351465285e-05 2.519852481782436371e-03 8.503210847266018391e-05 3.336518711876124144e-04 2.914657125074882060e-05 1.014152439893223345e-04 2.436244176351465285e-05 2.519852481782436371e-03 8.503210847266018391e-05 3.336518711876124144e-04
8.700000000000000000e+03 2.225152638857252896e-05 8.762413199292495847e-05 1.744210021570324898e-05 8.851350867189466953e-04 9.876648255158215761e-05 3.548745007719844580e-04 2.225152638857252896e-05 8.762413199292495847e-05 1.744210021570324898e-05 8.851350867189466953e-04 9.876648255158215761e-05 3.548745007719844580e-04
8.800000000000000000e+03 1.983930997084826231e-05 5.127823533257469535e-05 1.471497671445831656e-05 6.332963675959035754e-05 2.827636490110307932e-05 1.815581890696194023e-05 1.983930997084826231e-05 5.127823533257469535e-05 1.471497671445831656e-05 6.332963675959035754e-05 2.827636490110307932e-05 1.815581890696194023e-05
8.900000000000000000e+03 2.220639544248115271e-05 5.516631063073873520e-05 2.040202889475040138e-05 1.633600331842899323e-03 5.440236054710112512e-05 2.355572214582934976e-04 2.220639544248115271e-05 5.516631063073873520e-05 2.040202889475040138e-05 1.633600331842899323e-03 5.440236054710112512e-05 2.355572214582934976e-04
9.000000000000000000e+03 2.095617310260422528e-05 4.884909867541864514e-05 1.378630440740380436e-05 9.757895604707300663e-04 5.947261161054484546e-05 2.470077306497842073e-04 2.095617310260422528e-05 4.884909867541864514e-05 1.378630440740380436e-05 9.757895604707300663e-04 5.947261161054484546e-05 2.470077306497842073e-04
9.100000000000000000e+03 2.056957055174279958e-05 4.968516441294923425e-05 1.418821557308547199e-05 5.084959557279944420e-04 2.753543594735674560e-05 5.609390427707694471e-05 2.056957055174279958e-05 4.968516441294923425e-05 1.418821557308547199e-05 5.084959557279944420e-04 2.753543594735674560e-05 5.609390427707694471e-05
9.200000000000000000e+03 1.957644235517363995e-05 4.614303907146677375e-05 1.393800266669131815e-05 1.641147537156939507e-04 3.518816447467543185e-05 4.134963091928511858e-05 1.957644235517363995e-05 4.614303907146677375e-05 1.393800266669131815e-05 1.641147537156939507e-04 3.518816447467543185e-05 4.134963091928511858e-05
9.300000000000000000e+03 1.961306406883522868e-05 4.807106233783997595e-05 1.719962529023177922e-05 6.197036127559840679e-04 2.909340037149377167e-05 8.189752406906336546e-05 1.961306406883522868e-05 4.807106233783997595e-05 1.719962529023177922e-05 6.197036127559840679e-04 2.909340037149377167e-05 8.189752406906336546e-05
9.400000000000000000e+03 1.891215106297750026e-05 4.505519245867617428e-05 1.419783529854612425e-05 6.423640879802405834e-04 3.191921496181748807e-05 2.143763704225420952e-04 1.891215106297750026e-05 4.505519245867617428e-05 1.419783529854612425e-05 6.423640879802405834e-04 3.191921496181748807e-05 2.143763704225420952e-04
9.500000000000000000e+03 1.966849413292948157e-05 4.951655137119814754e-05 1.764203261700458825e-05 3.360197588335722685e-04 3.020551957888528705e-05 1.138803345384076238e-04 1.966849413292948157e-05 4.951655137119814754e-05 1.764203261700458825e-05 3.360197588335722685e-04 3.020551957888528705e-05 1.138803345384076238e-04
9.600000000000000000e+03 1.958245775313116610e-05 7.683451258344575763e-05 1.431075816071825102e-05 2.174862893298268318e-04 4.956050906912423670e-05 3.147913957946002483e-05 1.958245775313116610e-05 7.683451258344575763e-05 1.431075816071825102e-05 2.174862893298268318e-04 4.956050906912423670e-05 3.147913957946002483e-05
9.700000000000000000e+03 2.036945807049050927e-05 7.301492587430402637e-05 1.966939635167364031e-05 3.008781000971794128e-03 7.848993845982477069e-05 4.129453445784747601e-04 2.036945807049050927e-05 7.301492587430402637e-05 1.966939635167364031e-05 3.008781000971794128e-03 7.848993845982477069e-05 4.129453445784747601e-04
9.800000000000000000e+03 2.017472434090450406e-05 5.137430707691237330e-05 1.529672772448975593e-05 1.525348401628434658e-03 5.112771032145246863e-05 1.972138561541214585e-04 2.017472434090450406e-05 5.137430707691237330e-05 1.529672772448975593e-05 1.525348401628434658e-03 5.112771032145246863e-05 1.972138561541214585e-04
9.900000000000000000e+03 2.365288492001127452e-05 5.933337524766102433e-05 1.697732113825622946e-05 1.036903006024658680e-03 2.066306296910624951e-05 1.185628207167610526e-04 2.365288492001127452e-05 5.933337524766102433e-05 1.697732113825622946e-05 1.036903006024658680e-03 2.066306296910624951e-05 1.185628207167610526e-04
1.000000000000000000e+04 2.110142850142437965e-05 6.554525316460058093e-05 1.841443190642166883e-05 2.826916286721825600e-03 9.768759628059342504e-05 5.250183749012649059e-04 2.110142850142437965e-05 6.554525316460058093e-05 1.841443190642166883e-05 2.826916286721825600e-03 9.768759628059342504e-05 5.250183749012649059e-04
1.000000000000000000e+04 2.110142850142437965e-05 6.554525316460058093e-05 1.841443190642166883e-05 2.826916286721825600e-03 9.768759628059342504e-05 5.250183749012649059e-04 2.110142850142437965e-05 6.554525316460058093e-05 1.841443190642166883e-05 2.826916286721825600e-03 9.768759628059342504e-05 5.250183749012649059e-04
1.010000000000000000e+04 1.762455649441108108e-04 6.859453860670328140e-04 8.869759767549112439e-05 4.387625493109226227e-03 9.170524572255089879e-05 5.748723560827784240e-05 1.762455649441108108e-04 6.859453860670328140e-04 8.869759767549112439e-05 4.387625493109226227e-03 9.170524572255089879e-05 5.748723560827784240e-05
1.020000000000000000e+04 6.953263073228299618e-05 1.332392130279913545e-04 6.294182094279676676e-05 4.667895555030554533e-04 6.246202974580228329e-05 3.752431439352221787e-05 6.953263073228299618e-05 1.332392130279913545e-04 6.294182094279676676e-05 4.667895555030554533e-04 6.246202974580228329e-05 3.752431439352221787e-05
1.030000000000000000e+04 3.630910941865295172e-05 8.949904440669342875e-05 4.061488652951084077e-05 1.229386834893375635e-04 3.401892172405496240e-05 2.277876228617969900e-05 3.630910941865295172e-05 8.949904440669342875e-05 4.061488652951084077e-05 1.229386834893375635e-04 3.401892172405496240e-05 2.277876228617969900e-05
1.040000000000000000e+04 2.775346183625515550e-05 7.409854151774197817e-05 2.761210089374799281e-05 7.633406494278460741e-05 2.443464472889900208e-05 1.712862103886436671e-05 2.775346183625515550e-05 7.409854151774197817e-05 2.761210089374799281e-05 7.633406494278460741e-05 2.443464472889900208e-05 1.712862103886436671e-05
1.050000000000000000e+04 2.466123987687751651e-05 6.511535320896655321e-05 2.174031942558940500e-05 6.691554153803735971e-05 2.173276698158588260e-05 1.414474445482483134e-05 2.466123987687751651e-05 6.511535320896655321e-05 2.174031942558940500e-05 6.691554153803735971e-05 2.173276698158588260e-05 1.414474445482483134e-05
1.060000000000000000e+04 2.259180473629385233e-05 5.807765774079598486e-05 1.835120383475441486e-05 6.024672620696946979e-05 2.034440876741427928e-05 1.248753505933564156e-05 2.259180473629385233e-05 5.807765774079598486e-05 1.835120383475441486e-05 6.024672620696946979e-05 2.034440876741427928e-05 1.248753505933564156e-05
1.070000000000000000e+04 2.094576120725832880e-05 5.207273352425545454e-05 1.605654688319191337e-05 5.448695446830242872e-05 1.922446244861930609e-05 1.146099202742334455e-05 2.094576120725832880e-05 5.207273352425545454e-05 1.605654688319191337e-05 5.448695446830242872e-05 1.922446244861930609e-05 1.146099202742334455e-05
1.080000000000000000e+04 1.958441680471878499e-05 4.685114254243671894e-05 1.439323114027502015e-05 4.946090120938606560e-05 1.821714977268129587e-05 1.078271907317684963e-05 1.958441680471878499e-05 4.685114254243671894e-05 1.439323114027502015e-05 4.946090120938606560e-05 1.821714977268129587e-05 1.078271907317684963e-05
1.090000000000000000e+04 1.844363396230619401e-05 4.236400855006650090e-05 1.315221015829592943e-05 4.500087379710748792e-05 1.730361873342189938e-05 1.031039391818922013e-05 1.844363396230619401e-05 4.236400855006650090e-05 1.315221015829592943e-05 4.500087379710748792e-05 1.730361873342189938e-05 1.031039391818922013e-05
1.100000000000000000e+04 1.748263457557186484e-05 3.860533252009190619e-05 1.222717219206970185e-05 4.101172089576721191e-05 1.649122350499965250e-05 9.963370757759548724e-06 1.748263457557186484e-05 3.860533252009190619e-05 1.222717219206970185e-05 4.101172089576721191e-05 1.649122350499965250e-05 9.963370757759548724e-06
1.110000000000000000e+04 1.676487954682670534e-05 3.579349868232384324e-05 1.164710374723654240e-05 3.773998469114303589e-05 1.584171695867553353e-05 9.760455213836394250e-06 1.676487954682670534e-05 3.579349868232384324e-05 1.164710374723654240e-05 3.773998469114303589e-05 1.584171695867553353e-05 9.760455213836394250e-06
1.120000000000000000e+04 1.603605414857156575e-05 3.329322498757392168e-05 1.112503105105133727e-05 3.453204772085882723e-05 1.523745231679640710e-05 9.490584488958120346e-06 1.603605414857156575e-05 3.329322498757392168e-05 1.112503105105133727e-05 3.453204772085882723e-05 1.523745231679640710e-05 9.490584488958120346e-06
1.130000000000000000e+04 1.545843406347557902e-05 3.225354157621040940e-05 1.094164781534345821e-05 3.391491190996021032e-05 1.538378455734346062e-05 9.855463758867699653e-06 1.545843406347557902e-05 3.225354157621040940e-05 1.094164781534345821e-05 3.391491190996021032e-05 1.538378455734346062e-05 9.855463758867699653e-06
1.140000000000000000e+04 1.938495552167296410e-05 1.354001724394038320e-04 1.649857222218997777e-05 2.502508286852389574e-04 1.142535838880576193e-04 1.271593500860035419e-04 1.938495552167296410e-05 1.354001724394038320e-04 1.649857222218997777e-05 2.502508286852389574e-04 1.142535838880576193e-04 1.271593500860035419e-04
1.150000000000000000e+04 1.420980515831615776e-05 2.863437293854076415e-05 1.027294456434901804e-05 2.837370630004443228e-05 1.400467499479418620e-05 8.986008651845622808e-06 1.420980515831615776e-05 2.863437293854076415e-05 1.027294456434901804e-05 2.837370630004443228e-05 1.400467499479418620e-05 8.986008651845622808e-06
1.160000000000000000e+04 1.539299046271480620e-05 3.284414560766890645e-05 1.178749880637042224e-05 7.773652905598282814e-04 3.701995956362225115e-05 1.210861300933174789e-04 1.539299046271480620e-05 3.284414560766890645e-05 1.178749880637042224e-05 7.773652905598282814e-04 3.701995956362225115e-05 1.210861300933174789e-04
1.170000000000000000e+04 1.516237716714385897e-05 4.161916513112373650e-05 1.278936906601302326e-05 6.410832866095006466e-04 4.902506407233886421e-05 2.169342478737235069e-04 1.516237716714385897e-05 4.161916513112373650e-05 1.278936906601302326e-05 6.410832866095006466e-04 4.902506407233886421e-05 2.169342478737235069e-04
1.180000000000000000e+04 1.292501565330894664e-05 2.669729656190611422e-05 9.914137081068474799e-06 5.460474130813963711e-05 1.433317083865404129e-05 1.392180820403154939e-05 1.292501565330894664e-05 2.669729656190611422e-05 9.914137081068474799e-06 5.460474130813963711e-05 1.433317083865404129e-05 1.392180820403154939e-05
1.190000000000000000e+04 1.431753116776235402e-05 3.333935819682665169e-05 1.044156942953122780e-05 3.269981243647634983e-04 1.587119004398118705e-05 2.321952706552110612e-05 1.431753116776235402e-05 3.333935819682665169e-05 1.044156942953122780e-05 3.269981243647634983e-04 1.587119004398118705e-05 2.321952706552110612e-05
1.200000000000000000e+04 1.219372734340140596e-05 6.076204954297281802e-05 1.253602022188715637e-05 1.416746672475710511e-04 4.590797107084654272e-05 4.321003507357090712e-05 1.219372734340140596e-05 6.076204954297281802e-05 1.253602022188715637e-05 1.416746672475710511e-04 4.590797107084654272e-05 4.321003507357090712e-05
1.210000000000000000e+04 1.198960126203019172e-05 3.127850868622772396e-05 1.037534457282163203e-05 1.871988206403329968e-04 2.477945599821396172e-05 6.177629984449595213e-05 1.198960126203019172e-05 3.127850868622772396e-05 1.037534457282163203e-05 1.871988206403329968e-04 2.477945599821396172e-05 6.177629984449595213e-05
1.220000000000000000e+04 1.161423006124095991e-05 2.405043960607144982e-05 8.802930096862837672e-06 1.955702318809926510e-04 1.860103839135263115e-05 3.600537820602767169e-05 1.161423006124095991e-05 2.405043960607144982e-05 8.802930096862837672e-06 1.955702318809926510e-04 1.860103839135263115e-05 3.600537820602767169e-05
1.230000000000000000e+04 1.121879358834121376e-05 2.752133332251105458e-05 1.077541946870042011e-05 7.204321445897221565e-05 2.188708640460390598e-05 1.109413060476072133e-04 1.121879358834121376e-05 2.752133332251105458e-05 1.077541946870042011e-05 7.204321445897221565e-05 2.188708640460390598e-05 1.109413060476072133e-04
1.240000000000000000e+04 1.109315326175419614e-05 2.176514499296899885e-05 8.560827154724393040e-06 1.373177074128761888e-04 1.504293868492823094e-05 2.274974394822493196e-05 1.109315326175419614e-05 2.176514499296899885e-05 8.560827154724393040e-06 1.373177074128761888e-04 1.504293868492823094e-05 2.274974394822493196e-05
1.250000000000000000e+04 1.111966230382677168e-05 2.065059743472374976e-05 8.806051482679322362e-06 1.223340514115989208e-04 1.905350472952704877e-05 6.560912879649549723e-05 1.111966230382677168e-05 2.065059743472374976e-05 8.806051482679322362e-06 1.223340514115989208e-04 1.905350472952704877e-05 6.560912879649549723e-05
1.260000000000000000e+04 1.230170164490118623e-05 3.616065077949315310e-05 1.329497445112792775e-05 1.427615992724895477e-03 4.439523763721808791e-05 2.143983001587912440e-04 1.230170164490118623e-05 3.616065077949315310e-05 1.329497445112792775e-05 1.427615992724895477e-03 4.439523763721808791e-05 2.143983001587912440e-04
1.270000000000000000e+04 1.034442175296135247e-05 2.580168074928224087e-05 8.642230568511877209e-06 2.505620068404823542e-04 2.086137828882783651e-05 4.125904160900972784e-05 1.034442175296135247e-05 2.580168074928224087e-05 8.642230568511877209e-06 2.505620068404823542e-04 2.086137828882783651e-05 4.125904160900972784e-05
1.280000000000000000e+04 1.100940426113083959e-05 2.851709177775774151e-05 1.064939988282276317e-05 8.655026322230696678e-04 3.313743945909664035e-05 1.392154663335531950e-04 1.100940426113083959e-05 2.851709177775774151e-05 1.064939988282276317e-05 8.655026322230696678e-04 3.313743945909664035e-05 1.392154663335531950e-04
1.290000000000000000e+04 1.134317426476627588e-05 2.630593735375441611e-05 1.064267689798725769e-05 6.532591651193797588e-04 3.350602491991594434e-05 2.120125718647614121e-04 1.134317426476627588e-05 2.630593735375441611e-05 1.064267689798725769e-05 6.532591651193797588e-04 3.350602491991594434e-05 2.120125718647614121e-04
1.300000000000000000e+04 9.534533091937191784e-06 2.668458000698592514e-05 8.326223905896767974e-06 1.503055100329220295e-04 1.863655779743567109e-05 2.251699334010481834e-05 9.534533091937191784e-06 2.668458000698592514e-05 8.326223905896767974e-06 1.503055100329220295e-04 1.863655779743567109e-05 2.251699334010481834e-05
1.310000000000000000e+04 9.633827176003251225e-06 2.040858635155018419e-05 8.353015800821594894e-06 4.296908082324080169e-05 1.401678673573769629e-05 3.371200364199467003e-05 9.633827176003251225e-06 2.040858635155018419e-05 8.353015800821594894e-06 4.296908082324080169e-05 1.401678673573769629e-05 3.371200364199467003e-05
1.320000000000000000e+04 9.621658136893529445e-06 2.123500235029496253e-05 8.550185157218948007e-06 1.778439473127946258e-04 1.668726508796680719e-05 6.016917541273869574e-05 9.621658136893529445e-06 2.123500235029496253e-05 8.550185157218948007e-06 1.778439473127946258e-04 1.668726508796680719e-05 6.016917541273869574e-05
1.330000000000000000e+04 9.135545951721724123e-06 1.964377952390350401e-05 8.036976396397221833e-06 1.086531774490140378e-04 1.346688441117294133e-05 3.086580545641481876e-05 9.135545951721724123e-06 1.964377952390350401e-05 8.036976396397221833e-06 1.086531774490140378e-04 1.346688441117294133e-05 3.086580545641481876e-05
1.340000000000000000e+04 8.355101272172760218e-06 2.225590651505626738e-05 7.958965397847350687e-06 5.057624075561761856e-04 2.030560790444724262e-05 7.495211320929229259e-05 8.355101272172760218e-06 2.225590651505626738e-05 7.958965397847350687e-06 5.057624075561761856e-04 2.030560790444724262e-05 7.495211320929229259e-05
1.350000000000000000e+04 8.637812243250664324e-06 1.626928133191540837e-05 6.976330041652545333e-06 1.651539423619396985e-05 1.083810366253601387e-05 6.649087481491733342e-06 8.637812243250664324e-06 1.626928133191540837e-05 6.976330041652545333e-06 1.651539423619396985e-05 1.083810366253601387e-05 6.649087481491733342e-06
1.360000000000000000e+04 9.103041520575061440e-06 1.944391078723128885e-05 7.801296305842697620e-06 2.606196212582290173e-04 1.602269185241311789e-05 4.670312046073377132e-05 9.103041520575061440e-06 1.944391078723128885e-05 7.801296305842697620e-06 2.606196212582290173e-04 1.602269185241311789e-05 4.670312046073377132e-05
1.370000000000000000e+04 8.266845725302118808e-06 1.648043871682602912e-05 6.942539130250224844e-06 1.533337672299239784e-05 1.056128166965208948e-05 9.121547918766736984e-06 8.266845725302118808e-06 1.648043871682602912e-05 6.942539130250224844e-06 1.533337672299239784e-05 1.056128166965208948e-05 9.121547918766736984e-06
1.380000000000000000e+04 8.363716915482655168e-06 1.734432953526265919e-05 7.456151251972187310e-06 1.487074187025427818e-04 1.199441521748667583e-05 2.891325129894539714e-05 8.363716915482655168e-06 1.734432953526265919e-05 7.456151251972187310e-06 1.487074187025427818e-04 1.199441521748667583e-05 2.891325129894539714e-05
1.390000000000000000e+04 8.179271389963105321e-06 2.361193219257984310e-05 7.712936167081352323e-06 7.318045245483517647e-04 2.859074629668612033e-05 1.334067783318459988e-04 8.179271389963105321e-06 2.361193219257984310e-05 7.712936167081352323e-06 7.318045245483517647e-04 2.859074629668612033e-05 1.334067783318459988e-04
1.400000000000000000e+04 8.445490493613760918e-06 1.760093437042087317e-05 7.254919182742014527e-06 2.017897204495966434e-04 1.311575670115416870e-05 2.887151640607044101e-05 8.445490493613760918e-06 1.760093437042087317e-05 7.254919182742014527e-06 2.017897204495966434e-04 1.311575670115416870e-05 2.887151640607044101e-05
1.410000000000000000e+04 9.171515557682141662e-06 4.678121331380680203e-05 9.889738976198714226e-06 2.653347619343549013e-04 5.446663635666482151e-05 1.215350057464092970e-04 9.171515557682141662e-06 4.678121331380680203e-05 9.889738976198714226e-06 2.653347619343549013e-04 5.446663635666482151e-05 1.215350057464092970e-04
1.420000000000000000e+04 8.511255146004259586e-06 2.260012661281507462e-05 7.146600182750262320e-06 1.143353219958953559e-04 1.621282353880815208e-05 2.847725045285187662e-05 8.511255146004259586e-06 2.260012661281507462e-05 7.146600182750262320e-06 1.143353219958953559e-04 1.621282353880815208e-05 2.847725045285187662e-05
1.430000000000000000e+04 7.530390121246455237e-06 3.318650124128907919e-05 7.939653187349904329e-06 1.224993320647627115e-04 2.953358489321544766e-05 2.968353146570734680e-05 7.530390121246455237e-06 3.318650124128907919e-05 7.939653187349904329e-06 1.224993320647627115e-04 2.953358489321544766e-05 2.968353146570734680e-05
1.440000000000000000e+04 7.328847004828276113e-06 1.371650796500034630e-05 5.979672096145804971e-06 3.369277328602038324e-05 1.016734404402086511e-05 7.465519956895150244e-06 7.328847004828276113e-06 1.371650796500034630e-05 5.979672096145804971e-06 3.369277328602038324e-05 1.016734404402086511e-05 7.465519956895150244e-06
1.450000000000000000e+04 7.956795343488920480e-06 1.617201633052900434e-05 6.322318768070545048e-06 4.155098577030003071e-04 1.988928306673187762e-05 5.836271520820446312e-05 7.956795343488920480e-06 1.617201633052900434e-05 6.322318768070545048e-06 4.155098577030003071e-04 1.988928306673187762e-05 5.836271520820446312e-05
1.460000000000000000e+04 7.390559858322376385e-06 1.319913826591800898e-05 5.833342584082856774e-06 7.881614146754145622e-05 1.067691937350900844e-05 1.182983396574854851e-05 7.390559858322376385e-06 1.319913826591800898e-05 5.833342584082856774e-06 7.881614146754145622e-05 1.067691937350900844e-05 1.182983396574854851e-05
1.470000000000000000e+04 9.246118679584469646e-06 3.298266892670653760e-05 8.943622560764197260e-06 1.806717045838013291e-04 2.415595554339233786e-05 1.001723285298794508e-04 9.246118679584469646e-06 3.298266892670653760e-05 8.943622560764197260e-06 1.806717045838013291e-04 2.415595554339233786e-05 1.001723285298794508e-04
1.480000000000000000e+04 7.102827566995983943e-06 1.752066964400000870e-05 6.022161414875881746e-06 3.131549165118485689e-04 1.397205960529390723e-05 3.190432107658125460e-05 7.102827566995983943e-06 1.752066964400000870e-05 6.022161414875881746e-06 3.131549165118485689e-04 1.397205960529390723e-05 3.190432107658125460e-05
1.490000000000000000e+04 7.008855845924699679e-06 1.201844406750751659e-05 5.515222255780827254e-06 6.462992314482107759e-05 1.011533186101587489e-05 1.129624433815479279e-05 7.008855845924699679e-06 1.201844406750751659e-05 5.515222255780827254e-06 6.462992314482107759e-05 1.011533186101587489e-05 1.129624433815479279e-05
1.500000000000000000e+04 8.622974746685940772e-06 4.665070810006000102e-05 8.412242095801047981e-06 3.927118377760052681e-04 5.378348578233271837e-05 8.531660569133237004e-05 8.622974746685940772e-06 4.665070810006000102e-05 8.412242095801047981e-06 3.927118377760052681e-04 5.378348578233271837e-05 8.531660569133237004e-05
1.510000000000000000e+04 7.506771908083464950e-06 1.657719622016884387e-05 6.394510364771122113e-06 2.954428200609982014e-04 1.767415596987120807e-05 4.766727943206205964e-05 7.506771908083464950e-06 1.657719622016884387e-05 6.394510364771122113e-06 2.954428200609982014e-04 1.767415596987120807e-05 4.766727943206205964e-05
1.520000000000000000e+04 6.870103788969572634e-06 1.224298557644942775e-05 5.645688816002802923e-06 3.631507206591777503e-05 9.535425306239631027e-06 1.270690972887678072e-05 6.870103788969572634e-06 1.224298557644942775e-05 5.645688816002802923e-06 3.631507206591777503e-05 9.535425306239631027e-06 1.270690972887678072e-05
1.530000000000000000e+04 6.602375833608675748e-06 1.777632860466837883e-05 6.163314083096338436e-06 3.120086621493101120e-04 1.880127456388436258e-05 6.129004032118245959e-05 6.602375833608675748e-06 1.777632860466837883e-05 6.163314083096338436e-06 3.120086621493101120e-04 1.880127456388436258e-05 6.129004032118245959e-05
1.540000000000000000e+04 6.890484200994251296e-06 1.750356022967025638e-05 5.684856660082004964e-06 5.747787508880719543e-05 1.477347450418164954e-05 1.308234095631632954e-05 6.890484200994251296e-06 1.750356022967025638e-05 5.684856660082004964e-06 5.747787508880719543e-05 1.477347450418164954e-05 1.308234095631632954e-05
1.550000000000000000e+04 6.646644123975420371e-06 1.297363087360281497e-05 5.995327683194773272e-06 1.860554766608402133e-05 1.024929770210292190e-05 2.553874946897849441e-05 6.646644123975420371e-06 1.297363087360281497e-05 5.995327683194773272e-06 1.860554766608402133e-05 1.024929770210292190e-05 2.553874946897849441e-05
1.560000000000000000e+04 6.162368663353845477e-06 1.477283331041689962e-05 5.699777830159291625e-06 1.540408411528915167e-04 1.118336695071775466e-05 1.670417805144097656e-05 6.162368663353845477e-06 1.477283331041689962e-05 5.699777830159291625e-06 1.540408411528915167e-04 1.118336695071775466e-05 1.670417805144097656e-05
1.570000000000000000e+04 6.249181751627475023e-06 1.056713426805799827e-05 4.915758836432360113e-06 2.248961754958145320e-05 8.108519068628083915e-06 4.802840066986391321e-06 6.249181751627475023e-06 1.056713426805799827e-05 4.915758836432360113e-06 2.248961754958145320e-05 8.108519068628083915e-06 4.802840066986391321e-06
1.580000000000000000e+04 6.644828317803330719e-06 1.429159419785719365e-05 5.543870884139323607e-06 6.052195676602423191e-04 2.981690704473294318e-05 1.427586248610168695e-04 6.644828317803330719e-06 1.429159419785719365e-05 5.543870884139323607e-06 6.052195676602423191e-04 2.981690704473294318e-05 1.427586248610168695e-04
1.590000000000000000e+04 5.992534624965628609e-06 1.330882696493063122e-05 5.377636171033373103e-06 1.800958125386387110e-04 1.048888043442275375e-05 3.359771653776988387e-05 5.992534624965628609e-06 1.330882696493063122e-05 5.377636171033373103e-06 1.800958125386387110e-04 1.048888043442275375e-05 3.359771653776988387e-05
1.600000000000000000e+04 7.338133400480728596e-06 1.388113560096826404e-05 5.078267349745146930e-06 1.229034241987392306e-04 1.171074200101429597e-05 1.189442809845786542e-05 7.338133400480728596e-06 1.388113560096826404e-05 5.078267349745146930e-06 1.229034241987392306e-04 1.171074200101429597e-05 1.189442809845786542e-05
1.610000000000000000e+04 6.340971140161855146e-06 1.152731420006603003e-05 4.989797162124887109e-06 6.655856850557029247e-05 1.102025998989120126e-05 2.300564665347337723e-05 6.340971140161855146e-06 1.152731420006603003e-05 4.989797162124887109e-06 6.655856850557029247e-05 1.102025998989120126e-05 2.300564665347337723e-05
1.620000000000000000e+04 6.106765340518904850e-06 1.719403553579468280e-05 4.910939424007665366e-06 1.406901865266263485e-04 2.196633977291639894e-05 4.327659553382545710e-05 6.106765340518904850e-06 1.719403553579468280e-05 4.910939424007665366e-06 1.406901865266263485e-04 2.196633977291639894e-05 4.327659553382545710e-05
1.630000000000000000e+04 6.459309588535688818e-06 2.103107362927403301e-05 4.992613412468926981e-06 1.726529735606163740e-04 1.516865904704900458e-05 1.078059085557470098e-05 6.459309588535688818e-06 2.103107362927403301e-05 4.992613412468926981e-06 1.726529735606163740e-04 1.516865904704900458e-05 1.078059085557470098e-05
1.640000000000000000e+04 5.668918674928136170e-06 1.424983747710939497e-05 4.990703473595203832e-06 2.916856028605252504e-04 1.375951342197367921e-05 3.867644409183412790e-05 5.668918674928136170e-06 1.424983747710939497e-05 4.990703473595203832e-06 2.916856028605252504e-04 1.375951342197367921e-05 3.867644409183412790e-05
1.650000000000000000e+04 5.992776550556300208e-06 9.544723070575855672e-06 4.806026026926701888e-06 2.881511500163469464e-05 1.125793187384260818e-05 4.742850433103740215e-05 5.992776550556300208e-06 9.544723070575855672e-06 4.806026026926701888e-06 2.881511500163469464e-05 1.125793187384260818e-05 4.742850433103740215e-05
1.660000000000000000e+04 5.680114099959610030e-06 9.497932296653743833e-06 4.455332600628025830e-06 1.640678783587645739e-05 7.242636002047220245e-06 3.698664613693836145e-06 5.680114099959610030e-06 9.497932296653743833e-06 4.455332600628025830e-06 1.640678783587645739e-05 7.242636002047220245e-06 3.698664613693836145e-06
1.670000000000000000e+04 7.379935141216265038e-06 1.687437543296255171e-05 7.622393695783102885e-06 1.872373279184103012e-03 6.546277290908619761e-05 3.776796802412718534e-04 7.379935141216265038e-06 1.687437543296255171e-05 7.622393695783102885e-06 1.872373279184103012e-03 6.546277290908619761e-05 3.776796802412718534e-04
1.680000000000000000e+04 5.665177013725042343e-06 9.790097465156577528e-06 4.511602128332015127e-06 2.494456421118229628e-04 1.247960517503088340e-05 3.711924728122539818e-05 5.665177013725042343e-06 9.790097465156577528e-06 4.511602128332015127e-06 2.494456421118229628e-04 1.247960517503088340e-05 3.711924728122539818e-05
1.690000000000000000e+04 7.036451279418542981e-06 2.159181531169451773e-05 5.418782166088931262e-06 2.890700416173785925e-04 3.343120988574810326e-05 7.968479621922597289e-05 7.036451279418542981e-06 2.159181531169451773e-05 5.418782166088931262e-06 2.890700416173785925e-04 3.343120988574810326e-05 7.968479621922597289e-05
1.700000000000000000e+04 5.479324954649200663e-06 1.088875251298304647e-05 4.434205493453191593e-06 1.304358302149921656e-04 9.255091754312161356e-06 1.488040470576379448e-05 5.479324954649200663e-06 1.088875251298304647e-05 4.434205493453191593e-06 1.304358302149921656e-04 9.255091754312161356e-06 1.488040470576379448e-05
1.710000000000000000e+04 6.124089395598275587e-06 1.720334876154083759e-05 5.403976501838769764e-06 1.346317294519394636e-04 1.678079752309713513e-05 1.741863707138691097e-05 6.124089395598275587e-06 1.720334876154083759e-05 5.403976501838769764e-06 1.346317294519394636e-04 1.678079752309713513e-05 1.741863707138691097e-05
1.720000000000000000e+04 5.311524546414148062e-06 9.779768333828542382e-06 4.531236299953889102e-06 7.267431647051125765e-05 7.713149898336268961e-06 6.677197688986780122e-06 5.311524546414148062e-06 9.779768333828542382e-06 4.531236299953889102e-06 7.267431647051125765e-05 7.713149898336268961e-06 6.677197688986780122e-06
1.730000000000000000e+04 5.043176315666642040e-06 8.883703230821993202e-06 4.433791218616534024e-06 2.753580047283321619e-04 1.340725248155649751e-05 6.389659392880275846e-05 5.043176315666642040e-06 8.883703230821993202e-06 4.433791218616534024e-06 2.753580047283321619e-04 1.340725248155649751e-05 6.389659392880275846e-05
1.740000000000000000e+04 6.203098564583342522e-06 1.833062924561090767e-05 6.103416581026976928e-06 4.659969417843967676e-04 1.937507840921171010e-05 7.010455738054588437e-05 6.203098564583342522e-06 1.833062924561090767e-05 6.103416581026976928e-06 4.659969417843967676e-04 1.937507840921171010e-05 7.010455738054588437e-05
1.750000000000000000e+04 7.028250820440007374e-06 1.693181002337951213e-05 7.694871783314738423e-06 3.222055383957922459e-04 3.484664193820208311e-05 2.184343029512092471e-04 7.028250820440007374e-06 1.693181002337951213e-05 7.694871783314738423e-06 3.222055383957922459e-04 3.484664193820208311e-05 2.184343029512092471e-04
1.760000000000000000e+04 7.770858246658463031e-06 2.147265149687882513e-05 5.718527063436340541e-06 4.707303596660494804e-04 2.059579855995252728e-05 2.647482870088424534e-05 7.770858246658463031e-06 2.147265149687882513e-05 5.718527063436340541e-06 4.707303596660494804e-04 2.059579855995252728e-05 2.647482870088424534e-05
1.770000000000000000e+04 5.442155725177144632e-06 1.336281275143846869e-05 4.622203505277866498e-06 3.918572911061346531e-04 1.699634776741731912e-05 5.355331086320802569e-05 5.442155725177144632e-06 1.336281275143846869e-05 4.622203505277866498e-06 3.918572911061346531e-04 1.699634776741731912e-05 5.355331086320802569e-05
1.780000000000000000e+04 5.126839369040681049e-06 1.295957554248161614e-05 4.262960374035174027e-06 1.458991464460268617e-04 1.014090867101913318e-05 1.250739205715944991e-05 5.126839369040681049e-06 1.295957554248161614e-05 4.262960374035174027e-06 1.458991464460268617e-04 1.014090867101913318e-05 1.250739205715944991e-05
1.790000000000000000e+04 5.292977220960892737e-06 1.057245026458986104e-05 3.872284651151858270e-06 2.328897680854424834e-04 1.759499537001829594e-05 3.993640711996704340e-05 5.292977220960892737e-06 1.057245026458986104e-05 3.872284651151858270e-06 2.328897680854424834e-04 1.759499537001829594e-05 3.993640711996704340e-05
1.800000000000000000e+04 5.135998435434885323e-06 1.061071816366165876e-05 4.149398591835051775e-06 3.008805833815131336e-05 9.246772606275044382e-06 8.213100045395549387e-06 5.135998435434885323e-06 1.061071816366165876e-05 4.149398591835051775e-06 3.008805833815131336e-05 9.246772606275044382e-06 8.213100045395549387e-06
1.810000000000000000e+04 5.064178367319982499e-06 1.915431857923977077e-05 4.210452516417717561e-06 1.647190510993823409e-04 1.480772607465041801e-05 1.309143044636584818e-05 5.064178367319982499e-06 1.915431857923977077e-05 4.210452516417717561e-06 1.647190510993823409e-04 1.480772607465041801e-05 1.309143044636584818e-05
1.820000000000000000e+04 5.090636932436609641e-06 8.089004040812142193e-06 3.697778311106958427e-06 2.252412741654552519e-05 6.769920673832530156e-06 4.581116172630572692e-06 5.090636932436609641e-06 8.089004040812142193e-06 3.697778311106958427e-06 2.252412741654552519e-05 6.769920673832530156e-06 4.581116172630572692e-06
1.830000000000000000e+04 4.786781119037186727e-06 8.620241715107113123e-06 3.763398581213550642e-06 1.949899451574310660e-04 1.107306252379203215e-05 3.987615491496399045e-05 4.786781119037186727e-06 8.620241715107113123e-06 3.763398581213550642e-06 1.949899451574310660e-04 1.107306252379203215e-05 3.987615491496399045e-05
1.840000000000000000e+04 5.977052296657348052e-06 1.055843404174083844e-05 5.008270818507298827e-06 9.975017746910452843e-04 3.409230703255161643e-05 1.619621325517073274e-04 5.977052296657348052e-06 1.055843404174083844e-05 5.008270818507298827e-06 9.975017746910452843e-04 3.409230703255161643e-05 1.619621325517073274e-04
1.850000000000000000e+04 4.778870334121165797e-06 8.272297236544545740e-06 3.712491206897539087e-06 2.129685162799432874e-05 7.055975856928853318e-06 3.821488462563138455e-06 4.778870334121165797e-06 8.272297236544545740e-06 3.712491206897539087e-06 2.129685162799432874e-05 7.055975856928853318e-06 3.821488462563138455e-06
1.860000000000000000e+04 4.608244580595055595e-06 8.659356353746261448e-06 3.768558144656708464e-06 1.251702924491837621e-04 8.201267519325483590e-06 1.566020000609569252e-05 4.608244580595055595e-06 8.659356353746261448e-06 3.768558144656708464e-06 1.251702924491837621e-04 8.201267519325483590e-06 1.566020000609569252e-05
1.870000000000000000e+04 6.310432581813074648e-06 1.471747145842527971e-05 6.039218988007633016e-06 6.869584321975708008e-04 3.124854993075132370e-05 1.319291477557271719e-04 6.310432581813074648e-06 1.471747145842527971e-05 6.039218988007633016e-06 6.869584321975708008e-04 3.124854993075132370e-05 1.319291477557271719e-04
1.880000000000000000e+04 5.273971964925294742e-06 2.024909372266847640e-05 5.333581157174194232e-06 2.728741965256631374e-04 2.160829171771183610e-05 5.195211997488513589e-05 5.273971964925294742e-06 2.024909372266847640e-05 5.333581157174194232e-06 2.728741965256631374e-04 2.160829171771183610e-05 5.195211997488513589e-05
1.890000000000000000e+04 4.784987140737939626e-06 1.064598018274409696e-05 4.271787474863231182e-06 2.837074280250817537e-04 1.431799591955495998e-05 4.149711094214580953e-05 4.784987140737939626e-06 1.064598018274409696e-05 4.271787474863231182e-06 2.837074280250817537e-04 1.431799591955495998e-05 4.149711094214580953e-05
1.900000000000000000e+04 5.073185093351639807e-06 9.857040822680573910e-06 3.947413915739161894e-06 1.070224388968199492e-04 1.097529820981435478e-05 1.977764259208925068e-05 5.073185093351639807e-06 9.857040822680573910e-06 3.947413915739161894e-06 1.070224388968199492e-04 1.097529820981435478e-05 1.977764259208925068e-05
1.910000000000000000e+04 4.670457201427780092e-06 1.050225546350702643e-05 3.912157353624934331e-06 6.532859697472304106e-05 9.572984708938747644e-06 8.755680937611032277e-06 4.670457201427780092e-06 1.050225546350702643e-05 3.912157353624934331e-06 6.532859697472304106e-05 9.572984708938747644e-06 8.755680937611032277e-06
1.920000000000000000e+04 4.488806098379427567e-06 6.667762136203236878e-06 3.444939011387759820e-06 4.112215538043528795e-05 6.495019079011399299e-06 5.163835794519400224e-06 4.488806098379427567e-06 6.667762136203236878e-06 3.444939011387759820e-06 4.112215538043528795e-05 6.495019079011399299e-06 5.163835794519400224e-06
1.930000000000000000e+04 4.305021775508066639e-06 6.677948022115742788e-06 3.405665893296827562e-06 8.178645657608285546e-05 6.590832072106422856e-06 1.070140206138603389e-05 4.305021775508066639e-06 6.677948022115742788e-06 3.405665893296827562e-06 8.178645657608285546e-05 6.590832072106422856e-06 1.070140206138603389e-05
1.940000000000000000e+04 4.778014044859446585e-06 2.014513484027702361e-05 3.989372089563403279e-06 4.993693073629401624e-05 1.934886131493840367e-05 8.732990863791201264e-06 4.778014044859446585e-06 2.014513484027702361e-05 3.989372089563403279e-06 4.993693073629401624e-05 1.934886131493840367e-05 8.732990863791201264e-06
1.950000000000000000e+04 4.889891897619236261e-06 2.139217394869774580e-05 3.948035555367823690e-06 8.470016473438590765e-05 1.834848626458551735e-05 7.232148618641076609e-06 4.889891897619236261e-06 2.139217394869774580e-05 3.948035555367823690e-06 8.470016473438590765e-05 1.834848626458551735e-05 7.232148618641076609e-06
1.960000000000000000e+04 4.772487045556772500e-06 9.405627679370809346e-06 4.711015662905992940e-06 2.704671351239085197e-04 2.298505023645702749e-05 1.427555980626493692e-04 4.772487045556772500e-06 9.405627679370809346e-06 4.711015662905992940e-06 2.704671351239085197e-04 2.298505023645702749e-05 1.427555980626493692e-04
1.970000000000000000e+04 4.946831268171081319e-06 1.098164739232743159e-05 4.383122359286062419e-06 5.677315639331936836e-04 2.402561221970245242e-05 1.001039127004332840e-04 4.946831268171081319e-06 1.098164739232743159e-05 4.383122359286062419e-06 5.677315639331936836e-04 2.402561221970245242e-05 1.001039127004332840e-04
1.980000000000000000e+04 4.397333668748615310e-06 1.154703022621106356e-05 3.746598167708725668e-06 1.603040436748415232e-04 1.184552093036472797e-05 2.623516047606244683e-05 4.397333668748615310e-06 1.154703022621106356e-05 3.746598167708725668e-06 1.603040436748415232e-04 1.184552093036472797e-05 2.623516047606244683e-05
1.990000000000000000e+04 5.918330771237378940e-06 1.947944292624015361e-05 6.936107638466637582e-06 9.798881364986300468e-04 3.011397711816243827e-05 1.519324287073686719e-04 5.918330771237378940e-06 1.947944292624015361e-05 6.936107638466637582e-06 9.798881364986300468e-04 3.011397711816243827e-05 1.519324287073686719e-04
2.000000000000000000e+04 6.093168849474750459e-06 1.464097567804856226e-05 6.736481736879795790e-06 1.074787112884223461e-03 3.587565151974558830e-05 1.840912009356543422e-04 6.093168849474750459e-06 1.464097567804856226e-05 6.736481736879795790e-06 1.074787112884223461e-03 3.587565151974558830e-05 1.840912009356543422e-04
2.000000000000000000e+04 6.093168849474750459e-06 1.464097567804856226e-05 6.736481736879795790e-06 1.074787112884223461e-03 3.587565151974558830e-05 1.840912009356543422e-04 6.093168849474750459e-06 1.464097567804856226e-05 6.736481736879795790e-06 1.074787112884223461e-03 3.587565151974558830e-05 1.840912009356543422e-04
2.010000000000000000e+04 4.143653768551303074e-06 5.831013368151616305e-06 3.153223133267601952e-06 5.820774276799056679e-06 4.820642061531543732e-06 2.137863475581980310e-06 4.143653768551303074e-06 5.831013368151616305e-06 3.153223133267601952e-06 5.820774276799056679e-06 4.820642061531543732e-06 2.137863475581980310e-06
2.020000000000000000e+04 4.089307367394212633e-06 5.771744781668530777e-06 3.136312670903862454e-06 5.768848950538085774e-06 4.744771104014944285e-06 2.122495288858772255e-06 4.089307367394212633e-06 5.771744781668530777e-06 3.136312670903862454e-06 5.768848950538085774e-06 4.744771104014944285e-06 2.122495288858772255e-06
2.030000000000000000e+04 4.036467998957959935e-06 5.699573193851392716e-06 3.111106252617901191e-06 5.738000254496000707e-06 4.696421001426642761e-06 2.112845322699286044e-06 4.036467998957959935e-06 5.699573193851392716e-06 3.111106252617901191e-06 5.738000254496000707e-06 4.696421001426642761e-06 2.112845322699286044e-06
2.040000000000000000e+04 3.986790943599771708e-06 5.628192411677446216e-06 3.080423766732565127e-06 5.695967502106213942e-06 4.650381924875546247e-06 2.097291371683240868e-06 3.986790943599771708e-06 5.628192411677446216e-06 3.080423766732565127e-06 5.695967502106213942e-06 4.650381924875546247e-06 2.097291371683240868e-06
2.050000000000000000e+04 3.936820576200261712e-06 5.555335519602522254e-06 3.045504172405344434e-06 5.643828899337677285e-06 4.603683919413015246e-06 2.078159241136745550e-06 3.936820576200261712e-06 5.555335519602522254e-06 3.045504172405344434e-06 5.643828899337677285e-06 4.603683919413015246e-06 2.078159241136745550e-06
2.060000000000000000e+04 3.874007688864367083e-06 5.493663138622650877e-06 3.016688197021721862e-06 6.061033218429656699e-06 4.567152245726902038e-06 2.080438207485713065e-06 3.874007688864367083e-06 5.493663138622650877e-06 3.016688197021721862e-06 6.061033218429656699e-06 4.567152245726902038e-06 2.080438207485713065e-06
2.070000000000000000e+04 3.836962150671752170e-06 5.506919023900991306e-06 2.977715894303401001e-06 5.558847533393418416e-06 4.633906428352929652e-06 2.040705112449359149e-06 3.836962150671752170e-06 5.506919023900991306e-06 2.977715894303401001e-06 5.558847533393418416e-06 4.633906428352929652e-06 2.040705112449359149e-06
2.080000000000000000e+04 3.769424665733822621e-06 5.343108568922616541e-06 2.936156988653237931e-06 6.119383215263951570e-06 4.465191068447893485e-06 2.025377398240379989e-06 3.769424665733822621e-06 5.343108568922616541e-06 2.936156988653237931e-06 6.119383215263951570e-06 4.465191068447893485e-06 2.025377398240379989e-06
2.090000000000000000e+04 3.744210061995545402e-06 5.308938398229656741e-06 2.905234623540309258e-06 6.772455435566371307e-06 4.453236670087790117e-06 2.058084874079213478e-06 3.744210061995545402e-06 5.308938398229656741e-06 2.905234623540309258e-06 6.772455435566371307e-06 4.453236670087790117e-06 2.058084874079213478e-06
2.100000000000000000e+04 3.689865479827858508e-06 5.186360340303508565e-06 2.864686848624842241e-06 5.832532224303577095e-06 4.376184733700938523e-06 2.012889353864011355e-06 3.689865479827858508e-06 5.186360340303508565e-06 2.864686848624842241e-06 5.832532224303577095e-06 4.376184733700938523e-06 2.012889353864011355e-06
2.110000000000000000e+04 3.629976845331839286e-06 5.093517302157124504e-06 2.803424877129145898e-06 5.392454113462008536e-06 4.319177151046460494e-06 2.017102360696299002e-06 3.629976845331839286e-06 5.093517302157124504e-06 2.803424877129145898e-06 5.392454113462008536e-06 4.319177151046460494e-06 2.017102360696299002e-06
2.120000000000000000e+04 3.589586412999778986e-06 5.036520178691716865e-06 2.783347781587508507e-06 5.193838660488836467e-06 4.257998170942300931e-06 1.913185315061127767e-06 3.589586412999778986e-06 5.036520178691716865e-06 2.783347781587508507e-06 5.193838660488836467e-06 4.257998170942300931e-06 1.913185315061127767e-06
2.130000000000000000e+04 3.515958724165102467e-06 4.934213848173385486e-06 2.721262262639356777e-06 9.641534234106075019e-06 4.342917691246839240e-06 2.582766228442778811e-06 3.515958724165102467e-06 4.934213848173385486e-06 2.721262262639356777e-06 9.641534234106075019e-06 4.342917691246839240e-06 2.582766228442778811e-06
2.140000000000000000e+04 3.458196488281828351e-06 4.957793862558901310e-06 2.692609541554702446e-06 1.913068626890890300e-05 4.575090770231327042e-06 3.867107352562015876e-06 3.458196488281828351e-06 4.957793862558901310e-06 2.692609541554702446e-06 1.913068626890890300e-05 4.575090770231327042e-06 3.867107352562015876e-06
2.150000000000000000e+04 3.477683776509365998e-06 4.873011221206979826e-06 2.700858203752432019e-06 5.798833626613486558e-06 4.107915628992486745e-06 1.977658257601433434e-06 3.477683776509365998e-06 4.873011221206979826e-06 2.700858203752432019e-06 5.798833626613486558e-06 4.107915628992486745e-06 1.977658257601433434e-06
2.160000000000000000e+04 3.491417373879812658e-06 4.848496246268041432e-06 2.658539415278937668e-06 1.072462964657461271e-05 4.127515239815693349e-06 1.890090175038494635e-06 3.491417373879812658e-06 4.848496246268041432e-06 2.658539415278937668e-06 1.072462964657461271e-05 4.127515239815693349e-06 1.890090175038494635e-06
2.170000000000000000e+04 3.366373903190833516e-06 4.679576704802457243e-06 2.609819603094365448e-06 4.921600975649198517e-06 4.026062470074975863e-06 1.840089794313826133e-06 3.366373903190833516e-06 4.679576704802457243e-06 2.609819603094365448e-06 4.921600975649198517e-06 4.026062470074975863e-06 1.840089794313826133e-06
2.180000000000000000e+04 3.323784085296210833e-06 4.617665126716019586e-06 2.574236305008525960e-06 4.848321168537950143e-06 3.984860541095258668e-06 1.847077783168060705e-06 3.323784085296210833e-06 4.617665126716019586e-06 2.574236305008525960e-06 4.848321168537950143e-06 3.984860541095258668e-06 1.847077783168060705e-06
2.190000000000000000e+04 3.270490196882747114e-06 4.541146154224406928e-06 2.545835059208911844e-06 6.174884219944942743e-06 3.981456757173873484e-06 1.998713742068503052e-06 3.270490196882747114e-06 4.541146154224406928e-06 2.545835059208911844e-06 6.174884219944942743e-06 3.981456757173873484e-06 1.998713742068503052e-06
2.200000000000000000e+04 3.298398041806649417e-06 4.588860974763520062e-06 2.561809878898202442e-06 7.593490863655460998e-06 3.903319793607806787e-06 2.097452806992805563e-06 3.298398041806649417e-06 4.588860974763520062e-06 2.561809878898202442e-06 7.593490863655460998e-06 3.903319793607806787e-06 2.097452806992805563e-06
2.210000000000000000e+04 3.212441924915765412e-06 4.478343726077582687e-06 2.508043735360843129e-06 4.846747742703882977e-06 3.850886969303246588e-06 1.738205469337117393e-06 3.212441924915765412e-06 4.478343726077582687e-06 2.508043735360843129e-06 4.846747742703882977e-06 3.850886969303246588e-06 1.738205469337117393e-06
2.220000000000000000e+04 3.180163957949844189e-06 4.390655703900847584e-06 2.479590420989552513e-06 4.680312486016191542e-06 3.797649014813941903e-06 1.714860673018847592e-06 3.180163957949844189e-06 4.390655703900847584e-06 2.479590420989552513e-06 4.680312486016191542e-06 3.797649014813941903e-06 1.714860673018847592e-06
2.230000000000000000e+04 3.142955620205611922e-06 4.283333510102238506e-06 2.438655201331130229e-06 5.260706075205234811e-06 3.771911678995820694e-06 1.797953700588550419e-06 3.142955620205611922e-06 4.283333510102238506e-06 2.438655201331130229e-06 5.260706075205234811e-06 3.771911678995820694e-06 1.797953700588550419e-06
2.240000000000000000e+04 3.118679614999564365e-06 4.262242327968124300e-06 2.425469801892177202e-06 4.458363946469035000e-06 3.700524757732637227e-06 1.662016757109086029e-06 3.118679614999564365e-06 4.262242327968124300e-06 2.425469801892177202e-06 4.458363946469035000e-06 3.700524757732637227e-06 1.662016757109086029e-06
2.250000000000000000e+04 3.127633590338518843e-06 4.332358003011904657e-06 2.443441189825534821e-06 7.329936124733649194e-06 3.713542355399113148e-06 2.133378075086511672e-06 3.127633590338518843e-06 4.332358003011904657e-06 2.443441189825534821e-06 7.329936124733649194e-06 3.713542355399113148e-06 2.133378075086511672e-06
2.260000000000000000e+04 3.064501925109652802e-06 4.189555511402431875e-06 2.376594238739926368e-06 5.111636255605844781e-06 3.640209115474135615e-06 1.736611352498584893e-06 3.064501925109652802e-06 4.189555511402431875e-06 2.376594238739926368e-06 5.111636255605844781e-06 3.640209115474135615e-06 1.736611352498584893e-06
2.270000000000000000e+04 3.036855332538834773e-06 4.147272647969657555e-06 2.365338104937109165e-06 5.468214112624991685e-06 3.589337893572519533e-06 1.713632514110940974e-06 3.036855332538834773e-06 4.147272647969657555e-06 2.365338104937109165e-06 5.468214112624991685e-06 3.589337893572519533e-06 1.713632514110940974e-06
2.280000000000000000e+04 3.016900336660910398e-06 4.115318915864918381e-06 2.317563257747679017e-06 5.931278792559169233e-06 3.745856247405754402e-06 1.739300387271214277e-06 3.016900336660910398e-06 4.115318915864918381e-06 2.317563257747679017e-06 5.931278792559169233e-06 3.745856247405754402e-06 1.739300387271214277e-06
2.290000000000000000e+04 2.962136704809381627e-06 4.020744654553709552e-06 2.333437123525072820e-06 4.635461209545610473e-06 3.545606205079820938e-06 1.851795786933507770e-06 2.962136704809381627e-06 4.020744654553709552e-06 2.333437123525072820e-06 4.635461209545610473e-06 3.545606205079820938e-06 1.851795786933507770e-06
2.300000000000000000e+04 2.969266688523930497e-06 4.041575721203116700e-06 2.337811338293249719e-06 4.489534603635547683e-06 3.523866780597018078e-06 2.164114221159252338e-06 2.969266688523930497e-06 4.041575721203116700e-06 2.337811338293249719e-06 4.489534603635547683e-06 3.523866780597018078e-06 2.164114221159252338e-06
2.310000000000000000e+04 2.897090325859608129e-06 3.898298473359318450e-06 2.262451289425371215e-06 4.134909886488458142e-06 3.416743311390746385e-06 1.547507963550742716e-06 2.897090325859608129e-06 3.898298473359318450e-06 2.262451289425371215e-06 4.134909886488458142e-06 3.416743311390746385e-06 1.547507963550742716e-06
2.320000000000000000e+04 2.879844487324589863e-06 3.867401574098039418e-06 2.244482857349794358e-06 4.271023499313741922e-06 3.399243951207608916e-06 1.526218852632155176e-06 2.879844487324589863e-06 3.867401574098039418e-06 2.244482857349794358e-06 4.271023499313741922e-06 3.399243951207608916e-06 1.526218852632155176e-06
2.330000000000000000e+04 2.842485855580889620e-06 3.806513632298447192e-06 2.222236616944428533e-06 3.972891590819926932e-06 3.337133648528833874e-06 1.509278945377445780e-06 2.842485855580889620e-06 3.806513632298447192e-06 2.222236616944428533e-06 3.972891590819926932e-06 3.337133648528833874e-06 1.509278945377445780e-06
2.340000000000000000e+04 2.812745151459239423e-06 3.759801302294363268e-06 2.201159986725542694e-06 3.981336703873239458e-06 3.307206497993320227e-06 1.504335614299634472e-06 2.812745151459239423e-06 3.759801302294363268e-06 2.201159986725542694e-06 3.981336703873239458e-06 3.307206497993320227e-06 1.504335614299634472e-06
2.350000000000000000e+04 2.741611979217850603e-06 3.749327788682421669e-06 2.170448169636074454e-06 1.843098107201512903e-05 3.499668991935322993e-06 3.084697254962520674e-06 2.741611979217850603e-06 3.749327788682421669e-06 2.170448169636074454e-06 1.843098107201512903e-05 3.499668991935322993e-06 3.084697254962520674e-06
2.360000000000000000e+04 2.762840949799283408e-06 3.674479557957965881e-06 2.163696535717463121e-06 3.832939455605810508e-06 3.228401737942476757e-06 1.465471768824500032e-06 2.762840949799283408e-06 3.674479557957965881e-06 2.163696535717463121e-06 3.832939455605810508e-06 3.228401737942476757e-06 1.465471768824500032e-06
2.370000000000000000e+04 2.728795607254141942e-06 3.621463747549569234e-06 2.138969648513011634e-06 4.116862328373827040e-06 3.215488959540380165e-06 1.507991555627086200e-06 2.728795607254141942e-06 3.621463747549569234e-06 2.138969648513011634e-06 4.116862328373827040e-06 3.215488959540380165e-06 1.507991555627086200e-06
2.380000000000000000e+04 2.718114274102845229e-06 3.591882205000729300e-06 2.129023869201773778e-06 3.760196932489634492e-06 3.173209506712737493e-06 1.442117536498699337e-06 2.718114274102845229e-06 3.591882205000729300e-06 2.129023869201773778e-06 3.760196932489634492e-06 3.173209506712737493e-06 1.442117536498699337e-06
2.390000000000000000e+04 2.672639311640523374e-06 3.615565674408571795e-06 2.096035132126417011e-06 6.473471785284345970e-06 3.241688318667002022e-06 2.455455160088604316e-06 2.672639311640523374e-06 3.615565674408571795e-06 2.096035132126417011e-06 6.473471785284345970e-06 3.241688318667002022e-06 2.455455160088604316e-06
2.400000000000000000e+04 2.663868372110300697e-06 3.517660161378444172e-06 2.092720023938454688e-06 3.651274028015905060e-06 3.090789050474995747e-06 1.409657102158234920e-06 2.663868372110300697e-06 3.517660161378444172e-06 2.092720023938454688e-06 3.651274028015905060e-06 3.090789050474995747e-06 1.409657102158234920e-06
2.410000000000000000e+04 2.688434051378862932e-06 3.564099642971996218e-06 2.087570010189665481e-06 5.314686404744861647e-06 3.156937509629642591e-06 1.647772705837269314e-06 2.688434051378862932e-06 3.564099642971996218e-06 2.087570010189665481e-06 5.314686404744861647e-06 3.156937509629642591e-06 1.647772705837269314e-06
2.420000000000000000e+04 2.617172867758199573e-06 3.442730530878179707e-06 2.058354311884613708e-06 3.572451532818377018e-06 3.028402488780557178e-06 1.385586756441625766e-06 2.617172867758199573e-06 3.442730530878179707e-06 2.058354311884613708e-06 3.572451532818377018e-06 3.028402488780557178e-06 1.385586756441625766e-06
2.430000000000000000e+04 2.630879635034943931e-06 3.618065420596394688e-06 2.091511987600824796e-06 6.248626959859393537e-06 3.162285338476067409e-06 1.893690182441787329e-06 2.630879635034943931e-06 3.618065420596394688e-06 2.091511987600824796e-06 6.248626959859393537e-06 3.162285338476067409e-06 1.893690182441787329e-06
2.440000000000000000e+04 2.625825800350867212e-06 3.453307272138772532e-06 2.043743506874307059e-06 6.822727755206869915e-06 2.974335302496911027e-06 1.400123892381088808e-06 2.625825800350867212e-06 3.453307272138772532e-06 2.043743506874307059e-06 6.822727755206869915e-06 2.974335302496911027e-06 1.400123892381088808e-06
2.450000000000000000e+04 2.508480065444018692e-06 3.376790573383914307e-06 2.013076027651550248e-06 3.817612014245241880e-05 3.823561655735829845e-06 7.009160981397144496e-06 2.508480065444018692e-06 3.376790573383914307e-06 2.013076027651550248e-06 3.817612014245241880e-05 3.823561655735829845e-06 7.009160981397144496e-06
2.460000000000000000e+04 2.529059656808385625e-06 3.304397296233219095e-06 1.994864533116924576e-06 3.416637582631665282e-06 2.904774419221212156e-06 1.337578623861190863e-06 2.529059656808385625e-06 3.304397296233219095e-06 1.994864533116924576e-06 3.416637582631665282e-06 2.904774419221212156e-06 1.337578623861190863e-06
2.470000000000000000e+04 2.499590664228890091e-06 3.254998546253773384e-06 1.969837967408238910e-06 8.866295502230059355e-06 3.052937699976610020e-06 2.108006810885854065e-06 2.499590664228890091e-06 3.254998546253773384e-06 1.969837967408238910e-06 8.866295502230059355e-06 3.052937699976610020e-06 2.108006810885854065e-06
2.480000000000000000e+04 2.484470542185590602e-06 3.239606940041994676e-06 1.964353941730223596e-06 3.340358944114996120e-06 2.844549271685536951e-06 1.314803398599906359e-06 2.484470542185590602e-06 3.239606940041994676e-06 1.964353941730223596e-06 3.340358944114996120e-06 2.844549271685536951e-06 1.314803398599906359e-06
2.490000000000000000e+04 2.462009206283255480e-06 3.193280235791462474e-06 1.943634970302809961e-06 3.412274509173585102e-06 2.826261379595962353e-06 1.332119722974312026e-06 2.462009206283255480e-06 3.193280235791462474e-06 1.943634970302809961e-06 3.412274509173585102e-06 2.826261379595962353e-06 1.332119722974312026e-06
2.500000000000000000e+04 2.448939767418778501e-06 3.172709739374113269e-06 1.930519374582218006e-06 3.527247372403508052e-06 2.813158289427519776e-06 1.302996565755165648e-06 2.448939767418778501e-06 3.172709739374113269e-06 1.930519374582218006e-06 3.527247372403508052e-06 2.813158289427519776e-06 1.302996565755165648e-06
2.510000000000000000e+04 2.428919287922326475e-06 3.154606702082674019e-06 1.925048309203702956e-06 3.259604909544577822e-06 2.754708020802354440e-06 1.282612743125355337e-06 2.428919287922326475e-06 3.154606702082674019e-06 1.925048309203702956e-06 3.259604909544577822e-06 2.754708020802354440e-06 1.282612743125355337e-06
2.520000000000000000e+04 2.409485205134842545e-06 3.138301281069288962e-06 1.914345148179563694e-06 3.613382659750641324e-06 2.729363359321723692e-06 1.299755581385397818e-06 2.409485205134842545e-06 3.138301281069288962e-06 1.914345148179563694e-06 3.613382659750641324e-06 2.729363359321723692e-06 1.299755581385397818e-06
2.530000000000000000e+04 2.383820174145512283e-06 3.115407480436260812e-06 1.896459025374497287e-06 4.742666988022392616e-06 2.853948444681009278e-06 1.622413947188761085e-06 2.383820174145512283e-06 3.115407480436260812e-06 1.896459025374497287e-06 4.742666988022392616e-06 2.853948444681009278e-06 1.622413947188761085e-06
2.540000000000000000e+04 2.307325530637172051e-06 3.085289336013374850e-06 1.877281079032400157e-06 2.806271004374139011e-05 3.196453690179623663e-06 5.161984972801292315e-06 2.307325530637172051e-06 3.085289336013374850e-06 1.877281079032400157e-06 2.806271004374139011e-05 3.196453690179623663e-06 5.161984972801292315e-06
2.550000000000000000e+04 2.352076990064233541e-06 3.047699465241748840e-06 1.843812242441345006e-06 3.627734940891969018e-06 2.861848997781635262e-06 2.100762685586232692e-06 2.352076990064233541e-06 3.047699465241748840e-06 1.843812242441345006e-06 3.627734940891969018e-06 2.861848997781635262e-06 2.100762685586232692e-06
2.560000000000000000e+04 2.356963932470534928e-06 3.124288696199073456e-06 1.899247195069619920e-06 7.605783139297273010e-06 2.704289499888545834e-06 1.855170467024436221e-06 2.356963932470534928e-06 3.124288696199073456e-06 1.899247195069619920e-06 7.605783139297273010e-06 2.704289499888545834e-06 1.855170467024436221e-06
2.570000000000000000e+04 2.298840399816981517e-06 2.951774831672082655e-06 1.827505002438556403e-06 3.602652896006475203e-06 2.616505753394449130e-06 1.331241833213425707e-06 2.298840399816981517e-06 2.951774831672082655e-06 1.827505002438556403e-06 3.602652896006475203e-06 2.616505753394449130e-06 1.331241833213425707e-06
2.580000000000000000e+04 2.309396222699433565e-06 3.252632950534461997e-06 1.879848468888667412e-06 6.792866770410910249e-06 2.768312924672500230e-06 1.590193392075889278e-06 2.309396222699433565e-06 3.252632950534461997e-06 1.879848468888667412e-06 6.792866770410910249e-06 2.768312924672500230e-06 1.590193392075889278e-06
2.590000000000000000e+04 2.274007556479773484e-06 2.945323558378731832e-06 1.820704710553400218e-06 3.159479774694773369e-06 2.552410478529054672e-06 1.212884626511367969e-06 2.274007556479773484e-06 2.945323558378731832e-06 1.820704710553400218e-06 3.159479774694773369e-06 2.552410478529054672e-06 1.212884626511367969e-06
2.600000000000000000e+04 2.260837618450750597e-06 2.967978389278869145e-06 1.819096269173314795e-06 4.126322437514318153e-06 2.540159812269848771e-06 1.358548161078942940e-06 2.260837618450750597e-06 2.967978389278869145e-06 1.819096269173314795e-06 4.126322437514318153e-06 2.540159812269848771e-06 1.358548161078942940e-06
2.610000000000000000e+04 2.192902684328146279e-06 3.028092351087252609e-06 1.789812472452467773e-06 1.397463256580522284e-05 2.841002469722297974e-06 2.969713023048825562e-06 2.192902684328146279e-06 3.028092351087252609e-06 1.789812472452467773e-06 1.397463256580522284e-05 2.841002469722297974e-06 2.969713023048825562e-06
2.620000000000000000e+04 2.215128915850073099e-06 2.858567313523963094e-06 1.777725856300094165e-06 2.941244247267604806e-06 2.469290848239324987e-06 1.182883011097146664e-06 2.215128915850073099e-06 2.858567313523963094e-06 1.777725856300094165e-06 2.941244247267604806e-06 2.469290848239324987e-06 1.182883011097146664e-06
2.630000000000000000e+04 2.213749439761159010e-06 3.098131173828733154e-06 1.789244379324372858e-06 6.577496151294326410e-06 2.732527718762867153e-06 1.254597350452968385e-06 2.213749439761159010e-06 3.098131173828733154e-06 1.789244379324372858e-06 6.577496151294326410e-06 2.732527718762867153e-06 1.254597350452968385e-06
2.640000000000000000e+04 2.170749439756036736e-06 2.834072802215814590e-06 1.753039214236196131e-06 3.433329993640654720e-06 2.430626182103878818e-06 1.248304442924563773e-06 2.170749439756036736e-06 2.834072802215814590e-06 1.753039214236196131e-06 3.433329993640654720e-06 2.430626182103878818e-06 1.248304442924563773e-06
2.650000000000000000e+04 2.153469722543377429e-06 2.780385329970158637e-06 1.734976422085310332e-06 3.065416876779636368e-06 2.411143896097200923e-06 1.231819169333903119e-06 2.153469722543377429e-06 2.780385329970158637e-06 1.734976422085310332e-06 3.065416876779636368e-06 2.411143896097200923e-06 1.231819169333903119e-06
2.660000000000000000e+04 2.162915279768640175e-06 2.863646386686014012e-06 1.754121399244468194e-06 7.342029675783123821e-06 2.442248614897835068e-06 1.457652501812845003e-06 2.162915279768640175e-06 2.863646386686014012e-06 1.754121399244468194e-06 7.342029675783123821e-06 2.442248614897835068e-06 1.457652501812845003e-06
2.670000000000000000e+04 2.137827550541260280e-06 2.736675469350302592e-06 1.719886085993493907e-06 2.778633870548219420e-06 2.349191618122858927e-06 1.127698510572372470e-06 2.137827550541260280e-06 2.736675469350302592e-06 1.719886085993493907e-06 2.778633870548219420e-06 2.349191618122858927e-06 1.127698510572372470e-06
2.680000000000000000e+04 2.120355702572851442e-06 2.720355269048013724e-06 1.709150978967954870e-06 2.707853582251118496e-06 2.324914703422109596e-06 1.118499881158641074e-06 2.120355702572851442e-06 2.720355269048013724e-06 1.709150978967954870e-06 2.707853582251118496e-06 2.324914703422109596e-06 1.118499881158641074e-06
2.690000000000000000e+04 2.095721129080629908e-06 2.677126303751720116e-06 1.687219878476753365e-06 2.807299324558698572e-06 2.321634156032814644e-06 1.163748038379708305e-06 2.095721129080629908e-06 2.677126303751720116e-06 1.687219878476753365e-06 2.807299324558698572e-06 2.321634156032814644e-06 1.163748038379708305e-06
2.700000000000000000e+04 2.101575546475942247e-06 2.712069544941186905e-06 1.703864313640224282e-06 3.461403139226604253e-06 2.301451786479447037e-06 1.238695858774008229e-06 2.101575546475942247e-06 2.712069544941186905e-06 1.703864313640224282e-06 3.461403139226604253e-06 2.301451786479447037e-06 1.238695858774008229e-06
2.710000000000000000e+04 2.164649458791245706e-06 2.970230752907809801e-06 1.800036898202961311e-06 2.588233655842486769e-05 2.614090362840215676e-06 4.615274974639760330e-06 2.164649458791245706e-06 2.970230752907809801e-06 1.800036898202961311e-06 2.588233655842486769e-05 2.614090362840215676e-06 4.615274974639760330e-06
2.720000000000000000e+04 2.070248456220724620e-06 3.011849912581965327e-06 1.725675929264980368e-06 1.267137668037321419e-05 2.374511495872866362e-06 1.838466005210648291e-06 2.070248456220724620e-06 3.011849912581965327e-06 1.725675929264980368e-06 1.267137668037321419e-05 2.374511495872866362e-06 1.838466005210648291e-06
2.730000000000000000e+04 2.044272378043388017e-06 2.613560809550108388e-06 1.655699634284246713e-06 2.572088305896613747e-06 2.218848749180324376e-06 1.079046455743082333e-06 2.044272378043388017e-06 2.613560809550108388e-06 1.655699634284246713e-06 2.572088305896613747e-06 2.218848749180324376e-06 1.079046455743082333e-06
2.740000000000000000e+04 2.029997176578035578e-06 2.588595179986441508e-06 1.643401105866360012e-06 2.562855115684214979e-06 2.204925976911908947e-06 1.076119360732263885e-06 2.029997176578035578e-06 2.588595179986441508e-06 1.643401105866360012e-06 2.562855115684214979e-06 2.204925976911908947e-06 1.076119360732263885e-06
2.750000000000000000e+04 2.045470182565622963e-06 2.642892695803311653e-06 1.666513071540975943e-06 5.394267645897343755e-06 2.216930397480609827e-06 1.520945829724951182e-06 2.045470182565622963e-06 2.642892695803311653e-06 1.666513071540975943e-06 5.394267645897343755e-06 2.216930397480609827e-06 1.520945829724951182e-06
2.760000000000000000e+04 2.053962589343427680e-06 2.666946102181100287e-06 1.640028585825348273e-06 5.142785539646865800e-06 2.233528675787965767e-06 1.149142462963936850e-06 2.053962589343427680e-06 2.666946102181100287e-06 1.640028585825348273e-06 5.142785539646865800e-06 2.233528675787965767e-06 1.149142462963936850e-06
2.770000000000000000e+04 1.967195885299588554e-06 2.491096665835357271e-06 1.594249852132634260e-06 6.169922926346771419e-06 2.258472022731439210e-06 1.794381091713148635e-06 1.967195885299588554e-06 2.491096665835357271e-06 1.594249852132634260e-06 6.169922926346771419e-06 2.258472022731439210e-06 1.794381091713148635e-06
2.780000000000000000e+04 1.963881686606328003e-06 2.504519216017797589e-06 1.592079229340015445e-06 3.950916379835689440e-06 2.183566493840771727e-06 1.315390250056225341e-06 1.963881686606328003e-06 2.504519216017797589e-06 1.592079229340015445e-06 3.950916379835689440e-06 2.183566493840771727e-06 1.315390250056225341e-06
2.790000000000000000e+04 1.934096189870615490e-06 2.476774170645512640e-06 1.575174565004999749e-06 4.445992999535519630e-06 2.182433036068687215e-06 1.763767500051471870e-06 1.934096189870615490e-06 2.476774170645512640e-06 1.575174565004999749e-06 4.445992999535519630e-06 2.182433036068687215e-06 1.763767500051471870e-06
2.800000000000000000e+04 1.957838321686722338e-06 2.517281473046750762e-06 1.601116650817857590e-06 3.105894393229391426e-06 2.092260501740383916e-06 1.120840579460491426e-06 1.957838321686722338e-06 2.517281473046750762e-06 1.601116650817857590e-06 3.105894393229391426e-06 2.092260501740383916e-06 1.120840579460491426e-06
2.810000000000000000e+04 1.929732206917833537e-06 2.499117499610292725e-06 1.578997853357577696e-06 2.824809143930906430e-06 2.095574927807319909e-06 1.150400976257515140e-06 1.929732206917833537e-06 2.499117499610292725e-06 1.578997853357577696e-06 2.824809143930906430e-06 2.095574927807319909e-06 1.150400976257515140e-06
2.820000000000000000e+04 1.904425403154164087e-06 2.684333367142244242e-06 1.604578301339643076e-06 8.798676390142645687e-06 2.151170974684646353e-06 1.372058136439591181e-06 1.904425403154164087e-06 2.684333367142244242e-06 1.604578301339643076e-06 8.798676390142645687e-06 2.151170974684646353e-06 1.372058136439591181e-06
2.830000000000000000e+04 1.906576244437019341e-06 2.439374611640232615e-06 1.561902990943053737e-06 2.355204514969955198e-06 2.024958121182862669e-06 1.010020014291512780e-06 1.906576244437019341e-06 2.439374611640232615e-06 1.561902990943053737e-06 2.355204514969955198e-06 2.024958121182862669e-06 1.010020014291512780e-06
2.840000000000000000e+04 1.886796212602348533e-06 2.401422989350976422e-06 1.543605094411759637e-06 2.554896127549000084e-06 2.020563442783895880e-06 1.053869596034928691e-06 1.886796212602348533e-06 2.401422989350976422e-06 1.543605094411759637e-06 2.554896127549000084e-06 2.020563442783895880e-06 1.053869596034928691e-06
2.850000000000000000e+04 1.881498974398709834e-06 2.406085741313290782e-06 1.543676717119524255e-06 2.331287305423757061e-06 1.990256578210392036e-06 9.972504813049454242e-07 1.881498974398709834e-06 2.406085741313290782e-06 1.543676717119524255e-06 2.331287305423757061e-06 1.990256578210392036e-06 9.972504813049454242e-07
2.860000000000000000e+04 1.871337985903664958e-06 2.402018708380637690e-06 1.540353082418732811e-06 2.533049610065063462e-06 1.974502765733632259e-06 1.014292251966253389e-06 1.871337985903664958e-06 2.402018708380637690e-06 1.540353082418732811e-06 2.533049610065063462e-06 1.974502765733632259e-06 1.014292251966253389e-06
2.870000000000000000e+04 1.894973024718638044e-06 2.666495902303722687e-06 1.615845235392043833e-06 1.125624839914962649e-05 2.309246383447316475e-06 2.510425929358461872e-06 1.894973024718638044e-06 2.666495902303722687e-06 1.615845235392043833e-06 1.125624839914962649e-05 2.309246383447316475e-06 2.510425929358461872e-06
2.880000000000000000e+04 1.843683548941044137e-06 2.368499281146796420e-06 1.519288503004645463e-06 2.307168415427440777e-06 1.939312824106309563e-06 9.779556648936704732e-07 1.843683548941044137e-06 2.368499281146796420e-06 1.519288503004645463e-06 2.307168415427440777e-06 1.939312824106309563e-06 9.779556648936704732e-07
2.890000000000000000e+04 1.831886379477509763e-06 2.347508370803552680e-06 1.511356799710483756e-06 2.237679382233181968e-06 1.921985131048131734e-06 9.737797199704800732e-07 1.831886379477509763e-06 2.347508370803552680e-06 1.511356799710483756e-06 2.237679382233181968e-06 1.921985131048131734e-06 9.737797199704800732e-07
2.900000000000000000e+04 1.833404326134768780e-06 2.419508064122055657e-06 1.530858298792736605e-06 3.586079174056067131e-06 1.994901140278670937e-06 1.279532739317801315e-06 1.833404326134768780e-06 2.419508064122055657e-06 1.530858298792736605e-06 3.586079174056067131e-06 1.994901140278670937e-06 1.279532739317801315e-06
2.910000000000000000e+04 1.821707428462104872e-06 2.480899183865403756e-06 1.584754159011936281e-06 1.079832418326986954e-05 2.022997023232164793e-06 3.216192908439552411e-06 1.821707428462104872e-06 2.480899183865403756e-06 1.584754159011936281e-06 1.079832418326986954e-05 2.022997023232164793e-06 3.216192908439552411e-06
2.920000000000000000e+04 1.807180751711712219e-06 2.327042011529556476e-06 1.496842742199078202e-06 2.990316716022789478e-06 1.880979880297672935e-06 1.054424615176685620e-06 1.807180751711712219e-06 2.327042011529556476e-06 1.496842742199078202e-06 2.990316716022789478e-06 1.880979880297672935e-06 1.054424615176685620e-06
2.930000000000000000e+04 1.771319602994481102e-06 2.365789441682863981e-06 1.473448492106399499e-06 4.538685516308760270e-06 1.947184273376478814e-06 1.220275180457974784e-06 1.771319602994481102e-06 2.365789441682863981e-06 1.473448492106399499e-06 4.538685516308760270e-06 1.947184273376478814e-06 1.220275180457974784e-06
2.940000000000000000e+04 1.845018573476409074e-06 2.525424633859074675e-06 1.520610680927347858e-06 1.054267158906441182e-05 1.981568857445381582e-06 1.531908310425933450e-06 1.845018573476409074e-06 2.525424633859074675e-06 1.520610680927347858e-06 1.054267158906441182e-05 1.981568857445381582e-06 1.531908310425933450e-06
2.950000000000000000e+04 1.760070745149278082e-06 2.255284698549075983e-06 1.459207851439714432e-06 2.104800159941078164e-06 1.828751805987849366e-06 9.376726666232571006e-07 1.760070745149278082e-06 2.255284698549075983e-06 1.459207851439714432e-06 2.104800159941078164e-06 1.828751805987849366e-06 9.376726666232571006e-07
2.960000000000000000e+04 1.755231664901657496e-06 2.306860778844566084e-06 1.466287812945665792e-06 2.192645752074895427e-06 1.850085936894174665e-06 1.144299631050671451e-06 1.755231664901657496e-06 2.306860778844566084e-06 1.466287812945665792e-06 2.192645752074895427e-06 1.850085936894174665e-06 1.144299631050671451e-06
2.970000000000000000e+04 1.747382157191168517e-06 2.270226332257152535e-06 1.456149675505002961e-06 3.079329417232656851e-06 1.815321297726768535e-06 1.028511064760095906e-06 1.747382157191168517e-06 2.270226332257152535e-06 1.456149675505002961e-06 3.079329417232656851e-06 1.815321297726768535e-06 1.028511064760095906e-06
2.980000000000000000e+04 1.731402221594180446e-06 2.232028919024742208e-06 1.445021666768298019e-06 2.268638354507857002e-06 1.784283995220903307e-06 9.453756319999229163e-07 1.731402221594180446e-06 2.232028919024742208e-06 1.445021666768298019e-06 2.268638354507857002e-06 1.784283995220903307e-06 9.453756319999229163e-07
2.990000000000000000e+04 1.716171482257777825e-06 2.208089426858350635e-06 1.427929532837879378e-06 2.075662223433027975e-06 1.769603954926424194e-06 9.189528782371780835e-07 1.716171482257777825e-06 2.208089426858350635e-06 1.427929532837879378e-06 2.075662223433027975e-06 1.769603954926424194e-06 9.189528782371780835e-07
3.000000000000000000e+04 1.703496195659681689e-06 2.187149902965757065e-06 1.418895976712519769e-06 2.050759349003783427e-06 1.758151142894348595e-06 9.250358630197297316e-07 1.703496195659681689e-06 2.187149902965757065e-06 1.418895976712519769e-06 2.050759349003783427e-06 1.758151142894348595e-06 9.250358630197297316e-07
