0 [1.0000e-01, 1.1000e+00]
100 [2.8796e-02, 1.3204e+00]
200 [6.3905e-02, 1.6832e+00]
300 [4.7188e-02, 1.8616e+00]
400 [5.1687e-02, 1.9446e+00]
500 [4.8930e-02, 1.9868e+00]
600 [5.0773e-02, 2.0081e+00]
700 [5.3694e-02, 2.0035e+00]
800 [5.5750e-02, 1.9789e+00]
900 [5.6394e-02, 1.9409e+00]
1000 [5.7440e-02, 1.8935e+00]
1100 [5.7442e-02, 1.8398e+00]
1200 [5.8699e-02, 1.7827e+00]
1300 [5.8999e-02, 1.7234e+00]
1400 [6.0283e-02, 1.6619e+00]
1500 [6.1575e-02, 1.5971e+00]
1600 [6.3059e-02, 1.5295e+00]
1700 [6.5964e-02, 1.4593e+00]
1800 [6.8541e-02, 1.3916e+00]
1900 [7.1031e-02, 1.3276e+00]
2000 [7.3086e-02, 1.2742e+00]
2100 [7.5345e-02, 1.2282e+00]
2200 [7.8088e-02, 1.1907e+00]
2300 [7.9574e-02, 1.1621e+00]
2400 [8.1121e-02, 1.1406e+00]
2500 [8.3155e-02, 1.1247e+00]
2600 [8.3464e-02, 1.1104e+00]
2700 [8.3620e-02, 1.0999e+00]
2800 [8.5028e-02, 1.0911e+00]
2900 [8.6539e-02, 1.0863e+00]
3000 [8.6188e-02, 1.0784e+00]
3100 [8.7291e-02, 1.0742e+00]
3200 [8.7241e-02, 1.0685e+00]
3300 [8.8268e-02, 1.0644e+00]
3400 [8.8531e-02, 1.0618e+00]
3500 [8.8973e-02, 1.0578e+00]
3600 [8.9172e-02, 1.0563e+00]
3700 [8.9773e-02, 1.0533e+00]
3800 [8.9746e-02, 1.0555e+00]
3900 [9.0077e-02, 1.0498e+00]
4000 [9.0950e-02, 1.0461e+00]
4100 [9.0662e-02, 1.0456e+00]
4200 [9.1183e-02, 1.0430e+00]
4300 [9.1067e-02, 1.0406e+00]
4400 [9.1139e-02, 1.0391e+00]
4500 [9.1842e-02, 1.0390e+00]
4600 [9.2206e-02, 1.0390e+00]
4700 [9.2218e-02, 1.0365e+00]
4800 [9.2599e-02, 1.0337e+00]
4900 [9.2517e-02, 1.0320e+00]
5000 [9.3053e-02, 1.0336e+00]
5100 [9.2469e-02, 1.0324e+00]
5200 [9.3374e-02, 1.0296e+00]
5300 [9.3405e-02, 1.0277e+00]
5400 [9.3993e-02, 1.0271e+00]
5500 [9.3765e-02, 1.0250e+00]
5600 [9.3786e-02, 1.0248e+00]
5700 [9.4100e-02, 1.0236e+00]
5800 [9.4149e-02, 1.0237e+00]
5900 [9.4565e-02, 1.0230e+00]
6000 [9.4844e-02, 1.0203e+00]
6100 [9.5656e-02, 1.0235e+00]
6200 [9.4958e-02, 1.0201e+00]
6300 [9.5143e-02, 1.0195e+00]
6400 [9.5274e-02, 1.0185e+00]
6500 [9.5691e-02, 1.0181e+00]
6600 [9.5576e-02, 1.0184e+00]
6700 [9.4472e-02, 1.0164e+00]
6800 [9.5509e-02, 1.0142e+00]
6900 [9.5917e-02, 1.0142e+00]
7000 [9.5791e-02, 1.0135e+00]
7100 [9.5858e-02, 1.0133e+00]
7200 [9.5879e-02, 1.0132e+00]
7300 [9.6124e-02, 1.0132e+00]
7400 [9.6228e-02, 1.0127e+00]
7500 [9.6132e-02, 1.0115e+00]
7600 [9.6434e-02, 1.0133e+00]
7700 [9.6625e-02, 1.0150e+00]
7800 [9.6039e-02, 1.0112e+00]
7900 [9.6290e-02, 1.0106e+00]
8000 [9.6432e-02, 1.0108e+00]
8100 [9.6671e-02, 1.0110e+00]
8200 [9.6707e-02, 1.0097e+00]
8300 [9.6485e-02, 1.0109e+00]
8400 [9.7025e-02, 1.0122e+00]
8500 [9.6852e-02, 1.0092e+00]
8600 [9.6506e-02, 1.0100e+00]
8700 [9.6293e-02, 1.0107e+00]
8800 [9.7199e-02, 1.0102e+00]
8900 [9.6928e-02, 1.0101e+00]
9000 [9.6912e-02, 1.0107e+00]
9100 [9.7261e-02, 1.0099e+00]
9200 [9.7437e-02, 1.0109e+00]
9300 [9.7188e-02, 1.0095e+00]
9400 [9.7600e-02, 1.0104e+00]
9500 [9.7815e-02, 1.0120e+00]
9600 [9.7691e-02, 1.0110e+00]
9700 [9.7319e-02, 1.0093e+00]
9800 [9.7365e-02, 1.0098e+00]
9900 [9.7185e-02, 1.0093e+00]
10000 [9.7523e-02, 1.0085e+00]
10000 [9.7523e-02, 1.0085e+00]
10100 [9.9874e-02, 1.0566e+00]
10200 [9.6079e-02, 1.0311e+00]
10300 [9.5643e-02, 1.0212e+00]
10400 [9.6119e-02, 1.0171e+00]
10500 [9.6541e-02, 1.0144e+00]
10600 [9.6831e-02, 1.0128e+00]
10700 [9.7055e-02, 1.0117e+00]
10800 [9.7251e-02, 1.0109e+00]
10900 [9.7431e-02, 1.0103e+00]
11000 [9.7596e-02, 1.0097e+00]
11100 [9.7728e-02, 1.0095e+00]
11200 [9.7867e-02, 1.0089e+00]
11300 [9.7958e-02, 1.0090e+00]
11400 [9.8063e-02, 1.0082e+00]
11500 [9.8129e-02, 1.0081e+00]
11600 [9.8048e-02, 1.0084e+00]
11700 [9.8062e-02, 1.0081e+00]
11800 [9.8267e-02, 1.0081e+00]
11900 [9.8201e-02, 1.0075e+00]
12000 [9.8426e-02, 1.0078e+00]
12100 [9.8234e-02, 1.0075e+00]
12200 [9.8234e-02, 1.0076e+00]
12300 [9.8411e-02, 1.0079e+00]
12400 [9.8577e-02, 1.0076e+00]
12500 [9.8304e-02, 1.0074e+00]
12600 [9.8423e-02, 1.0071e+00]
12700 [9.8497e-02, 1.0071e+00]
12800 [9.8485e-02, 1.0070e+00]
12900 [9.8580e-02, 1.0071e+00]
13000 [9.8578e-02, 1.0070e+00]
13100 [9.8559e-02, 1.0072e+00]
13200 [9.8662e-02, 1.0069e+00]
13300 [9.8718e-02, 1.0063e+00]
13400 [9.8588e-02, 1.0074e+00]
13500 [9.8780e-02, 1.0066e+00]
13600 [9.8719e-02, 1.0066e+00]
13700 [9.8846e-02, 1.0065e+00]
13800 [9.8521e-02, 1.0070e+00]
13900 [9.8830e-02, 1.0063e+00]
14000 [9.8733e-02, 1.0064e+00]
14100 [9.8887e-02, 1.0069e+00]
14200 [9.8701e-02, 1.0073e+00]
14300 [9.9125e-02, 1.0072e+00]
14400 [9.8834e-02, 1.0060e+00]
14500 [9.8684e-02, 1.0066e+00]
14600 [9.8792e-02, 1.0061e+00]
14700 [9.8476e-02, 1.0066e+00]
14800 [9.8591e-02, 1.0074e+00]
14900 [9.9054e-02, 1.0059e+00]
15000 [9.8799e-02, 1.0069e+00]
15100 [9.8717e-02, 1.0060e+00]
15200 [9.8953e-02, 1.0061e+00]
15300 [9.8736e-02, 1.0077e+00]
15400 [9.8835e-02, 1.0062e+00]
15500 [9.9045e-02, 1.0063e+00]
15600 [9.9039e-02, 1.0054e+00]
15700 [9.8998e-02, 1.0056e+00]
15800 [9.8891e-02, 1.0063e+00]
15900 [9.8991e-02, 1.0059e+00]
16000 [9.8902e-02, 1.0065e+00]
16100 [9.8882e-02, 1.0067e+00]
16200 [9.9108e-02, 1.0061e+00]
16300 [9.9097e-02, 1.0069e+00]
16400 [9.9139e-02, 1.0052e+00]
16500 [9.9120e-02, 1.0054e+00]
16600 [9.9169e-02, 1.0054e+00]
16700 [9.9035e-02, 1.0058e+00]
16800 [9.9035e-02, 1.0057e+00]
16900 [9.9149e-02, 1.0061e+00]
17000 [9.9169e-02, 1.0062e+00]
17100 [9.8780e-02, 1.0058e+00]
17200 [9.9124e-02, 1.0054e+00]
17300 [9.9316e-02, 1.0061e+00]
17400 [9.9147e-02, 1.0055e+00]
17500 [9.9184e-02, 1.0063e+00]
17600 [9.9115e-02, 1.0055e+00]
17700 [9.9198e-02, 1.0049e+00]
17800 [9.9185e-02, 1.0053e+00]
17900 [9.9060e-02, 1.0055e+00]
18000 [9.9194e-02, 1.0060e+00]
18100 [9.9190e-02, 1.0053e+00]
18200 [9.9208e-02, 1.0053e+00]
18300 [9.9266e-02, 1.0053e+00]
18400 [9.9211e-02, 1.0054e+00]
18500 [9.9063e-02, 1.0057e+00]
18600 [9.9309e-02, 1.0050e+00]
18700 [9.9188e-02, 1.0054e+00]
18800 [9.9224e-02, 1.0053e+00]
18900 [9.9154e-02, 1.0056e+00]
19000 [9.9294e-02, 1.0049e+00]
19100 [9.9205e-02, 1.0057e+00]
19200 [9.9291e-02, 1.0057e+00]
19300 [9.9380e-02, 1.0050e+00]
19400 [9.9186e-02, 1.0062e+00]
19500 [9.9233e-02, 1.0051e+00]
19600 [9.9182e-02, 1.0056e+00]
19700 [9.9316e-02, 1.0049e+00]
19800 [9.9426e-02, 1.0054e+00]
19900 [9.9333e-02, 1.0048e+00]
20000 [9.9276e-02, 1.0052e+00]
20000 [9.9276e-02, 1.0052e+00]
20100 [9.9400e-02, 1.0050e+00]
20200 [9.9434e-02, 1.0048e+00]
20300 [9.9451e-02, 1.0048e+00]
20400 [9.9461e-02, 1.0047e+00]
20500 [9.9468e-02, 1.0047e+00]
20600 [9.9476e-02, 1.0046e+00]
20700 [9.9481e-02, 1.0046e+00]
20800 [9.9489e-02, 1.0046e+00]
20900 [9.9495e-02, 1.0046e+00]
21000 [9.9498e-02, 1.0045e+00]
21100 [9.9507e-02, 1.0045e+00]
21200 [9.9511e-02, 1.0045e+00]
21300 [9.9519e-02, 1.0044e+00]
21400 [9.9525e-02, 1.0044e+00]
21500 [9.9530e-02, 1.0044e+00]
21600 [9.9526e-02, 1.0043e+00]
21700 [9.9542e-02, 1.0043e+00]
21800 [9.9546e-02, 1.0043e+00]
21900 [9.9552e-02, 1.0043e+00]
22000 [9.9553e-02, 1.0042e+00]
22100 [9.9566e-02, 1.0042e+00]
22200 [9.9568e-02, 1.0042e+00]
22300 [9.9573e-02, 1.0042e+00]
22400 [9.9579e-02, 1.0041e+00]
22500 [9.9584e-02, 1.0041e+00]
22600 [9.9586e-02, 1.0041e+00]
22700 [9.9588e-02, 1.0041e+00]
22800 [9.9586e-02, 1.0041e+00]
22900 [9.9592e-02, 1.0040e+00]
23000 [9.9604e-02, 1.0040e+00]
23100 [9.9610e-02, 1.0040e+00]
23200 [9.9611e-02, 1.0039e+00]
23300 [9.9618e-02, 1.0039e+00]
23400 [9.9622e-02, 1.0039e+00]
23500 [9.9620e-02, 1.0039e+00]
23600 [9.9629e-02, 1.0039e+00]
23700 [9.9629e-02, 1.0038e+00]
23800 [9.9636e-02, 1.0038e+00]
23900 [9.9654e-02, 1.0038e+00]
24000 [9.9642e-02, 1.0038e+00]
24100 [9.9627e-02, 1.0038e+00]
24200 [9.9649e-02, 1.0038e+00]
24300 [9.9650e-02, 1.0037e+00]
24400 [9.9646e-02, 1.0037e+00]
24500 [9.9658e-02, 1.0037e+00]
24600 [9.9660e-02, 1.0037e+00]
24700 [9.9656e-02, 1.0037e+00]
24800 [9.9667e-02, 1.0036e+00]
24900 [9.9669e-02, 1.0036e+00]
25000 [9.9669e-02, 1.0036e+00]
25100 [9.9674e-02, 1.0036e+00]
25200 [9.9678e-02, 1.0036e+00]
25300 [9.9674e-02, 1.0036e+00]
25400 [9.9686e-02, 1.0036e+00]
25500 [9.9681e-02, 1.0035e+00]
25600 [9.9687e-02, 1.0035e+00]
25700 [9.9691e-02, 1.0035e+00]
25800 [9.9694e-02, 1.0035e+00]
25900 [9.9697e-02, 1.0035e+00]
26000 [9.9696e-02, 1.0035e+00]
26100 [9.9714e-02, 1.0035e+00]
26200 [9.9703e-02, 1.0034e+00]
26300 [9.9700e-02, 1.0034e+00]
26400 [9.9711e-02, 1.0034e+00]
26500 [9.9711e-02, 1.0034e+00]
26600 [9.9712e-02, 1.0034e+00]
26700 [9.9714e-02, 1.0034e+00]
26800 [9.9716e-02, 1.0034e+00]
26900 [9.9717e-02, 1.0034e+00]
27000 [9.9714e-02, 1.0033e+00]
27100 [9.9719e-02, 1.0033e+00]
27200 [9.9736e-02, 1.0033e+00]
27300 [9.9727e-02, 1.0033e+00]
27400 [9.9728e-02, 1.0033e+00]
27500 [9.9723e-02, 1.0033e+00]
27600 [9.9726e-02, 1.0033e+00]
27700 [9.9734e-02, 1.0033e+00]
27800 [9.9736e-02, 1.0032e+00]
27900 [9.9737e-02, 1.0032e+00]
28000 [9.9739e-02, 1.0032e+00]
28100 [9.9743e-02, 1.0032e+00]
28200 [9.9756e-02, 1.0032e+00]
28300 [9.9746e-02, 1.0032e+00]
28400 [9.9748e-02, 1.0032e+00]
28500 [9.9749e-02, 1.0032e+00]
28600 [9.9750e-02, 1.0031e+00]
28700 [9.9746e-02, 1.0031e+00]
28800 [9.9756e-02, 1.0031e+00]
28900 [9.9756e-02, 1.0031e+00]
29000 [9.9761e-02, 1.0031e+00]
29100 [9.9762e-02, 1.0031e+00]
29200 [9.9761e-02, 1.0031e+00]
29300 [9.9763e-02, 1.0031e+00]
29400 [9.9754e-02, 1.0031e+00]
29500 [9.9767e-02, 1.0031e+00]
29600 [9.9770e-02, 1.0030e+00]
29700 [9.9765e-02, 1.0030e+00]
29800 [9.9772e-02, 1.0030e+00]
29900 [9.9772e-02, 1.0030e+00]
30000 [9.9775e-02, 1.0030e+00]
