# step, loss_train, loss_test, metrics_test
0.000000000000000000e+00 8.939768304117023945e-04 1.134309641201980412e-04 8.707537926966324449e-05 2.848056554794311523e+00 2.080086708068847656e+00 8.939768304117023945e-04 1.134309641201980412e-04 8.707537926966324449e-05 2.848056554794311523e+00 2.080086708068847656e+00
1.000000000000000000e+02 2.396943978965282440e-03 6.040981970727443695e-03 2.084634965285658836e-03 6.576648354530334473e-01 1.222047209739685059e+00 2.396943978965282440e-03 6.040981970727443695e-03 2.084634965285658836e-03 6.576648354530334473e-01 1.222047209739685059e+00
2.000000000000000000e+02 1.191258197650313377e-03 6.846931762993335724e-03 2.434920286759734154e-03 5.968688726425170898e-01 1.213874220848083496e+00 1.191258197650313377e-03 6.846931762993335724e-03 2.434920286759734154e-03 5.968688726425170898e-01 1.213874220848083496e+00
3.000000000000000000e+02 5.339371040463447571e-03 9.344444610178470612e-03 1.209901878610253334e-03 5.127628445625305176e-01 1.187652230262756348e+00 5.339371040463447571e-03 9.344444610178470612e-03 1.209901878610253334e-03 5.127628445625305176e-01 1.187652230262756348e+00
4.000000000000000000e+02 5.773852579295635223e-03 1.138892490416765213e-02 1.604392193257808685e-03 5.122916102409362793e-01 1.183622956275939941e+00 5.773852579295635223e-03 1.138892490416765213e-02 1.604392193257808685e-03 5.122916102409362793e-01 1.183622956275939941e+00
5.000000000000000000e+02 6.200041156262159348e-03 1.086919382214546204e-02 2.361248945817351341e-03 4.994530677795410156e-01 1.176295399665832520e+00 6.200041156262159348e-03 1.086919382214546204e-02 2.361248945817351341e-03 4.994530677795410156e-01 1.176295399665832520e+00
6.000000000000000000e+02 8.581683970987796783e-03 1.229984685778617859e-02 4.732562694698572159e-03 4.850394725799560547e-01 1.159757614135742188e+00 8.581683970987796783e-03 1.229984685778617859e-02 4.732562694698572159e-03 4.850394725799560547e-01 1.159757614135742188e+00
7.000000000000000000e+02 1.049996633082628250e-02 1.455593574792146683e-02 9.465269744396209717e-03 4.828782379627227783e-01 1.133627891540527344e+00 1.049996633082628250e-02 1.455593574792146683e-02 9.465269744396209717e-03 4.828782379627227783e-01 1.133627891540527344e+00
8.000000000000000000e+02 1.458739023655653000e-02 1.858179457485675812e-02 1.913218200206756592e-02 4.758642017841339111e-01 1.111612319946289062e+00 1.458739023655653000e-02 1.858179457485675812e-02 1.913218200206756592e-02 4.758642017841339111e-01 1.111612319946289062e+00
9.000000000000000000e+02 1.576839201152324677e-02 1.749185286462306976e-02 1.700851880013942719e-02 4.793173074722290039e-01 1.070745348930358887e+00 1.576839201152324677e-02 1.749185286462306976e-02 1.700851880013942719e-02 4.793173074722290039e-01 1.070745348930358887e+00
1.000000000000000000e+03 2.385382726788520813e-02 2.169213071465492249e-02 1.931734941899776459e-02 4.580230712890625000e-01 1.093768358230590820e+00 2.385382726788520813e-02 2.169213071465492249e-02 1.931734941899776459e-02 4.580230712890625000e-01 1.093768358230590820e+00
1.100000000000000000e+03 1.282950118184089661e-02 2.575589157640933990e-02 2.101249620318412781e-02 4.541571140289306641e-01 1.029614090919494629e+00 1.282950118184089661e-02 2.575589157640933990e-02 2.101249620318412781e-02 4.541571140289306641e-01 1.029614090919494629e+00
1.200000000000000000e+03 1.374168321490287781e-02 2.435345947742462158e-02 2.376239374279975891e-02 4.408140778541564941e-01 9.934797286987304688e-01 1.374168321490287781e-02 2.435345947742462158e-02 2.376239374279975891e-02 4.408140778541564941e-01 9.934797286987304688e-01
1.300000000000000000e+03 1.346770487725734711e-02 3.268539533019065857e-02 2.244755253195762634e-02 4.695790410041809082e-01 1.029386281967163086e+00 1.346770487725734711e-02 3.268539533019065857e-02 2.244755253195762634e-02 4.695790410041809082e-01 1.029386281967163086e+00
1.400000000000000000e+03 2.142960950732231140e-02 4.392208904027938843e-02 2.421510964632034302e-02 4.337512552738189697e-01 9.709962010383605957e-01 2.142960950732231140e-02 4.392208904027938843e-02 2.421510964632034302e-02 4.337512552738189697e-01 9.709962010383605957e-01
1.500000000000000000e+03 1.585418917238712311e-02 2.873932383954524994e-02 2.717749029397964478e-02 4.214487075805664062e-01 1.002024888992309570e+00 1.585418917238712311e-02 2.873932383954524994e-02 2.717749029397964478e-02 4.214487075805664062e-01 1.002024888992309570e+00
1.600000000000000000e+03 1.191092934459447861e-02 2.620343677699565887e-02 2.943511679768562317e-02 3.943699896335601807e-01 8.738858699798583984e-01 1.191092934459447861e-02 2.620343677699565887e-02 2.943511679768562317e-02 3.943699896335601807e-01 8.738858699798583984e-01
1.700000000000000000e+03 1.387634780257940292e-02 3.173539415001869202e-02 3.898647427558898926e-02 4.051082432270050049e-01 8.985389471054077148e-01 1.387634780257940292e-02 3.173539415001869202e-02 3.898647427558898926e-02 4.051082432270050049e-01 8.985389471054077148e-01
1.800000000000000000e+03 2.805092372000217438e-02 3.349609673023223877e-02 4.614998772740364075e-02 4.331259429454803467e-01 9.350209832191467285e-01 2.805092372000217438e-02 3.349609673023223877e-02 4.614998772740364075e-02 4.331259429454803467e-01 9.350209832191467285e-01
1.900000000000000000e+03 7.643396966159343719e-03 8.222770877182483673e-03 1.092299818992614746e-03 5.144172310829162598e-01 1.198754191398620605e+00 7.643396966159343719e-03 8.222770877182483673e-03 1.092299818992614746e-03 5.144172310829162598e-01 1.198754191398620605e+00
2.000000000000000000e+03 6.596977822482585907e-03 1.136322412639856339e-02 1.895093824714422226e-03 4.785031080245971680e-01 1.186964631080627441e+00 6.596977822482585907e-03 1.136322412639856339e-02 1.895093824714422226e-03 4.785031080245971680e-01 1.186964631080627441e+00
2.100000000000000000e+03 7.857140153646469116e-03 1.373838447034358978e-02 2.906572772189974785e-03 4.629821777343750000e-01 1.174196958541870117e+00 7.857140153646469116e-03 1.373838447034358978e-02 2.906572772189974785e-03 4.629821777343750000e-01 1.174196958541870117e+00
2.200000000000000000e+03 9.549822658300399780e-03 1.702319458127021790e-02 6.508727092295885086e-03 4.480264782905578613e-01 1.147746324539184570e+00 9.549822658300399780e-03 1.702319458127021790e-02 6.508727092295885086e-03 4.480264782905578613e-01 1.147746324539184570e+00
2.300000000000000000e+03 1.323855482041835785e-02 2.476215362548828125e-02 1.404130831360816956e-02 4.223548471927642822e-01 1.057241439819335938e+00 1.323855482041835785e-02 2.476215362548828125e-02 1.404130831360816956e-02 4.223548471927642822e-01 1.057241439819335938e+00
2.400000000000000000e+03 1.344201341271400452e-02 2.724617533385753632e-02 1.752067357301712036e-02 4.017298519611358643e-01 1.017787456512451172e+00 1.344201341271400452e-02 2.724617533385753632e-02 1.752067357301712036e-02 4.017298519611358643e-01 1.017787456512451172e+00
2.500000000000000000e+03 2.831473574042320251e-02 3.887365758419036865e-02 3.826453536748886108e-02 4.375964999198913574e-01 9.736086130142211914e-01 2.831473574042320251e-02 3.887365758419036865e-02 3.826453536748886108e-02 4.375964999198913574e-01 9.736086130142211914e-01
2.600000000000000000e+03 4.031431302428245544e-02 5.304844677448272705e-02 4.746115207672119141e-02 5.969803333282470703e-01 1.363188982009887695e+00 4.031431302428245544e-02 5.304844677448272705e-02 4.746115207672119141e-02 5.969803333282470703e-01 1.363188982009887695e+00
2.700000000000000000e+03 1.356378756463527679e-02 1.968278735876083374e-02 1.295637991279363632e-02 4.037141799926757812e-01 1.071717262268066406e+00 1.356378756463527679e-02 1.968278735876083374e-02 1.295637991279363632e-02 4.037141799926757812e-01 1.071717262268066406e+00
2.800000000000000000e+03 6.249051075428724289e-03 9.496973827481269836e-03 1.693175639957189560e-03 4.884920120239257812e-01 1.189916849136352539e+00 6.249051075428724289e-03 9.496973827481269836e-03 1.693175639957189560e-03 4.884920120239257812e-01 1.189916849136352539e+00
2.900000000000000000e+03 1.006650552153587341e-02 1.350960042327642441e-02 5.344525445252656937e-03 4.599342644214630127e-01 1.166904211044311523e+00 1.006650552153587341e-02 1.350960042327642441e-02 5.344525445252656937e-03 4.599342644214630127e-01 1.166904211044311523e+00
3.000000000000000000e+03 1.195260975509881973e-02 2.429654076695442200e-02 1.383843086659908295e-02 4.299140870571136475e-01 1.095579147338867188e+00 1.195260975509881973e-02 2.429654076695442200e-02 1.383843086659908295e-02 4.299140870571136475e-01 1.095579147338867188e+00
3.100000000000000000e+03 1.337443850934505463e-02 2.848126366734504700e-02 2.496083080768585205e-02 3.998635113239288330e-01 1.007627606391906738e+00 1.337443850934505463e-02 2.848126366734504700e-02 2.496083080768585205e-02 3.998635113239288330e-01 1.007627606391906738e+00
3.200000000000000000e+03 1.384688820689916611e-02 2.402370609343051910e-02 2.189013548195362091e-02 3.881017565727233887e-01 9.521495699882507324e-01 1.384688820689916611e-02 2.402370609343051910e-02 2.189013548195362091e-02 3.881017565727233887e-01 9.521495699882507324e-01
3.300000000000000000e+03 1.549854315817356110e-02 3.104142658412456512e-02 2.337877452373504639e-02 3.847418129444122314e-01 8.908773660659790039e-01 1.549854315817356110e-02 3.104142658412456512e-02 2.337877452373504639e-02 3.847418129444122314e-01 8.908773660659790039e-01
3.400000000000000000e+03 1.344342436641454697e-02 3.173457458615303040e-02 2.753562666475772858e-02 3.859142959117889404e-01 9.302515983581542969e-01 1.344342436641454697e-02 3.173457458615303040e-02 2.753562666475772858e-02 3.859142959117889404e-01 9.302515983581542969e-01
3.500000000000000000e+03 2.050274424254894257e-02 5.243081972002983093e-02 3.291474282741546631e-02 4.043085277080535889e-01 9.712475538253784180e-01 2.050274424254894257e-02 5.243081972002983093e-02 3.291474282741546631e-02 4.043085277080535889e-01 9.712475538253784180e-01
3.600000000000000000e+03 1.621615141630172729e-02 2.703842148184776306e-02 2.475841715931892395e-02 3.691903650760650635e-01 8.262990117073059082e-01 1.621615141630172729e-02 2.703842148184776306e-02 2.475841715931892395e-02 3.691903650760650635e-01 8.262990117073059082e-01
3.700000000000000000e+03 1.768791116774082184e-02 2.557883784174919128e-02 3.214209526777267456e-02 3.936766386032104492e-01 8.724383115768432617e-01 1.768791116774082184e-02 2.557883784174919128e-02 3.214209526777267456e-02 3.936766386032104492e-01 8.724383115768432617e-01
3.800000000000000000e+03 3.604150190949440002e-02 5.369635671377182007e-02 6.110666319727897644e-02 4.873501062393188477e-01 1.134506583213806152e+00 3.604150190949440002e-02 5.369635671377182007e-02 6.110666319727897644e-02 4.873501062393188477e-01 1.134506583213806152e+00
3.900000000000000000e+03 1.802710816264152527e-02 3.095593862235546112e-02 3.172819316387176514e-02 3.492515981197357178e-01 7.512959837913513184e-01 1.802710816264152527e-02 3.095593862235546112e-02 3.172819316387176514e-02 3.492515981197357178e-01 7.512959837913513184e-01
4.000000000000000000e+03 6.890675053000450134e-03 1.099079567939043045e-02 6.198386661708354950e-03 5.230173468589782715e-01 1.201046705245971680e+00 6.890675053000450134e-03 1.099079567939043045e-02 6.198386661708354950e-03 5.230173468589782715e-01 1.201046705245971680e+00
4.100000000000000000e+03 8.787200786173343658e-03 1.559041067957878113e-02 1.896875444799661636e-03 4.651722609996795654e-01 1.182072997093200684e+00 8.787200786173343658e-03 1.559041067957878113e-02 1.896875444799661636e-03 4.651722609996795654e-01 1.182072997093200684e+00
4.200000000000000000e+03 1.166947092860937119e-02 1.635250821709632874e-02 4.033367149531841278e-03 4.371086657047271729e-01 1.163252472877502441e+00 1.166947092860937119e-02 1.635250821709632874e-02 4.033367149531841278e-03 4.371086657047271729e-01 1.163252472877502441e+00
4.300000000000000000e+03 1.087941136211156845e-02 2.279694378376007080e-02 8.761995472013950348e-03 4.086396396160125732e-01 1.116181731224060059e+00 1.087941136211156845e-02 2.279694378376007080e-02 8.761995472013950348e-03 4.086396396160125732e-01 1.116181731224060059e+00
4.400000000000000000e+03 1.791828311979770660e-02 2.847113646566867828e-02 2.610820345580577850e-02 3.692804574966430664e-01 9.903733134269714355e-01 1.791828311979770660e-02 2.847113646566867828e-02 2.610820345580577850e-02 3.692804574966430664e-01 9.903733134269714355e-01
4.500000000000000000e+03 2.821613848209381104e-02 3.946660831570625305e-02 3.822915628552436829e-02 3.776808977127075195e-01 9.035525918006896973e-01 2.821613848209381104e-02 3.946660831570625305e-02 3.822915628552436829e-02 3.776808977127075195e-01 9.035525918006896973e-01
4.600000000000000000e+03 5.464021582156419754e-03 1.168958656489849091e-02 2.238233340904116631e-03 4.900737106800079346e-01 1.182878851890563965e+00 5.464021582156419754e-03 1.168958656489849091e-02 2.238233340904116631e-03 4.900737106800079346e-01 1.182878851890563965e+00
4.700000000000000000e+03 9.133941493928432465e-03 1.637228578329086304e-02 3.661860246211290359e-03 4.528206884860992432e-01 1.163553714752197266e+00 9.133941493928432465e-03 1.637228578329086304e-02 3.661860246211290359e-03 4.528206884860992432e-01 1.163553714752197266e+00
4.800000000000000000e+03 1.525256596505641937e-02 1.951640658080577850e-02 8.810546249151229858e-03 4.167121648788452148e-01 1.116161823272705078e+00 1.525256596505641937e-02 1.951640658080577850e-02 8.810546249151229858e-03 4.167121648788452148e-01 1.116161823272705078e+00
4.900000000000000000e+03 1.752224005758762360e-02 3.152113780379295349e-02 1.630852185189723969e-02 4.282079041004180908e-01 1.075208187103271484e+00 1.752224005758762360e-02 3.152113780379295349e-02 1.630852185189723969e-02 4.282079041004180908e-01 1.075208187103271484e+00
5.000000000000000000e+03 1.963968388736248016e-02 5.707509815692901611e-02 2.991173230111598969e-02 4.423212110996246338e-01 9.708296060562133789e-01 1.963968388736248016e-02 5.707509815692901611e-02 2.991173230111598969e-02 4.423212110996246338e-01 9.708296060562133789e-01
5.100000000000000000e+03 1.753228344023227692e-02 2.905876561999320984e-02 2.570736967027187347e-02 3.939647376537322998e-01 8.501076698303222656e-01 1.753228344023227692e-02 2.905876561999320984e-02 2.570736967027187347e-02 3.939647376537322998e-01 8.501076698303222656e-01
5.200000000000000000e+03 3.355203196406364441e-02 4.439998790621757507e-02 5.667370185256004333e-02 4.484504759311676025e-01 1.016234517097473145e+00 3.355203196406364441e-02 4.439998790621757507e-02 5.667370185256004333e-02 4.484504759311676025e-01 1.016234517097473145e+00
5.300000000000000000e+03 1.943274959921836853e-02 2.792208269238471985e-02 2.466571889817714691e-02 4.048040211200714111e-01 8.898435235023498535e-01 1.943274959921836853e-02 2.792208269238471985e-02 2.466571889817714691e-02 4.048040211200714111e-01 8.898435235023498535e-01
5.400000000000000000e+03 2.947618998587131500e-02 2.426825277507305145e-02 1.393724791705608368e-02 4.555704295635223389e-01 1.140284776687622070e+00 2.947618998587131500e-02 2.426825277507305145e-02 1.393724791705608368e-02 4.555704295635223389e-01 1.140284776687622070e+00
5.500000000000000000e+03 2.215420268476009369e-02 5.037118494510650635e-02 4.985797032713890076e-02 4.389113783836364746e-01 1.020034432411193848e+00 2.215420268476009369e-02 5.037118494510650635e-02 4.985797032713890076e-02 4.389113783836364746e-01 1.020034432411193848e+00
5.600000000000000000e+03 1.468343939632177353e-02 2.673517726361751556e-02 2.350133657455444336e-02 3.614526987075805664e-01 7.622206807136535645e-01 1.468343939632177353e-02 2.673517726361751556e-02 2.350133657455444336e-02 3.614526987075805664e-01 7.622206807136535645e-01
5.700000000000000000e+03 1.771594956517219543e-02 2.782402187585830688e-02 2.973777800798416138e-02 3.481134474277496338e-01 7.918183207511901855e-01 1.771594956517219543e-02 2.782402187585830688e-02 2.973777800798416138e-02 3.481134474277496338e-01 7.918183207511901855e-01
5.800000000000000000e+03 1.899299770593643188e-02 3.250950947403907776e-02 2.564462274312973022e-02 3.128410279750823975e-01 6.830258965492248535e-01 1.899299770593643188e-02 3.250950947403907776e-02 2.564462274312973022e-02 3.128410279750823975e-01 6.830258965492248535e-01
5.900000000000000000e+03 2.379059232771396637e-02 3.330574557185173035e-02 3.281452879309654236e-02 3.417125940322875977e-01 7.692227363586425781e-01 2.379059232771396637e-02 3.330574557185173035e-02 3.281452879309654236e-02 3.417125940322875977e-01 7.692227363586425781e-01
6.000000000000000000e+03 6.828265264630317688e-03 1.219021715223789215e-02 4.977700300514698029e-03 5.067296028137207031e-01 1.194504857063293457e+00 6.828265264630317688e-03 1.219021715223789215e-02 4.977700300514698029e-03 5.067296028137207031e-01 1.194504857063293457e+00
6.100000000000000000e+03 1.023228652775287628e-02 1.491520088165998459e-02 3.589951898902654648e-03 4.507771730422973633e-01 1.174272060394287109e+00 1.023228652775287628e-02 1.491520088165998459e-02 3.589951898902654648e-03 4.507771730422973633e-01 1.174272060394287109e+00
6.200000000000000000e+03 1.320522651076316833e-02 1.917407661676406860e-02 6.032970733940601349e-03 4.165633320808410645e-01 1.158110618591308594e+00 1.320522651076316833e-02 1.917407661676406860e-02 6.032970733940601349e-03 4.165633320808410645e-01 1.158110618591308594e+00
6.300000000000000000e+03 1.564959995448589325e-02 2.442669309675693512e-02 1.695240102708339691e-02 3.726611733436584473e-01 1.068306326866149902e+00 1.564959995448589325e-02 2.442669309675693512e-02 1.695240102708339691e-02 3.726611733436584473e-01 1.068306326866149902e+00
6.400000000000000000e+03 1.789688691496849060e-02 2.818862348794937134e-02 2.619299851357936859e-02 3.534155189990997314e-01 8.388885259628295898e-01 1.789688691496849060e-02 2.818862348794937134e-02 2.619299851357936859e-02 3.534155189990997314e-01 8.388885259628295898e-01
6.500000000000000000e+03 4.099665582180023193e-02 3.594027087092399597e-02 5.102925375103950500e-02 5.753474235534667969e-01 1.311033010482788086e+00 4.099665582180023193e-02 3.594027087092399597e-02 5.102925375103950500e-02 5.753474235534667969e-01 1.311033010482788086e+00
6.600000000000000000e+03 7.401677314192056656e-03 1.312582846730947495e-02 3.699323628097772598e-03 4.867631196975708008e-01 1.184664964675903320e+00 7.401677314192056656e-03 1.312582846730947495e-02 3.699323628097772598e-03 4.867631196975708008e-01 1.184664964675903320e+00
6.700000000000000000e+03 2.086988650262355804e-02 3.008006885647773743e-02 2.017803490161895752e-02 3.852422535419464111e-01 1.050586462020874023e+00 2.086988650262355804e-02 3.008006885647773743e-02 2.017803490161895752e-02 3.852422535419464111e-01 1.050586462020874023e+00
6.800000000000000000e+03 1.605900004506111145e-02 7.606026716530323029e-03 1.413541194051504135e-02 5.882084965705871582e-01 1.204456090927124023e+00 1.605900004506111145e-02 7.606026716530323029e-03 1.413541194051504135e-02 5.882084965705871582e-01 1.204456090927124023e+00
6.900000000000000000e+03 1.712845824658870697e-02 2.542260661721229553e-02 1.028547249734401703e-02 4.048296511173248291e-01 1.126632928848266602e+00 1.712845824658870697e-02 2.542260661721229553e-02 1.028547249734401703e-02 4.048296511173248291e-01 1.126632928848266602e+00
7.000000000000000000e+03 1.821386069059371948e-02 3.197945654392242432e-02 3.050412982702255249e-02 3.730383515357971191e-01 9.561502337455749512e-01 1.821386069059371948e-02 3.197945654392242432e-02 3.050412982702255249e-02 3.730383515357971191e-01 9.561502337455749512e-01
7.100000000000000000e+03 2.022977918386459351e-02 4.416913911700248718e-02 3.058740682899951935e-02 4.264910519123077393e-01 1.063322067260742188e+00 2.022977918386459351e-02 4.416913911700248718e-02 3.058740682899951935e-02 4.264910519123077393e-01 1.063322067260742188e+00
7.200000000000000000e+03 1.883025839924812317e-02 2.427840232849121094e-02 2.662215754389762878e-02 3.348679840564727783e-01 8.082857728004455566e-01 1.883025839924812317e-02 2.427840232849121094e-02 2.662215754389762878e-02 3.348679840564727783e-01 8.082857728004455566e-01
7.300000000000000000e+03 2.327815443277359009e-02 4.058756679296493530e-02 4.305017367005348206e-02 3.926940262317657471e-01 8.261107206344604492e-01 2.327815443277359009e-02 4.058756679296493530e-02 4.305017367005348206e-02 3.926940262317657471e-01 8.261107206344604492e-01
7.400000000000000000e+03 1.786743663251399994e-02 3.092304244637489319e-02 2.770749107003211975e-02 3.663052320480346680e-01 7.638460397720336914e-01 1.786743663251399994e-02 3.092304244637489319e-02 2.770749107003211975e-02 3.663052320480346680e-01 7.638460397720336914e-01
7.500000000000000000e+03 2.168878726661205292e-02 3.354572877287864685e-02 4.590953886508941650e-02 4.313759207725524902e-01 1.002098441123962402e+00 2.168878726661205292e-02 3.354572877287864685e-02 4.590953886508941650e-02 4.313759207725524902e-01 1.002098441123962402e+00
7.600000000000000000e+03 2.630300074815750122e-02 3.787427023053169250e-02 4.497476667165756226e-02 4.129439592361450195e-01 9.888609051704406738e-01 2.630300074815750122e-02 3.787427023053169250e-02 4.497476667165756226e-02 4.129439592361450195e-01 9.888609051704406738e-01
7.700000000000000000e+03 1.846273243427276611e-02 3.229888156056404114e-02 2.668470889329910278e-02 3.394194245338439941e-01 7.105361819267272949e-01 1.846273243427276611e-02 3.229888156056404114e-02 2.668470889329910278e-02 3.394194245338439941e-01 7.105361819267272949e-01
7.800000000000000000e+03 1.777948997914791107e-02 3.139061480760574341e-02 2.916214428842067719e-02 2.882126867771148682e-01 6.657832264900207520e-01 1.777948997914791107e-02 3.139061480760574341e-02 2.916214428842067719e-02 2.882126867771148682e-01 6.657832264900207520e-01
7.900000000000000000e+03 2.225555665791034698e-02 4.585976898670196533e-02 6.469088047742843628e-02 4.180409014225006104e-01 1.028940796852111816e+00 2.225555665791034698e-02 4.585976898670196533e-02 6.469088047742843628e-02 4.180409014225006104e-01 1.028940796852111816e+00
8.000000000000000000e+03 2.198706939816474915e-02 3.309852629899978638e-02 3.744275495409965515e-02 4.332314729690551758e-01 8.850390911102294922e-01 2.198706939816474915e-02 3.309852629899978638e-02 3.744275495409965515e-02 4.332314729690551758e-01 8.850390911102294922e-01
8.100000000000000000e+03 4.470198601484298706e-02 4.214885830879211426e-02 7.431039214134216309e-02 4.595506489276885986e-01 9.151745438575744629e-01 4.470198601484298706e-02 4.214885830879211426e-02 7.431039214134216309e-02 4.595506489276885986e-01 9.151745438575744629e-01
8.200000000000000000e+03 3.715632855892181396e-02 4.598333314061164856e-02 5.056774243712425232e-02 5.284714102745056152e-01 1.113684773445129395e+00 3.715632855892181396e-02 4.598333314061164856e-02 5.056774243712425232e-02 5.284714102745056152e-01 1.113684773445129395e+00
8.300000000000000000e+03 7.623831741511821747e-03 1.052966155111789703e-02 3.896927228197455406e-03 4.945845305919647217e-01 1.199251532554626465e+00 7.623831741511821747e-03 1.052966155111789703e-02 3.896927228197455406e-03 4.945845305919647217e-01 1.199251532554626465e+00
8.400000000000000000e+03 1.061829552054405212e-02 1.642679423093795776e-02 5.933816544711589813e-03 4.478160142898559570e-01 1.170660853385925293e+00 1.061829552054405212e-02 1.642679423093795776e-02 5.933816544711589813e-03 4.478160142898559570e-01 1.170660853385925293e+00
8.500000000000000000e+03 1.541372016072273254e-02 2.670163847506046295e-02 1.008790731430053711e-02 3.859758973121643066e-01 1.115667939186096191e+00 1.541372016072273254e-02 2.670163847506046295e-02 1.008790731430053711e-02 3.859758973121643066e-01 1.115667939186096191e+00
8.600000000000000000e+03 2.738445252180099487e-02 4.483087360858917236e-02 3.803310543298721313e-02 3.181606531143188477e-01 9.095931053161621094e-01 2.738445252180099487e-02 4.483087360858917236e-02 3.803310543298721313e-02 3.181606531143188477e-01 9.095931053161621094e-01
8.700000000000000000e+03 3.499642759561538696e-02 4.297767207026481628e-02 5.582296475768089294e-02 2.883910536766052246e-01 7.144154310226440430e-01 3.499642759561538696e-02 4.297767207026481628e-02 5.582296475768089294e-02 2.883910536766052246e-01 7.144154310226440430e-01
8.800000000000000000e+03 3.645844757556915283e-02 7.711811363697052002e-02 5.904305353760719299e-02 3.249038457870483398e-01 7.344265580177307129e-01 3.645844757556915283e-02 7.711811363697052002e-02 5.904305353760719299e-02 3.249038457870483398e-01 7.344265580177307129e-01
8.900000000000000000e+03 4.667149484157562256e-02 7.890263944864273071e-02 6.165769696235656738e-02 4.647133350372314453e-01 9.208927154541015625e-01 4.667149484157562256e-02 7.890263944864273071e-02 6.165769696235656738e-02 4.647133350372314453e-01 9.208927154541015625e-01
9.000000000000000000e+03 3.613901510834693909e-02 5.814818292856216431e-02 4.605436325073242188e-02 3.732540607452392578e-01 8.625655770301818848e-01 3.613901510834693909e-02 5.814818292856216431e-02 4.605436325073242188e-02 3.732540607452392578e-01 8.625655770301818848e-01
9.100000000000000000e+03 3.891815990209579468e-02 4.091880843043327332e-02 5.611909925937652588e-02 3.012305796146392822e-01 6.290603280067443848e-01 3.891815990209579468e-02 4.091880843043327332e-02 5.611909925937652588e-02 3.012305796146392822e-01 6.290603280067443848e-01
9.200000000000000000e+03 5.617921426892280579e-02 5.888240039348602295e-02 6.976280361413955688e-02 4.790377914905548096e-01 1.019387483596801758e+00 5.617921426892280579e-02 5.888240039348602295e-02 6.976280361413955688e-02 4.790377914905548096e-01 1.019387483596801758e+00
9.300000000000000000e+03 2.700803801417350769e-02 3.274638950824737549e-02 3.331124782562255859e-02 2.945958971977233887e-01 6.248342394828796387e-01 2.700803801417350769e-02 3.274638950824737549e-02 3.331124782562255859e-02 2.945958971977233887e-01 6.248342394828796387e-01
9.400000000000000000e+03 1.861468516290187836e-02 3.185883536934852600e-02 3.115676902234554291e-02 2.611703276634216309e-01 5.648446083068847656e-01 1.861468516290187836e-02 3.185883536934852600e-02 3.115676902234554291e-02 2.611703276634216309e-01 5.648446083068847656e-01
9.500000000000000000e+03 4.000664129853248596e-02 5.722955614328384399e-02 5.524080246686935425e-02 4.294080734252929688e-01 9.028232693672180176e-01 4.000664129853248596e-02 5.722955614328384399e-02 5.524080246686935425e-02 4.294080734252929688e-01 9.028232693672180176e-01
9.600000000000000000e+03 2.243380993604660034e-02 3.159561008214950562e-02 3.734913468360900879e-02 3.153068721294403076e-01 6.488772034645080566e-01 2.243380993604660034e-02 3.159561008214950562e-02 3.734913468360900879e-02 3.153068721294403076e-01 6.488772034645080566e-01
9.700000000000000000e+03 2.296156622469425201e-02 3.829221054911613464e-02 4.184506461024284363e-02 2.272754758596420288e-01 4.269120991230010986e-01 2.296156622469425201e-02 3.829221054911613464e-02 4.184506461024284363e-02 2.272754758596420288e-01 4.269120991230010986e-01
9.800000000000000000e+03 2.310406230390071869e-02 3.090501762926578522e-02 3.575235232710838318e-02 1.943150758743286133e-01 3.842170238494873047e-01 2.310406230390071869e-02 3.090501762926578522e-02 3.575235232710838318e-02 1.943150758743286133e-01 3.842170238494873047e-01
9.900000000000000000e+03 2.034356445074081421e-02 4.431970417499542236e-02 4.190441220998764038e-02 2.491192072629928589e-01 5.761864781379699707e-01 2.034356445074081421e-02 4.431970417499542236e-02 4.190441220998764038e-02 2.491192072629928589e-01 5.761864781379699707e-01
1.000000000000000000e+04 3.026095777750015259e-02 6.440866738557815552e-02 6.341037154197692871e-02 3.194112777709960938e-01 6.746545433998107910e-01 3.026095777750015259e-02 6.440866738557815552e-02 6.341037154197692871e-02 3.194112777709960938e-01 6.746545433998107910e-01
1.000000000000000000e+04 3.026095777750015259e-02 6.440866738557815552e-02 6.341037154197692871e-02 3.194112777709960938e-01 6.746545433998107910e-01 3.026095777750015259e-02 6.440866738557815552e-02 6.341037154197692871e-02 3.194112777709960938e-01 6.746545433998107910e-01
1.010000000000000000e+04 8.009017445147037506e-03 1.507286541163921356e-02 2.756967442110180855e-03 4.680682122707366943e-01 1.191216707229614258e+00 8.009017445147037506e-03 1.507286541163921356e-02 2.756967442110180855e-03 4.680682122707366943e-01 1.191216707229614258e+00
1.020000000000000000e+04 1.588484086096286774e-02 2.353532053530216217e-02 8.361128158867359161e-03 4.144850671291351318e-01 1.129547119140625000e+00 1.588484086096286774e-02 2.353532053530216217e-02 8.361128158867359161e-03 4.144850671291351318e-01 1.129547119140625000e+00
1.030000000000000000e+04 8.547820150852203369e-03 4.759713541716337204e-03 7.538517005741596222e-03 5.385645627975463867e-01 1.212157487869262695e+00 8.547820150852203369e-03 4.759713541716337204e-03 7.538517005741596222e-03 5.385645627975463867e-01 1.212157487869262695e+00
1.040000000000000000e+04 4.735190421342849731e-03 1.273063570261001587e-02 1.539468183182179928e-03 4.804676771163940430e-01 1.190258264541625977e+00 4.735190421342849731e-03 1.273063570261001587e-02 1.539468183182179928e-03 4.804676771163940430e-01 1.190258264541625977e+00
1.050000000000000000e+04 7.393287494778633118e-03 1.543089840561151505e-02 2.676386851817369461e-03 4.577669799327850342e-01 1.177648425102233887e+00 7.393287494778633118e-03 1.543089840561151505e-02 2.676386851817369461e-03 4.577669799327850342e-01 1.177648425102233887e+00
1.060000000000000000e+04 1.091390009969472885e-02 1.846052519977092743e-02 5.189069546759128571e-03 4.217595458030700684e-01 1.153417229652404785e+00 1.091390009969472885e-02 1.846052519977092743e-02 5.189069546759128571e-03 4.217595458030700684e-01 1.153417229652404785e+00
1.070000000000000000e+04 1.382654905319213867e-02 2.334827370941638947e-02 1.302148588001728058e-02 3.816894888877868652e-01 1.095433473587036133e+00 1.382654905319213867e-02 2.334827370941638947e-02 1.302148588001728058e-02 3.816894888877868652e-01 1.095433473587036133e+00
1.080000000000000000e+04 2.163403294980525970e-02 3.424645215272903442e-02 2.476675994694232941e-02 3.841384649276733398e-01 1.016507506370544434e+00 2.163403294980525970e-02 3.424645215272903442e-02 2.476675994694232941e-02 3.841384649276733398e-01 1.016507506370544434e+00
1.090000000000000000e+04 2.410746552050113678e-02 4.003750905394554138e-02 3.492920845746994019e-02 3.720148205757141113e-01 9.404738545417785645e-01 2.410746552050113678e-02 4.003750905394554138e-02 3.492920845746994019e-02 3.720148205757141113e-01 9.404738545417785645e-01
1.100000000000000000e+04 2.232560887932777405e-02 3.999330475926399231e-02 3.869967535138130188e-02 3.221165835857391357e-01 8.182364702224731445e-01 2.232560887932777405e-02 3.999330475926399231e-02 3.869967535138130188e-02 3.221165835857391357e-01 8.182364702224731445e-01
1.110000000000000000e+04 2.411841787397861481e-02 4.429635405540466309e-02 4.053140804171562195e-02 3.120155632495880127e-01 7.427275776863098145e-01 2.411841787397861481e-02 4.429635405540466309e-02 4.053140804171562195e-02 3.120155632495880127e-01 7.427275776863098145e-01
1.120000000000000000e+04 2.244948595762252808e-02 3.804045543074607849e-02 4.096074402332305908e-02 2.825232446193695068e-01 6.441630721092224121e-01 2.244948595762252808e-02 3.804045543074607849e-02 4.096074402332305908e-02 2.825232446193695068e-01 6.441630721092224121e-01
1.130000000000000000e+04 2.352918311953544617e-02 4.334112256765365601e-02 4.231828823685646057e-02 3.023284077644348145e-01 6.493988037109375000e-01 2.352918311953544617e-02 4.334112256765365601e-02 4.231828823685646057e-02 3.023284077644348145e-01 6.493988037109375000e-01
1.140000000000000000e+04 2.579958364367485046e-02 3.863972052931785583e-02 3.993102535605430603e-02 2.606204450130462646e-01 5.635083913803100586e-01 2.579958364367485046e-02 3.863972052931785583e-02 3.993102535605430603e-02 2.606204450130462646e-01 5.635083913803100586e-01
1.150000000000000000e+04 2.966905198991298676e-02 5.334266647696495056e-02 5.886635929346084595e-02 2.788468599319458008e-01 5.888164043426513672e-01 2.966905198991298676e-02 5.334266647696495056e-02 5.886635929346084595e-02 2.788468599319458008e-01 5.888164043426513672e-01
1.160000000000000000e+04 2.784199081361293793e-02 4.134117439389228821e-02 4.077214375138282776e-02 2.634245157241821289e-01 5.769777894020080566e-01 2.784199081361293793e-02 4.134117439389228821e-02 4.077214375138282776e-02 2.634245157241821289e-01 5.769777894020080566e-01
1.170000000000000000e+04 2.615578658878803253e-02 3.935003653168678284e-02 4.138989374041557312e-02 2.361852824687957764e-01 5.206201672554016113e-01 2.615578658878803253e-02 3.935003653168678284e-02 4.138989374041557312e-02 2.361852824687957764e-01 5.206201672554016113e-01
1.180000000000000000e+04 2.412218041718006134e-02 3.857479989528656006e-02 4.087687656283378601e-02 2.115063667297363281e-01 4.662376046180725098e-01 2.412218041718006134e-02 3.857479989528656006e-02 4.087687656283378601e-02 2.115063667297363281e-01 4.662376046180725098e-01
1.190000000000000000e+04 2.402621507644653320e-02 4.488115385174751282e-02 3.867089003324508667e-02 2.306312918663024902e-01 4.514992833137512207e-01 2.402621507644653320e-02 4.488115385174751282e-02 3.867089003324508667e-02 2.306312918663024902e-01 4.514992833137512207e-01
1.200000000000000000e+04 2.281090989708900452e-02 4.357443004846572876e-02 3.944865614175796509e-02 2.139503657817840576e-01 4.140076935291290283e-01 2.281090989708900452e-02 4.357443004846572876e-02 3.944865614175796509e-02 2.139503657817840576e-01 4.140076935291290283e-01
1.210000000000000000e+04 2.101926133036613464e-02 4.344547912478446960e-02 3.547536209225654602e-02 1.940788328647613525e-01 3.936709463596343994e-01 2.101926133036613464e-02 4.344547912478446960e-02 3.547536209225654602e-02 1.940788328647613525e-01 3.936709463596343994e-01
1.220000000000000000e+04 1.964870654046535492e-02 4.493125900626182556e-02 3.447629511356353760e-02 1.643900126218795776e-01 3.221498727798461914e-01 1.964870654046535492e-02 4.493125900626182556e-02 3.447629511356353760e-02 1.643900126218795776e-01 3.221498727798461914e-01
1.230000000000000000e+04 1.973043382167816162e-02 4.388967156410217285e-02 3.282416239380836487e-02 1.559237539768218994e-01 2.841641306877136230e-01 1.973043382167816162e-02 4.388967156410217285e-02 3.282416239380836487e-02 1.559237539768218994e-01 2.841641306877136230e-01
1.240000000000000000e+04 1.969204843044281006e-02 4.320304840803146362e-02 3.401795774698257446e-02 1.474902629852294922e-01 2.698525488376617432e-01 1.969204843044281006e-02 4.320304840803146362e-02 3.401795774698257446e-02 1.474902629852294922e-01 2.698525488376617432e-01
1.250000000000000000e+04 2.126266993582248688e-02 4.456884413957595825e-02 3.670100867748260498e-02 1.989779621362686157e-01 3.269644677639007568e-01 2.126266993582248688e-02 4.456884413957595825e-02 3.670100867748260498e-02 1.989779621362686157e-01 3.269644677639007568e-01
1.260000000000000000e+04 2.029628306627273560e-02 4.183697700500488281e-02 4.015769064426422119e-02 1.501592844724655151e-01 3.036063909530639648e-01 2.029628306627273560e-02 4.183697700500488281e-02 4.015769064426422119e-02 1.501592844724655151e-01 3.036063909530639648e-01
1.270000000000000000e+04 1.971175149083137512e-02 3.982711210846900940e-02 4.078311845660209656e-02 1.311454623937606812e-01 2.583491802215576172e-01 1.971175149083137512e-02 3.982711210846900940e-02 4.078311845660209656e-02 1.311454623937606812e-01 2.583491802215576172e-01
1.280000000000000000e+04 2.025445178151130676e-02 4.456044360995292664e-02 5.349778011441230774e-02 1.693354994058609009e-01 2.856675684452056885e-01 2.025445178151130676e-02 4.456044360995292664e-02 5.349778011441230774e-02 1.693354994058609009e-01 2.856675684452056885e-01
1.290000000000000000e+04 1.815936155617237091e-02 3.607926517724990845e-02 3.576139360666275024e-02 1.220236867666244507e-01 2.050243467092514038e-01 1.815936155617237091e-02 3.607926517724990845e-02 3.576139360666275024e-02 1.220236867666244507e-01 2.050243467092514038e-01
1.300000000000000000e+04 1.968745514750480652e-02 3.879969939589500427e-02 4.702530056238174438e-02 1.526955962181091309e-01 3.246988058090209961e-01 1.968745514750480652e-02 3.879969939589500427e-02 4.702530056238174438e-02 1.526955962181091309e-01 3.246988058090209961e-01
1.310000000000000000e+04 1.857438124716281891e-02 3.506548702716827393e-02 3.833978623151779175e-02 1.429797112941741943e-01 2.275249212980270386e-01 1.857438124716281891e-02 3.506548702716827393e-02 3.833978623151779175e-02 1.429797112941741943e-01 2.275249212980270386e-01
1.320000000000000000e+04 1.668718643486499786e-02 3.042238764464855194e-02 3.473108634352684021e-02 1.027026325464248657e-01 1.811197251081466675e-01 1.668718643486499786e-02 3.042238764464855194e-02 3.473108634352684021e-02 1.027026325464248657e-01 1.811197251081466675e-01
1.330000000000000000e+04 1.659974828362464905e-02 3.249311819672584534e-02 3.846354037523269653e-02 1.042328178882598877e-01 1.960524022579193115e-01 1.659974828362464905e-02 3.249311819672584534e-02 3.846354037523269653e-02 1.042328178882598877e-01 1.960524022579193115e-01
1.340000000000000000e+04 1.863832399249076843e-02 3.682005777955055237e-02 4.485336318612098694e-02 1.561849713325500488e-01 2.507134974002838135e-01 1.863832399249076843e-02 3.682005777955055237e-02 4.485336318612098694e-02 1.561849713325500488e-01 2.507134974002838135e-01
1.350000000000000000e+04 1.735349185764789581e-02 3.505392000079154968e-02 3.896258026361465454e-02 1.254091411828994751e-01 2.545458674430847168e-01 1.735349185764789581e-02 3.505392000079154968e-02 3.896258026361465454e-02 1.254091411828994751e-01 2.545458674430847168e-01
1.360000000000000000e+04 1.677644997835159302e-02 3.220153599977493286e-02 3.263967484235763550e-02 1.190105900168418884e-01 1.806075721979141235e-01 1.677644997835159302e-02 3.220153599977493286e-02 3.263967484235763550e-02 1.190105900168418884e-01 1.806075721979141235e-01
1.370000000000000000e+04 1.556105725467205048e-02 2.537801675498485565e-02 2.604426443576812744e-02 9.001237154006958008e-02 1.326588392257690430e-01 1.556105725467205048e-02 2.537801675498485565e-02 2.604426443576812744e-02 9.001237154006958008e-02 1.326588392257690430e-01
1.380000000000000000e+04 1.767988689243793488e-02 3.219860419631004333e-02 3.656302392482757568e-02 1.292564123868942261e-01 2.522756159305572510e-01 1.767988689243793488e-02 3.219860419631004333e-02 3.656302392482757568e-02 1.292564123868942261e-01 2.522756159305572510e-01
1.390000000000000000e+04 1.596124097704887390e-02 2.944213896989822388e-02 3.043182380497455597e-02 1.110734716057777405e-01 1.680712550878524780e-01 1.596124097704887390e-02 2.944213896989822388e-02 3.043182380497455597e-02 1.110734716057777405e-01 1.680712550878524780e-01
1.400000000000000000e+04 1.584489829838275909e-02 2.648484706878662109e-02 2.533363178372383118e-02 1.082669347524642944e-01 1.544572412967681885e-01 1.584489829838275909e-02 2.648484706878662109e-02 2.533363178372383118e-02 1.082669347524642944e-01 1.544572412967681885e-01
1.410000000000000000e+04 1.494424138218164444e-02 2.622767537832260132e-02 3.023744188249111176e-02 9.611700475215911865e-02 1.404898017644882202e-01 1.494424138218164444e-02 2.622767537832260132e-02 3.023744188249111176e-02 9.611700475215911865e-02 1.404898017644882202e-01
1.420000000000000000e+04 1.474257465451955795e-02 2.658271603286266327e-02 2.937124669551849365e-02 8.153446018695831299e-02 1.430733501911163330e-01 1.474257465451955795e-02 2.658271603286266327e-02 2.937124669551849365e-02 8.153446018695831299e-02 1.430733501911163330e-01
1.430000000000000000e+04 1.648992300033569336e-02 2.929737605154514313e-02 3.446158021688461304e-02 1.093433871865272522e-01 2.271051108837127686e-01 1.648992300033569336e-02 2.929737605154514313e-02 3.446158021688461304e-02 1.093433871865272522e-01 2.271051108837127686e-01
1.440000000000000000e+04 1.646520569920539856e-02 2.733150497078895569e-02 2.999942377209663391e-02 1.056658476591110229e-01 2.121734321117401123e-01 1.646520569920539856e-02 2.733150497078895569e-02 2.999942377209663391e-02 1.056658476591110229e-01 2.121734321117401123e-01
1.450000000000000000e+04 1.398547925055027008e-02 2.296529710292816162e-02 2.484762109816074371e-02 7.308700680732727051e-02 1.207715496420860291e-01 1.398547925055027008e-02 2.296529710292816162e-02 2.484762109816074371e-02 7.308700680732727051e-02 1.207715496420860291e-01
1.460000000000000000e+04 1.334063056856393814e-02 2.178828977048397064e-02 2.266888692975044250e-02 7.049365341663360596e-02 1.096122041344642639e-01 1.334063056856393814e-02 2.178828977048397064e-02 2.266888692975044250e-02 7.049365341663360596e-02 1.096122041344642639e-01
1.470000000000000000e+04 1.354170404374599457e-02 2.001864463090896606e-02 2.348022535443305969e-02 7.467135787010192871e-02 1.036888509988784790e-01 1.354170404374599457e-02 2.001864463090896606e-02 2.348022535443305969e-02 7.467135787010192871e-02 1.036888509988784790e-01
1.480000000000000000e+04 1.317095011472702026e-02 1.964590698480606079e-02 2.103544399142265320e-02 6.862636655569076538e-02 1.015444025397300720e-01 1.317095011472702026e-02 1.964590698480606079e-02 2.103544399142265320e-02 6.862636655569076538e-02 1.015444025397300720e-01
1.490000000000000000e+04 1.305563002824783325e-02 1.982593722641468048e-02 2.189144678413867950e-02 6.866296380758285522e-02 1.075556203722953796e-01 1.305563002824783325e-02 1.982593722641468048e-02 2.189144678413867950e-02 6.866296380758285522e-02 1.075556203722953796e-01
1.500000000000000000e+04 1.323419064283370972e-02 1.977033913135528564e-02 2.578466571867465973e-02 7.156953215599060059e-02 1.000879853963851929e-01 1.323419064283370972e-02 1.977033913135528564e-02 2.578466571867465973e-02 7.156953215599060059e-02 1.000879853963851929e-01
1.510000000000000000e+04 1.514943502843379974e-02 2.525645680725574493e-02 2.917303331196308136e-02 9.771849215030670166e-02 1.931782364845275879e-01 1.514943502843379974e-02 2.525645680725574493e-02 2.917303331196308136e-02 9.771849215030670166e-02 1.931782364845275879e-01
1.520000000000000000e+04 1.566182635724544525e-02 2.619843930006027222e-02 2.946591377258300781e-02 1.049804389476776123e-01 2.137196958065032959e-01 1.566182635724544525e-02 2.619843930006027222e-02 2.946591377258300781e-02 1.049804389476776123e-01 2.137196958065032959e-01
1.530000000000000000e+04 1.253094524145126343e-02 1.974791660904884338e-02 2.175848558545112610e-02 7.368505001068115234e-02 1.020272076129913330e-01 1.253094524145126343e-02 1.974791660904884338e-02 2.175848558545112610e-02 7.368505001068115234e-02 1.020272076129913330e-01
1.540000000000000000e+04 1.223127730190753937e-02 2.129980549216270447e-02 2.214764058589935303e-02 8.522059768438339233e-02 1.281013190746307373e-01 1.223127730190753937e-02 2.129980549216270447e-02 2.214764058589935303e-02 8.522059768438339233e-02 1.281013190746307373e-01
1.550000000000000000e+04 1.364821102470159531e-02 2.517760731279850006e-02 2.886220440268516541e-02 8.580962568521499634e-02 1.818637698888778687e-01 1.364821102470159531e-02 2.517760731279850006e-02 2.886220440268516541e-02 8.580962568521499634e-02 1.818637698888778687e-01
1.560000000000000000e+04 1.131443865597248077e-02 2.000335603952407837e-02 2.032585628330707550e-02 7.814158499240875244e-02 1.176878735423088074e-01 1.131443865597248077e-02 2.000335603952407837e-02 2.032585628330707550e-02 7.814158499240875244e-02 1.176878735423088074e-01
1.570000000000000000e+04 1.108505576848983765e-02 1.810129173099994659e-02 1.945998333394527435e-02 6.708666682243347168e-02 9.604381769895553589e-02 1.108505576848983765e-02 1.810129173099994659e-02 1.945998333394527435e-02 6.708666682243347168e-02 9.604381769895553589e-02
1.580000000000000000e+04 1.374946627765893936e-02 2.727781794965267181e-02 3.305937349796295166e-02 1.015725061297416687e-01 2.287428826093673706e-01 1.374946627765893936e-02 2.727781794965267181e-02 3.305937349796295166e-02 1.015725061297416687e-01 2.287428826093673706e-01
1.590000000000000000e+04 1.072273962199687958e-02 1.752962544560432434e-02 1.870010793209075928e-02 5.759382620453834534e-02 8.790014684200286865e-02 1.072273962199687958e-02 1.752962544560432434e-02 1.870010793209075928e-02 5.759382620453834534e-02 8.790014684200286865e-02
1.600000000000000000e+04 1.173125114291906357e-02 2.191167324781417847e-02 2.245956473052501678e-02 9.678761661052703857e-02 1.530137062072753906e-01 1.173125114291906357e-02 2.191167324781417847e-02 2.245956473052501678e-02 9.678761661052703857e-02 1.530137062072753906e-01
1.610000000000000000e+04 1.119932439178228378e-02 1.938640326261520386e-02 2.292233705520629883e-02 6.682436913251876831e-02 1.304438412189483643e-01 1.119932439178228378e-02 1.938640326261520386e-02 2.292233705520629883e-02 6.682436913251876831e-02 1.304438412189483643e-01
1.620000000000000000e+04 1.076620351523160934e-02 1.832774467766284943e-02 2.059974148869514465e-02 5.753339454531669617e-02 1.038284972310066223e-01 1.076620351523160934e-02 1.832774467766284943e-02 2.059974148869514465e-02 5.753339454531669617e-02 1.038284972310066223e-01
1.630000000000000000e+04 1.047129742801189423e-02 1.804621517658233643e-02 1.910945400595664978e-02 7.284106314182281494e-02 1.050113141536712646e-01 1.047129742801189423e-02 1.804621517658233643e-02 1.910945400595664978e-02 7.284106314182281494e-02 1.050113141536712646e-01
1.640000000000000000e+04 1.100964099168777466e-02 2.078291215002536774e-02 2.195523306727409363e-02 9.104958176612854004e-02 1.410885006189346313e-01 1.100964099168777466e-02 2.078291215002536774e-02 2.195523306727409363e-02 9.104958176612854004e-02 1.410885006189346313e-01
1.650000000000000000e+04 9.745497256517410278e-03 1.709303446114063263e-02 1.813380792737007141e-02 5.616978928446769714e-02 8.015576750040054321e-02 9.745497256517410278e-03 1.709303446114063263e-02 1.813380792737007141e-02 5.616978928446769714e-02 8.015576750040054321e-02
1.660000000000000000e+04 9.807523339986801147e-03 1.682123169302940369e-02 1.879233308136463165e-02 5.075404047966003418e-02 8.161389082670211792e-02 9.807523339986801147e-03 1.682123169302940369e-02 1.879233308136463165e-02 5.075404047966003418e-02 8.161389082670211792e-02
1.670000000000000000e+04 1.113988179713487625e-02 2.202956005930900574e-02 2.289063483476638794e-02 1.006528809666633606e-01 1.652625799179077148e-01 1.113988179713487625e-02 2.202956005930900574e-02 2.289063483476638794e-02 1.006528809666633606e-01 1.652625799179077148e-01
1.680000000000000000e+04 1.086872909218072891e-02 2.095715329051017761e-02 2.511734515428543091e-02 9.562649577856063843e-02 1.567348241806030273e-01 1.086872909218072891e-02 2.095715329051017761e-02 2.511734515428543091e-02 9.562649577856063843e-02 1.567348241806030273e-01
1.690000000000000000e+04 9.747388772666454315e-03 1.697689108550548553e-02 1.766483858227729797e-02 6.488182395696640015e-02 9.532885253429412842e-02 9.747388772666454315e-03 1.697689108550548553e-02 1.766483858227729797e-02 6.488182395696640015e-02 9.532885253429412842e-02
1.700000000000000000e+04 9.966834448277950287e-03 1.835495047271251678e-02 1.967069320380687714e-02 6.974069029092788696e-02 1.074336245656013489e-01 9.966834448277950287e-03 1.835495047271251678e-02 1.967069320380687714e-02 6.974069029092788696e-02 1.074336245656013489e-01
1.710000000000000000e+04 9.176254272460937500e-03 1.518341340124607086e-02 1.721927709877490997e-02 4.904377087950706482e-02 7.173914462327957153e-02 9.176254272460937500e-03 1.518341340124607086e-02 1.721927709877490997e-02 4.904377087950706482e-02 7.173914462327957153e-02
1.720000000000000000e+04 9.874889627099037170e-03 1.540404837578535080e-02 1.811325736343860626e-02 5.253462120890617371e-02 8.935882896184921265e-02 9.874889627099037170e-03 1.540404837578535080e-02 1.811325736343860626e-02 5.253462120890617371e-02 8.935882896184921265e-02
1.730000000000000000e+04 1.021445728838443756e-02 1.614922285079956055e-02 1.870846562087535858e-02 5.648097023367881775e-02 1.114181578159332275e-01 1.021445728838443756e-02 1.614922285079956055e-02 1.870846562087535858e-02 5.648097023367881775e-02 1.114181578159332275e-01
1.740000000000000000e+04 9.350160136818885803e-03 1.480640843510627747e-02 1.756701059639453888e-02 5.515548214316368103e-02 7.147781550884246826e-02 9.350160136818885803e-03 1.480640843510627747e-02 1.756701059639453888e-02 5.515548214316368103e-02 7.147781550884246826e-02
1.750000000000000000e+04 8.979989215731620789e-03 1.431825384497642517e-02 1.635427400469779968e-02 4.516740888357162476e-02 6.584025174379348755e-02 8.979989215731620789e-03 1.431825384497642517e-02 1.635427400469779968e-02 4.516740888357162476e-02 6.584025174379348755e-02
1.760000000000000000e+04 1.386767160147428513e-02 2.799878828227519989e-02 3.525536134839057922e-02 1.523146480321884155e-01 3.475039005279541016e-01 1.386767160147428513e-02 2.799878828227519989e-02 3.525536134839057922e-02 1.523146480321884155e-01 3.475039005279541016e-01
1.770000000000000000e+04 1.047009509056806564e-02 1.943131908774375916e-02 2.353383973240852356e-02 9.830278158187866211e-02 1.627810597419738770e-01 1.047009509056806564e-02 1.943131908774375916e-02 2.353383973240852356e-02 9.830278158187866211e-02 1.627810597419738770e-01
1.780000000000000000e+04 8.870346471667289734e-03 1.350240036845207214e-02 1.495018694549798965e-02 4.965284466743469238e-02 6.583248078823089600e-02 8.870346471667289734e-03 1.350240036845207214e-02 1.495018694549798965e-02 4.965284466743469238e-02 6.583248078823089600e-02
1.790000000000000000e+04 9.418614208698272705e-03 1.341509353369474411e-02 1.562697812914848328e-02 4.719798266887664795e-02 7.729866355657577515e-02 9.418614208698272705e-03 1.341509353369474411e-02 1.562697812914848328e-02 4.719798266887664795e-02 7.729866355657577515e-02
1.800000000000000000e+04 9.431633166968822479e-03 1.489789504557847977e-02 1.646336354315280914e-02 4.398893564939498901e-02 6.379440426826477051e-02 9.431633166968822479e-03 1.489789504557847977e-02 1.646336354315280914e-02 4.398893564939498901e-02 6.379440426826477051e-02
1.810000000000000000e+04 1.115587912499904633e-02 2.210221998393535614e-02 2.774745039641857147e-02 1.112070679664611816e-01 1.900040954351425171e-01 1.115587912499904633e-02 2.210221998393535614e-02 2.774745039641857147e-02 1.112070679664611816e-01 1.900040954351425171e-01
1.820000000000000000e+04 1.086688786745071411e-02 1.916808076202869415e-02 2.306129969656467438e-02 1.043949797749519348e-01 1.723886132240295410e-01 1.086688786745071411e-02 1.916808076202869415e-02 2.306129969656467438e-02 1.043949797749519348e-01 1.723886132240295410e-01
1.830000000000000000e+04 8.385118097066879272e-03 1.289728842675685883e-02 1.555195730179548264e-02 4.044466093182563782e-02 5.425163358449935913e-02 8.385118097066879272e-03 1.289728842675685883e-02 1.555195730179548264e-02 4.044466093182563782e-02 5.425163358449935913e-02
1.840000000000000000e+04 8.936354890465736389e-03 1.420370023697614670e-02 1.956199482083320618e-02 4.272519797086715698e-02 7.088848203420639038e-02 8.936354890465736389e-03 1.420370023697614670e-02 1.956199482083320618e-02 4.272519797086715698e-02 7.088848203420639038e-02
1.850000000000000000e+04 8.297278545796871185e-03 1.207300648093223572e-02 1.349542662501335144e-02 4.206497222185134888e-02 5.227956920862197876e-02 8.297278545796871185e-03 1.207300648093223572e-02 1.349542662501335144e-02 4.206497222185134888e-02 5.227956920862197876e-02
1.860000000000000000e+04 8.263516239821910858e-03 1.307988166809082031e-02 1.791879534721374512e-02 3.819542750716209412e-02 5.224353820085525513e-02 8.263516239821910858e-03 1.307988166809082031e-02 1.791879534721374512e-02 3.819542750716209412e-02 5.224353820085525513e-02
1.870000000000000000e+04 8.637563325464725494e-03 1.210162509232759476e-02 1.461525447666645050e-02 4.208171740174293518e-02 5.599871277809143066e-02 8.637563325464725494e-03 1.210162509232759476e-02 1.461525447666645050e-02 4.208171740174293518e-02 5.599871277809143066e-02
1.880000000000000000e+04 8.210911415517330170e-03 1.188310235738754272e-02 1.296774949878454208e-02 4.543365165591239929e-02 5.578782781958580017e-02 8.210911415517330170e-03 1.188310235738754272e-02 1.296774949878454208e-02 4.543365165591239929e-02 5.578782781958580017e-02
1.890000000000000000e+04 9.841290302574634552e-03 1.571002416312694550e-02 1.840725168585777283e-02 8.603312820196151733e-02 1.304602324962615967e-01 9.841290302574634552e-03 1.571002416312694550e-02 1.840725168585777283e-02 8.603312820196151733e-02 1.304602324962615967e-01
1.900000000000000000e+04 1.122950762510299683e-02 1.917805336415767670e-02 2.122489921748638153e-02 9.299047291278839111e-02 2.090458422899246216e-01 1.122950762510299683e-02 1.917805336415767670e-02 2.122489921748638153e-02 9.299047291278839111e-02 2.090458422899246216e-01
1.910000000000000000e+04 9.962718933820724487e-03 1.533225178718566895e-02 1.733049750328063965e-02 6.800357252359390259e-02 1.419548243284225464e-01 9.962718933820724487e-03 1.533225178718566895e-02 1.733049750328063965e-02 6.800357252359390259e-02 1.419548243284225464e-01
1.920000000000000000e+04 8.126023225486278534e-03 1.159835979342460632e-02 1.421188469976186752e-02 4.149456694722175598e-02 4.618605971336364746e-02 8.126023225486278534e-03 1.159835979342460632e-02 1.421188469976186752e-02 4.149456694722175598e-02 4.618605971336364746e-02
1.930000000000000000e+04 1.041896548122167587e-02 1.799808815121650696e-02 2.064107358455657959e-02 9.842894226312637329e-02 1.659406572580337524e-01 1.041896548122167587e-02 1.799808815121650696e-02 2.064107358455657959e-02 9.842894226312637329e-02 1.659406572580337524e-01
1.940000000000000000e+04 8.155233226716518402e-03 1.202451251447200775e-02 1.377749443054199219e-02 4.323014989495277405e-02 5.103348940610885620e-02 8.155233226716518402e-03 1.202451251447200775e-02 1.377749443054199219e-02 4.323014989495277405e-02 5.103348940610885620e-02
1.950000000000000000e+04 1.118532195687294006e-02 1.829776354134082794e-02 2.340487204492092133e-02 1.111650094389915466e-01 1.919291317462921143e-01 1.118532195687294006e-02 1.829776354134082794e-02 2.340487204492092133e-02 1.111650094389915466e-01 1.919291317462921143e-01
1.960000000000000000e+04 8.024206385016441345e-03 1.241513248533010483e-02 1.419313624501228333e-02 4.916280880570411682e-02 6.328009814023971558e-02 8.024206385016441345e-03 1.241513248533010483e-02 1.419313624501228333e-02 4.916280880570411682e-02 6.328009814023971558e-02
1.970000000000000000e+04 9.041726589202880859e-03 1.300487481057643890e-02 1.603583246469497681e-02 5.066852271556854248e-02 8.684385567903518677e-02 9.041726589202880859e-03 1.300487481057643890e-02 1.603583246469497681e-02 5.066852271556854248e-02 8.684385567903518677e-02
1.980000000000000000e+04 7.766158785670995712e-03 1.324323378503322601e-02 2.170640416443347931e-02 3.391337022185325623e-02 4.573913291096687317e-02 7.766158785670995712e-03 1.324323378503322601e-02 2.170640416443347931e-02 3.391337022185325623e-02 4.573913291096687317e-02
1.990000000000000000e+04 8.385216817259788513e-03 1.207102555781602859e-02 1.369233336299657822e-02 4.404731839895248413e-02 7.653477787971496582e-02 8.385216817259788513e-03 1.207102555781602859e-02 1.369233336299657822e-02 4.404731839895248413e-02 7.653477787971496582e-02
2.000000000000000000e+04 8.709502406418323517e-03 1.381880789995193481e-02 1.627482101321220398e-02 6.806651502847671509e-02 1.039274185895919800e-01 8.709502406418323517e-03 1.381880789995193481e-02 1.627482101321220398e-02 6.806651502847671509e-02 1.039274185895919800e-01
2.000000000000000000e+04 8.709502406418323517e-03 1.381880789995193481e-02 1.627482101321220398e-02 6.806651502847671509e-02 1.039274185895919800e-01 8.709502406418323517e-03 1.381880789995193481e-02 1.627482101321220398e-02 6.806651502847671509e-02 1.039274185895919800e-01
2.010000000000000000e+04 7.483708206564188004e-03 1.026524230837821960e-02 1.109161879867315292e-02 3.269289433956146240e-02 3.784248977899551392e-02 7.483708206564188004e-03 1.026524230837821960e-02 1.109161879867315292e-02 3.269289433956146240e-02 3.784248977899551392e-02
2.020000000000000000e+04 7.554050534963607788e-03 1.036778651177883148e-02 1.125783193856477737e-02 3.196329623460769653e-02 3.667063638567924500e-02 7.554050534963607788e-03 1.036778651177883148e-02 1.125783193856477737e-02 3.196329623460769653e-02 3.667063638567924500e-02
2.030000000000000000e+04 7.620735093951225281e-03 1.041288860142230988e-02 1.135605294257402420e-02 3.134816139936447144e-02 3.585649281740188599e-02 7.620735093951225281e-03 1.041288860142230988e-02 1.135605294257402420e-02 3.134816139936447144e-02 3.585649281740188599e-02
2.040000000000000000e+04 7.670500315725803375e-03 1.040416490286588669e-02 1.139407139271497726e-02 3.080703318119049072e-02 3.518420085310935974e-02 7.670500315725803375e-03 1.040416490286588669e-02 1.139407139271497726e-02 3.080703318119049072e-02 3.518420085310935974e-02
2.050000000000000000e+04 7.700894959270954132e-03 1.035601366311311722e-02 1.139647327363491058e-02 3.031731396913528442e-02 3.456246852874755859e-02 7.700894959270954132e-03 1.035601366311311722e-02 1.139647327363491058e-02 3.031731396913528442e-02 3.456246852874755859e-02
2.060000000000000000e+04 7.716004736721515656e-03 1.028271671384572983e-02 1.137317530810832977e-02 2.985805273056030273e-02 3.396015241742134094e-02 7.716004736721515656e-03 1.028271671384572983e-02 1.137317530810832977e-02 2.985805273056030273e-02 3.396015241742134094e-02
2.070000000000000000e+04 7.719346787780523300e-03 1.019364595413208008e-02 1.132917497307062149e-02 2.941714413464069366e-02 3.336473926901817322e-02 7.719346787780523300e-03 1.019364595413208008e-02 1.132917497307062149e-02 2.941714413464069366e-02 3.336473926901817322e-02
2.080000000000000000e+04 7.715887390077114105e-03 1.008183974772691727e-02 1.125470921397209167e-02 2.904861234128475189e-02 3.276527300477027893e-02 7.715887390077114105e-03 1.008183974772691727e-02 1.125470921397209167e-02 2.904861234128475189e-02 3.276527300477027893e-02
2.090000000000000000e+04 7.698643021285533905e-03 9.995246306061744690e-03 1.118911616504192352e-02 2.861051075160503387e-02 3.222404047846794128e-02 7.698643021285533905e-03 9.995246306061744690e-03 1.118911616504192352e-02 2.861051075160503387e-02 3.222404047846794128e-02
2.100000000000000000e+04 7.679089438170194626e-03 9.901492856442928314e-03 1.110901683568954468e-02 2.823467366397380829e-02 3.169742599129676819e-02 7.679089438170194626e-03 9.901492856442928314e-03 1.110901683568954468e-02 2.823467366397380829e-02 3.169742599129676819e-02
2.110000000000000000e+04 7.658332120627164841e-03 9.795209392905235291e-03 1.098654232919216156e-02 2.784223109483718872e-02 3.139205276966094971e-02 7.658332120627164841e-03 9.795209392905235291e-03 1.098654232919216156e-02 2.784223109483718872e-02 3.139205276966094971e-02
2.120000000000000000e+04 7.675047032535076141e-03 9.970859624445438385e-03 1.144075859338045120e-02 2.944727614521980286e-02 3.248857706785202026e-02 7.675047032535076141e-03 9.970859624445438385e-03 1.144075859338045120e-02 2.944727614521980286e-02 3.248857706785202026e-02
2.130000000000000000e+04 7.606103550642728806e-03 9.639986790716648102e-03 1.084373984485864639e-02 2.727925032377243042e-02 3.032641671597957611e-02 7.606103550642728806e-03 9.639986790716648102e-03 1.084373984485864639e-02 2.727925032377243042e-02 3.032641671597957611e-02
2.140000000000000000e+04 7.575115188956260681e-03 9.547339752316474915e-03 1.073220744729042053e-02 2.694623172283172607e-02 2.996069751679897308e-02 7.575115188956260681e-03 9.547339752316474915e-03 1.073220744729042053e-02 2.694623172283172607e-02 2.996069751679897308e-02
2.150000000000000000e+04 7.545256521552801132e-03 9.706259705126285553e-03 1.105959899723529816e-02 2.790545299649238586e-02 3.046850487589836121e-02 7.545256521552801132e-03 9.706259705126285553e-03 1.105959899723529816e-02 2.790545299649238586e-02 3.046850487589836121e-02
2.160000000000000000e+04 7.513539865612983704e-03 9.399082511663436890e-03 1.056198403239250183e-02 2.639824151992797852e-02 2.908202819526195526e-02 7.513539865612983704e-03 9.399082511663436890e-03 1.056198403239250183e-02 2.639824151992797852e-02 2.908202819526195526e-02
2.170000000000000000e+04 7.499829400330781937e-03 9.280877187848091125e-03 1.043902616947889328e-02 2.619012631475925446e-02 2.904936484992504120e-02 7.499829400330781937e-03 9.280877187848091125e-03 1.043902616947889328e-02 2.619012631475925446e-02 2.904936484992504120e-02
2.180000000000000000e+04 7.450815290212631226e-03 9.258819743990898132e-03 1.037713512778282166e-02 2.584150806069374084e-02 2.831541001796722412e-02 7.450815290212631226e-03 9.258819743990898132e-03 1.037713512778282166e-02 2.584150806069374084e-02 2.831541001796722412e-02
2.190000000000000000e+04 7.413857150822877884e-03 9.179707616567611694e-03 1.026530377566814423e-02 2.556771785020828247e-02 2.801257371902465820e-02 7.413857150822877884e-03 9.179707616567611694e-03 1.026530377566814423e-02 2.556771785020828247e-02 2.801257371902465820e-02
2.200000000000000000e+04 7.793399505317211151e-03 9.979668073356151581e-03 1.110316254198551178e-02 2.841180004179477692e-02 3.963584825396537781e-02 7.793399505317211151e-03 9.979668073356151581e-03 1.110316254198551178e-02 2.841180004179477692e-02 3.963584825396537781e-02
2.210000000000000000e+04 7.351276930421590805e-03 9.058449417352676392e-03 1.011010166257619858e-02 2.508626505732536316e-02 2.727192640304565430e-02 7.351276930421590805e-03 9.058449417352676392e-03 1.011010166257619858e-02 2.508626505732536316e-02 2.727192640304565430e-02
2.220000000000000000e+04 7.301816716790199280e-03 9.026738815009593964e-03 1.013128273189067841e-02 2.515724860131740570e-02 2.701164223253726959e-02 7.301816716790199280e-03 9.026738815009593964e-03 1.013128273189067841e-02 2.515724860131740570e-02 2.701164223253726959e-02
2.230000000000000000e+04 7.278623990714550018e-03 8.943056687712669373e-03 9.933545254170894623e-03 2.463969029486179352e-02 2.664989791810512543e-02 7.278623990714550018e-03 8.943056687712669373e-03 9.933545254170894623e-03 2.463969029486179352e-02 2.664989791810512543e-02
2.240000000000000000e+04 7.536634337157011032e-03 9.490772150456905365e-03 1.050951331853866577e-02 2.677650749683380127e-02 3.513130173087120056e-02 7.536634337157011032e-03 9.490772150456905365e-03 1.050951331853866577e-02 2.677650749683380127e-02 3.513130173087120056e-02
2.250000000000000000e+04 7.214653305709362030e-03 8.823788724839687347e-03 9.772078134119510651e-03 2.419045567512512207e-02 2.601862139999866486e-02 7.214653305709362030e-03 8.823788724839687347e-03 9.772078134119510651e-03 2.419045567512512207e-02 2.601862139999866486e-02
2.260000000000000000e+04 7.176695857197046280e-03 8.768200874328613281e-03 9.705203585326671600e-03 2.399994619190692902e-02 2.570737898349761963e-02 7.176695857197046280e-03 8.768200874328613281e-03 9.705203585326671600e-03 2.399994619190692902e-02 2.570737898349761963e-02
2.270000000000000000e+04 7.150971330702304840e-03 8.730023168027400970e-03 9.677501395344734192e-03 2.391995303332805634e-02 2.541557326912879944e-02 7.150971330702304840e-03 8.730023168027400970e-03 9.677501395344734192e-03 2.391995303332805634e-02 2.541557326912879944e-02
2.280000000000000000e+04 7.110480219125747681e-03 8.618224412202835083e-03 9.516006335616111755e-03 2.353265509009361267e-02 2.528756298124790192e-02 7.110480219125747681e-03 8.618224412202835083e-03 9.516006335616111755e-03 2.353265509009361267e-02 2.528756298124790192e-02
2.290000000000000000e+04 7.187439594417810440e-03 8.829275146126747131e-03 9.736143052577972412e-03 2.434787340462207794e-02 2.919204905629158020e-02 7.187439594417810440e-03 8.829275146126747131e-03 9.736143052577972412e-03 2.434787340462207794e-02 2.919204905629158020e-02
2.300000000000000000e+04 7.116389926522970200e-03 8.614067919552326202e-03 9.648785926401615143e-03 2.351154945790767670e-02 2.457318082451820374e-02 7.116389926522970200e-03 8.614067919552326202e-03 9.648785926401615143e-03 2.351154945790767670e-02 2.457318082451820374e-02
2.310000000000000000e+04 7.011622190475463867e-03 8.485745638608932495e-03 9.356002323329448700e-03 2.296508848667144775e-02 2.431127242743968964e-02 7.011622190475463867e-03 8.485745638608932495e-03 9.356002323329448700e-03 2.296508848667144775e-02 2.431127242743968964e-02
2.320000000000000000e+04 6.974730640649795532e-03 8.425108157098293304e-03 9.279910475015640259e-03 2.274848148226737976e-02 2.408111281692981720e-02 6.974730640649795532e-03 8.425108157098293304e-03 9.279910475015640259e-03 2.274848148226737976e-02 2.408111281692981720e-02
2.330000000000000000e+04 6.933281198143959045e-03 8.355861529707908630e-03 9.173523634672164917e-03 2.249330654740333557e-02 2.408324368298053741e-02 6.933281198143959045e-03 8.355861529707908630e-03 9.173523634672164917e-03 2.249330654740333557e-02 2.408324368298053741e-02
2.340000000000000000e+04 6.962224375456571579e-03 8.517469279468059540e-03 9.494569152593612671e-03 2.313553169369697571e-02 2.432355284690856934e-02 6.962224375456571579e-03 8.517469279468059540e-03 9.494569152593612671e-03 2.313553169369697571e-02 2.432355284690856934e-02
2.350000000000000000e+04 6.882351823151111603e-03 8.258657529950141907e-03 9.050008840858936310e-03 2.218469046056270599e-02 2.393977530300617218e-02 6.882351823151111603e-03 8.258657529950141907e-03 9.050008840858936310e-03 2.218469046056270599e-02 2.393977530300617218e-02
2.360000000000000000e+04 6.846077274531126022e-03 8.217363618314266205e-03 9.038182906806468964e-03 2.201904915273189545e-02 2.311553619801998138e-02 6.846077274531126022e-03 8.217363618314266205e-03 9.038182906806468964e-03 2.201904915273189545e-02 2.311553619801998138e-02
2.370000000000000000e+04 6.813528481870889664e-03 8.161107078194618225e-03 8.972704410552978516e-03 2.185056917369365692e-02 2.288946881890296936e-02 6.813528481870889664e-03 8.161107078194618225e-03 8.972704410552978516e-03 2.185056917369365692e-02 2.288946881890296936e-02
2.380000000000000000e+04 6.787744350731372833e-03 8.132058195769786835e-03 8.945936337113380432e-03 2.174100093543529510e-02 2.266828715801239014e-02 6.787744350731372833e-03 8.132058195769786835e-03 8.945936337113380432e-03 2.174100093543529510e-02 2.266828715801239014e-02
2.390000000000000000e+04 6.941201630979776382e-03 8.639929816126823425e-03 9.643815457820892334e-03 2.332405373454093933e-02 2.511694096028804779e-02 6.941201630979776382e-03 8.639929816126823425e-03 9.643815457820892334e-03 2.332405373454093933e-02 2.511694096028804779e-02
2.400000000000000000e+04 6.721741054207086563e-03 8.018298074603080750e-03 8.806916885077953339e-03 2.139380015432834625e-02 2.226243354380130768e-02 6.721741054207086563e-03 8.018298074603080750e-03 8.806916885077953339e-03 2.139380015432834625e-02 2.226243354380130768e-02
2.410000000000000000e+04 6.692362949252128601e-03 7.990054786205291748e-03 8.774315938353538513e-03 2.123149298131465912e-02 2.205959334969520569e-02 6.692362949252128601e-03 7.990054786205291748e-03 8.774315938353538513e-03 2.123149298131465912e-02 2.205959334969520569e-02
2.420000000000000000e+04 6.640376988798379898e-03 7.916525006294250488e-03 8.668954484164714813e-03 2.094458602368831635e-02 2.196582406759262085e-02 6.640376988798379898e-03 7.916525006294250488e-03 8.668954484164714813e-03 2.094458602368831635e-02 2.196582406759262085e-02
2.430000000000000000e+04 6.722520571202039719e-03 8.184879086911678314e-03 9.051305241882801056e-03 2.167988196015357971e-02 2.268907614052295685e-02 6.722520571202039719e-03 8.184879086911678314e-03 9.051305241882801056e-03 2.167988196015357971e-02 2.268907614052295685e-02
2.440000000000000000e+04 6.604847963899374008e-03 7.931925356388092041e-03 8.743951097130775452e-03 2.078076079487800598e-02 2.154876478016376495e-02 6.604847963899374008e-03 7.931925356388092041e-03 8.743951097130775452e-03 2.078076079487800598e-02 2.154876478016376495e-02
2.450000000000000000e+04 6.572078447788953781e-03 7.795683573931455612e-03 8.530319668352603912e-03 2.060859464108943939e-02 2.127517759799957275e-02 6.572078447788953781e-03 7.795683573931455612e-03 8.530319668352603912e-03 2.060859464108943939e-02 2.127517759799957275e-02
2.460000000000000000e+04 6.527997087687253952e-03 7.722665555775165558e-03 8.408409543335437775e-03 2.043868601322174072e-02 2.175123989582061768e-02 6.527997087687253952e-03 7.722665555775165558e-03 8.408409543335437775e-03 2.043868601322174072e-02 2.175123989582061768e-02
2.470000000000000000e+04 6.499382201582193375e-03 7.675151806324720383e-03 8.364818058907985687e-03 2.023523300886154175e-02 2.095270156860351562e-02 6.499382201582193375e-03 7.675151806324720383e-03 8.364818058907985687e-03 2.023523300886154175e-02 2.095270156860351562e-02
2.480000000000000000e+04 6.477943621575832367e-03 7.643589284271001816e-03 8.332287892699241638e-03 2.014254033565521240e-02 2.074675634503364563e-02 6.477943621575832367e-03 7.643589284271001816e-03 8.332287892699241638e-03 2.014254033565521240e-02 2.074675634503364563e-02
2.490000000000000000e+04 6.460815668106079102e-03 7.686063647270202637e-03 8.325105533003807068e-03 2.042435109615325928e-02 2.260794863104820251e-02 6.460815668106079102e-03 7.686063647270202637e-03 8.325105533003807068e-03 2.042435109615325928e-02 2.260794863104820251e-02
2.500000000000000000e+04 6.408561021089553833e-03 7.596192415803670883e-03 8.235521614551544189e-03 1.994804106652736664e-02 2.150539308786392212e-02 6.408561021089553833e-03 7.596192415803670883e-03 8.235521614551544189e-03 1.994804106652736664e-02 2.150539308786392212e-02
2.510000000000000000e+04 6.387408822774887085e-03 7.479622494429349899e-03 8.114396594464778900e-03 1.971139013767242432e-02 2.039704099297523499e-02 6.387408822774887085e-03 7.479622494429349899e-03 8.114396594464778900e-03 1.971139013767242432e-02 2.039704099297523499e-02
2.520000000000000000e+04 6.371383555233478546e-03 7.504336070269346237e-03 8.133233524858951569e-03 1.958001032471656799e-02 2.006035670638084412e-02 6.371383555233478546e-03 7.504336070269346237e-03 8.133233524858951569e-03 1.958001032471656799e-02 2.006035670638084412e-02
2.530000000000000000e+04 6.321653258055448532e-03 7.419522851705551147e-03 8.015668019652366638e-03 1.938182488083839417e-02 2.018132060766220093e-02 6.321653258055448532e-03 7.419522851705551147e-03 8.015668019652366638e-03 1.938182488083839417e-02 2.018132060766220093e-02
2.540000000000000000e+04 6.377792451530694962e-03 7.725471165031194687e-03 8.352283388376235962e-03 2.049146592617034912e-02 2.390757203102111816e-02 6.377792451530694962e-03 7.725471165031194687e-03 8.352283388376235962e-03 2.049146592617034912e-02 2.390757203102111816e-02
2.550000000000000000e+04 6.291812751442193985e-03 7.440875750035047531e-03 8.011746220290660858e-03 1.958654075860977173e-02 2.149547263979911804e-02 6.291812751442193985e-03 7.440875750035047531e-03 8.011746220290660858e-03 1.958654075860977173e-02 2.149547263979911804e-02
2.560000000000000000e+04 6.254544947296380997e-03 7.318424992263317108e-03 7.876362651586532593e-03 1.903481781482696533e-02 1.945739798247814178e-02 6.254544947296380997e-03 7.318424992263317108e-03 7.876362651586532593e-03 1.903481781482696533e-02 1.945739798247814178e-02
2.570000000000000000e+04 6.262499839067459106e-03 7.338363677263259888e-03 7.879709824919700623e-03 1.900893822312355042e-02 1.936223171651363373e-02 6.262499839067459106e-03 7.338363677263259888e-03 7.879709824919700623e-03 1.900893822312355042e-02 1.936223171651363373e-02
2.580000000000000000e+04 6.205531302839517593e-03 7.246379740536212921e-03 7.766968104988336563e-03 1.873881183564662933e-02 1.916660740971565247e-02 6.205531302839517593e-03 7.246379740536212921e-03 7.766968104988336563e-03 1.873881183564662933e-02 1.916660740971565247e-02
2.590000000000000000e+04 6.177212111651897430e-03 7.200300693511962891e-03 7.697052787989377975e-03 1.862822286784648895e-02 1.904207281768321991e-02 6.177212111651897430e-03 7.200300693511962891e-03 7.697052787989377975e-03 1.862822286784648895e-02 1.904207281768321991e-02
2.600000000000000000e+04 6.201332435011863708e-03 7.261872291564941406e-03 7.759985979646444321e-03 1.872088201344013214e-02 1.899033412337303162e-02 6.201332435011863708e-03 7.261872291564941406e-03 7.759985979646444321e-03 1.872088201344013214e-02 1.899033412337303162e-02
2.610000000000000000e+04 6.133295129984617233e-03 7.124485913664102554e-03 7.590400520712137222e-03 1.837951317429542542e-02 1.876677013933658600e-02 6.133295129984617233e-03 7.124485913664102554e-03 7.590400520712137222e-03 1.837951317429542542e-02 1.876677013933658600e-02
2.620000000000000000e+04 6.113614421337842941e-03 7.120013236999511719e-03 7.572051137685775757e-03 1.827126368880271912e-02 1.858102716505527496e-02 6.113614421337842941e-03 7.120013236999511719e-03 7.572051137685775757e-03 1.827126368880271912e-02 1.858102716505527496e-02
2.630000000000000000e+04 6.071055307984352112e-03 7.048519328236579895e-03 7.495066151022911072e-03 1.826585270464420319e-02 1.913695968687534332e-02 6.071055307984352112e-03 7.048519328236579895e-03 7.495066151022911072e-03 1.826585270464420319e-02 1.913695968687534332e-02
2.640000000000000000e+04 6.226747762411832809e-03 7.512419018894433975e-03 7.947027683258056641e-03 1.900835335254669189e-02 1.975036226212978363e-02 6.226747762411832809e-03 7.512419018894433975e-03 7.947027683258056641e-03 1.900835335254669189e-02 1.975036226212978363e-02
2.650000000000000000e+04 6.041838321834802628e-03 7.009437307715415955e-03 7.407221943140029907e-03 1.788685470819473267e-02 1.820355653762817383e-02 6.041838321834802628e-03 7.009437307715415955e-03 7.407221943140029907e-03 1.788685470819473267e-02 1.820355653762817383e-02
2.660000000000000000e+04 6.014876533299684525e-03 6.949861533939838409e-03 7.326895371079444885e-03 1.780031435191631317e-02 1.813809014856815338e-02 6.014876533299684525e-03 6.949861533939838409e-03 7.326895371079444885e-03 1.780031435191631317e-02 1.813809014856815338e-02
2.670000000000000000e+04 6.012166850268840790e-03 7.031768560409545898e-03 7.420247886329889297e-03 1.821660995483398438e-02 1.989590004086494446e-02 6.012166850268840790e-03 7.031768560409545898e-03 7.420247886329889297e-03 1.821660995483398438e-02 1.989590004086494446e-02
2.680000000000000000e+04 5.978921428322792053e-03 6.908248644322156906e-03 7.250155322253704071e-03 1.755467616021633148e-02 1.781866326928138733e-02 5.978921428322792053e-03 6.908248644322156906e-03 7.250155322253704071e-03 1.755467616021633148e-02 1.781866326928138733e-02
2.690000000000000000e+04 5.950620397925376892e-03 6.829067599028348923e-03 7.166504394263029099e-03 1.749893277883529663e-02 1.785410009324550629e-02 5.950620397925376892e-03 6.829067599028348923e-03 7.166504394263029099e-03 1.749893277883529663e-02 1.785410009324550629e-02
2.700000000000000000e+04 5.937837529927492142e-03 6.848832592368125916e-03 7.157817017287015915e-03 1.733549870550632477e-02 1.757941208779811859e-02 5.937837529927492142e-03 6.848832592368125916e-03 7.157817017287015915e-03 1.733549870550632477e-02 1.757941208779811859e-02
2.710000000000000000e+04 5.902669392526149750e-03 6.793994456529617310e-03 7.095047272741794586e-03 1.723971590399742126e-02 1.764379069209098816e-02 5.902669392526149750e-03 6.793994456529617310e-03 7.095047272741794586e-03 1.723971590399742126e-02 1.764379069209098816e-02
2.720000000000000000e+04 6.064745131880044937e-03 7.783813402056694031e-03 8.246603421866893768e-03 1.827402599155902863e-02 1.942754909396171570e-02 6.064745131880044937e-03 7.783813402056694031e-03 8.246603421866893768e-03 1.827402599155902863e-02 1.942754909396171570e-02
2.730000000000000000e+04 5.915207788348197937e-03 6.871392950415611267e-03 7.113379426300525665e-03 1.717293076217174530e-02 1.730200462043285370e-02 5.915207788348197937e-03 6.871392950415611267e-03 7.113379426300525665e-03 1.717293076217174530e-02 1.730200462043285370e-02
2.740000000000000000e+04 5.853571929037570953e-03 6.726148072630167007e-03 6.967448163777589798e-03 1.691651158034801483e-02 1.714509539306163788e-02 5.853571929037570953e-03 6.726148072630167007e-03 6.967448163777589798e-03 1.691651158034801483e-02 1.714509539306163788e-02
2.750000000000000000e+04 5.832470487803220749e-03 6.695965304970741272e-03 6.918955594301223755e-03 1.682424917817115784e-02 1.702852174639701843e-02 5.832470487803220749e-03 6.695965304970741272e-03 6.918955594301223755e-03 1.682424917817115784e-02 1.702852174639701843e-02
2.760000000000000000e+04 5.809620488435029984e-03 6.668110378086566925e-03 6.882061250507831573e-03 1.671321131289005280e-02 1.692090183496475220e-02 5.809620488435029984e-03 6.668110378086566925e-03 6.882061250507831573e-03 1.671321131289005280e-02 1.692090183496475220e-02
2.770000000000000000e+04 5.787400994449853897e-03 6.666845176368951797e-03 6.875155027955770493e-03 1.659425161778926849e-02 1.678602211177349091e-02 5.787400994449853897e-03 6.666845176368951797e-03 6.875155027955770493e-03 1.659425161778926849e-02 1.678602211177349091e-02
2.780000000000000000e+04 5.771366413682699203e-03 6.587745156139135361e-03 6.767469458281993866e-03 1.653650216758251190e-02 1.680418476462364197e-02 5.771366413682699203e-03 6.587745156139135361e-03 6.767469458281993866e-03 1.653650216758251190e-02 1.680418476462364197e-02
2.790000000000000000e+04 5.722691304981708527e-03 6.582112517207860947e-03 6.792064756155014038e-03 1.657278090715408325e-02 1.736156456172466278e-02 5.722691304981708527e-03 6.582112517207860947e-03 6.792064756155014038e-03 1.657278090715408325e-02 1.736156456172466278e-02
2.800000000000000000e+04 5.733255762606859207e-03 6.594274658709764481e-03 6.738564465194940567e-03 1.628310792148113251e-02 1.644232496619224548e-02 5.733255762606859207e-03 6.594274658709764481e-03 6.738564465194940567e-03 1.628310792148113251e-02 1.644232496619224548e-02
2.810000000000000000e+04 5.755538120865821838e-03 6.753586698323488235e-03 6.852013990283012390e-03 1.646433584392070770e-02 1.664233393967151642e-02 5.755538120865821838e-03 6.753586698323488235e-03 6.852013990283012390e-03 1.646433584392070770e-02 1.664233393967151642e-02
2.820000000000000000e+04 5.677848588675260544e-03 6.635074503719806671e-03 6.822073832154273987e-03 1.650269329547882080e-02 1.799523457884788513e-02 5.677848588675260544e-03 6.635074503719806671e-03 6.822073832154273987e-03 1.650269329547882080e-02 1.799523457884788513e-02
2.830000000000000000e+04 6.038317456841468811e-03 7.974208332598209381e-03 7.948710583150386810e-03 1.856072992086410522e-02 2.102225087583065033e-02 6.038317456841468811e-03 7.974208332598209381e-03 7.948710583150386810e-03 1.856072992086410522e-02 2.102225087583065033e-02
2.840000000000000000e+04 5.618978291749954224e-03 6.436224095523357391e-03 6.550627294927835464e-03 1.592449471354484558e-02 1.644041016697883606e-02 5.618978291749954224e-03 6.436224095523357391e-03 6.550627294927835464e-03 1.592449471354484558e-02 1.644041016697883606e-02
2.850000000000000000e+04 5.688226781785488129e-03 6.610355805605649948e-03 6.633392535150051117e-03 1.605106890201568604e-02 1.618503406643867493e-02 5.688226781785488129e-03 6.610355805605649948e-03 6.633392535150051117e-03 1.605106890201568604e-02 1.618503406643867493e-02
2.860000000000000000e+04 5.636761896312236786e-03 6.474220193922519684e-03 6.495967973023653030e-03 1.579808816313743591e-02 1.586360111832618713e-02 5.636761896312236786e-03 6.474220193922519684e-03 6.495967973023653030e-03 1.579808816313743591e-02 1.586360111832618713e-02
2.870000000000000000e+04 5.672593135386705399e-03 6.534900516271591187e-03 6.601531058549880981e-03 1.591020822525024414e-02 1.581775769591331482e-02 5.672593135386705399e-03 6.534900516271591187e-03 6.601531058549880981e-03 1.591020822525024414e-02 1.581775769591331482e-02
2.880000000000000000e+04 5.587931722402572632e-03 6.401411723345518112e-03 6.399508565664291382e-03 1.554313488304615021e-02 1.563716493546962738e-02 5.587931722402572632e-03 6.401411723345518112e-03 6.399508565664291382e-03 1.554313488304615021e-02 1.563716493546962738e-02
2.890000000000000000e+04 5.539178382605314255e-03 6.349484901875257492e-03 6.416129879653453827e-03 1.561256032437086105e-02 1.652207970619201660e-02 5.539178382605314255e-03 6.349484901875257492e-03 6.416129879653453827e-03 1.561256032437086105e-02 1.652207970619201660e-02
2.900000000000000000e+04 5.518479272723197937e-03 6.349685136228799820e-03 6.417315453290939331e-03 1.556904613971710205e-02 1.664436422288417816e-02 5.518479272723197937e-03 6.349685136228799820e-03 6.417315453290939331e-03 1.556904613971710205e-02 1.664436422288417816e-02
2.910000000000000000e+04 5.530674476176500320e-03 6.282914429903030396e-03 6.247829180210828781e-03 1.528113149106502533e-02 1.535924337804317474e-02 5.530674476176500320e-03 6.282914429903030396e-03 6.247829180210828781e-03 1.528113149106502533e-02 1.535924337804317474e-02
2.920000000000000000e+04 5.562243517488241196e-03 6.521234288811683655e-03 6.412367802113294601e-03 1.545741688460111618e-02 1.568372175097465515e-02 5.562243517488241196e-03 6.521234288811683655e-03 6.412367802113294601e-03 1.545741688460111618e-02 1.568372175097465515e-02
2.930000000000000000e+04 5.498656537383794785e-03 6.282586604356765747e-03 6.201182492077350616e-03 1.510835532099008560e-02 1.519923564046621323e-02 5.498656537383794785e-03 6.282586604356765747e-03 6.201182492077350616e-03 1.510835532099008560e-02 1.519923564046621323e-02
2.940000000000000000e+04 5.466439295560121536e-03 6.210620980709791183e-03 6.132947281002998352e-03 1.498405728489160538e-02 1.509273517876863480e-02 5.466439295560121536e-03 6.210620980709791183e-03 6.132947281002998352e-03 1.498405728489160538e-02 1.509273517876863480e-02
2.950000000000000000e+04 5.430909804999828339e-03 6.141458638012409210e-03 6.078544072806835175e-03 1.488269772380590439e-02 1.509396731853485107e-02 5.430909804999828339e-03 6.141458638012409210e-03 6.078544072806835175e-03 1.488269772380590439e-02 1.509396731853485107e-02
2.960000000000000000e+04 5.438215564936399460e-03 6.245166063308715820e-03 6.125500425696372986e-03 1.485242880880832672e-02 1.497154962271451950e-02 5.438215564936399460e-03 6.245166063308715820e-03 6.125500425696372986e-03 1.485242880880832672e-02 1.497154962271451950e-02
2.970000000000000000e+04 5.387756973505020142e-03 6.091407500207424164e-03 6.024192553013563156e-03 1.470025256276130676e-02 1.507124118506908417e-02 5.387756973505020142e-03 6.091407500207424164e-03 6.024192553013563156e-03 1.470025256276130676e-02 1.507124118506908417e-02
2.980000000000000000e+04 5.436419043689966202e-03 6.411784794181585312e-03 6.234848406165838242e-03 1.482403744012117386e-02 1.509677618741989136e-02 5.436419043689966202e-03 6.411784794181585312e-03 6.234848406165838242e-03 1.482403744012117386e-02 1.509677618741989136e-02
2.990000000000000000e+04 5.344348493963479996e-03 6.049075629562139511e-03 5.994120147079229355e-03 1.460251025855541229e-02 1.521147880703210831e-02 5.344348493963479996e-03 6.049075629562139511e-03 5.994120147079229355e-03 1.460251025855541229e-02 1.521147880703210831e-02
3.000000000000000000e+04 5.342492833733558655e-03 6.017148494720458984e-03 5.902027711272239685e-03 1.445715315639972687e-02 1.468642987310886383e-02 5.342492833733558655e-03 6.017148494720458984e-03 5.902027711272239685e-03 1.445715315639972687e-02 1.468642987310886383e-02
