# step, loss_train, loss_test, metrics_test
0.000000000000000000e+00 2.367181732552126050e-04 3.088801458943635225e-04 3.371435450389981270e-04 4.937578201293945312e+00 7.799922674894332886e-02 2.367181732552126050e-04 3.088801458943635225e-04 3.371435450389981270e-04 4.937578201293945312e+00 7.799922674894332886e-02
1.000000000000000000e+02 3.336460329592227936e-03 1.106664817780256271e-02 1.279912656173110008e-03 2.902422249317169189e-01 1.666025072336196899e-02 3.336460329592227936e-03 1.106664817780256271e-02 1.279912656173110008e-03 2.902422249317169189e-01 1.666025072336196899e-02
2.000000000000000000e+02 5.920048337429761887e-03 1.282954402267932892e-02 1.999863423407077789e-03 1.514506340026855469e-01 1.370842568576335907e-02 5.920048337429761887e-03 1.282954402267932892e-02 1.999863423407077789e-03 1.514506340026855469e-01 1.370842568576335907e-02
3.000000000000000000e+02 5.939439404755830765e-03 8.591314777731895447e-03 8.385496912524104118e-04 8.044058829545974731e-02 1.271254662424325943e-02 5.939439404755830765e-03 8.591314777731895447e-03 8.385496912524104118e-04 8.044058829545974731e-02 1.271254662424325943e-02
4.000000000000000000e+02 2.632747171446681023e-03 4.705608356744050980e-03 1.136894454248249531e-03 3.562391176819801331e-02 7.494470570236444473e-03 2.632747171446681023e-03 4.705608356744050980e-03 1.136894454248249531e-03 3.562391176819801331e-02 7.494470570236444473e-03
5.000000000000000000e+02 1.464891480281949043e-03 3.133739344775676727e-03 7.908453117124736309e-04 1.249732635915279388e-02 4.329889547079801559e-03 1.464891480281949043e-03 3.133739344775676727e-03 7.908453117124736309e-04 1.249732635915279388e-02 4.329889547079801559e-03
6.000000000000000000e+02 9.464620961807668209e-04 2.278583357110619545e-03 5.533190560527145863e-04 1.020926982164382935e-02 3.358275396749377251e-03 9.464620961807668209e-04 2.278583357110619545e-03 5.533190560527145863e-04 1.020926982164382935e-02 3.358275396749377251e-03
7.000000000000000000e+02 7.902016513980925083e-04 1.939409645274281502e-03 4.891228745691478252e-04 8.435953408479690552e-03 2.604256849735975266e-03 7.902016513980925083e-04 1.939409645274281502e-03 4.891228745691478252e-04 8.435953408479690552e-03 2.604256849735975266e-03
8.000000000000000000e+02 6.757245282642543316e-04 1.530819921754300594e-03 4.558301006909459829e-04 1.516930572688579559e-02 2.240904606878757477e-03 6.757245282642543316e-04 1.530819921754300594e-03 4.558301006909459829e-04 1.516930572688579559e-02 2.240904606878757477e-03
9.000000000000000000e+02 6.013152888044714928e-04 1.378465793095529079e-03 4.384753992781043053e-04 1.347096916288137436e-02 1.854359987191855907e-03 6.013152888044714928e-04 1.378465793095529079e-03 4.384753992781043053e-04 1.347096916288137436e-02 1.854359987191855907e-03
1.000000000000000000e+03 5.868658772669732571e-04 1.316118286922574043e-03 4.070107243023812771e-04 5.608941428363323212e-03 1.446793205104768276e-03 5.868658772669732571e-04 1.316118286922574043e-03 4.070107243023812771e-04 5.608941428363323212e-03 1.446793205104768276e-03
1.100000000000000000e+03 5.602496676146984100e-04 1.277749659493565559e-03 3.809714398812502623e-04 5.157044623047113419e-03 1.257600029930472374e-03 5.602496676146984100e-04 1.277749659493565559e-03 3.809714398812502623e-04 5.157044623047113419e-03 1.257600029930472374e-03
1.200000000000000000e+03 5.406249547377228737e-04 1.172671793028712273e-03 3.489549562800675631e-04 5.331309977918863297e-03 1.127197057940065861e-03 5.406249547377228737e-04 1.172671793028712273e-03 3.489549562800675631e-04 5.331309977918863297e-03 1.127197057940065861e-03
1.300000000000000000e+03 5.194014520384371281e-04 1.147582312114536762e-03 3.197084006387740374e-04 4.338253289461135864e-03 1.020438387058675289e-03 5.194014520384371281e-04 1.147582312114536762e-03 3.197084006387740374e-04 4.338253289461135864e-03 1.020438387058675289e-03
1.400000000000000000e+03 5.212870892137289047e-04 1.162480213679373264e-03 3.084107593167573214e-04 4.629097413271665573e-03 9.867342887446284294e-04 5.212870892137289047e-04 1.162480213679373264e-03 3.084107593167573214e-04 4.629097413271665573e-03 9.867342887446284294e-04
1.500000000000000000e+03 5.112686194479465485e-04 1.044648117385804653e-03 2.924235304817557335e-04 3.646956989541649818e-03 8.136206888593733311e-04 5.112686194479465485e-04 1.044648117385804653e-03 2.924235304817557335e-04 3.646956989541649818e-03 8.136206888593733311e-04
1.600000000000000000e+03 4.728601488750427961e-04 1.018504146486520767e-03 2.787562843877822161e-04 6.908634677529335022e-03 8.421978564001619816e-04 4.728601488750427961e-04 1.018504146486520767e-03 2.787562843877822161e-04 6.908634677529335022e-03 8.421978564001619816e-04
1.700000000000000000e+03 4.801254835911095142e-04 9.453332168050110340e-04 2.606621128506958485e-04 3.421657020226120949e-03 7.290249923244118690e-04 4.801254835911095142e-04 9.453332168050110340e-04 2.606621128506958485e-04 3.421657020226120949e-03 7.290249923244118690e-04
1.800000000000000000e+03 4.527956189122051001e-04 9.079888113774359226e-04 2.498242247384041548e-04 3.076097927987575531e-03 6.216261535882949829e-04 4.527956189122051001e-04 9.079888113774359226e-04 2.498242247384041548e-04 3.076097927987575531e-03 6.216261535882949829e-04
1.900000000000000000e+03 4.161914112046360970e-04 9.414865635335445404e-04 2.347187983104959130e-04 7.955512031912803650e-03 7.350207888521254063e-04 4.161914112046360970e-04 9.414865635335445404e-04 2.347187983104959130e-04 7.955512031912803650e-03 7.350207888521254063e-04
2.000000000000000000e+03 4.136656061746180058e-04 8.408813155256211758e-04 2.226314099971204996e-04 2.923261607065796852e-03 5.545903695747256279e-04 4.136656061746180058e-04 8.408813155256211758e-04 2.226314099971204996e-04 2.923261607065796852e-03 5.545903695747256279e-04
2.100000000000000000e+03 3.900970332324504852e-04 8.374398457817733288e-04 2.116254909196868539e-04 4.475307185202836990e-03 5.481113330461084843e-04 3.900970332324504852e-04 8.374398457817733288e-04 2.116254909196868539e-04 4.475307185202836990e-03 5.481113330461084843e-04
2.200000000000000000e+03 3.755071666091680527e-04 8.105701417662203312e-04 2.104758023051545024e-04 3.145907539874315262e-03 5.294922157190740108e-04 3.755071666091680527e-04 8.105701417662203312e-04 2.104758023051545024e-04 3.145907539874315262e-03 5.294922157190740108e-04
2.300000000000000000e+03 3.558318712748587132e-04 1.029008883051574230e-03 2.133463713107630610e-04 1.229482609778642654e-02 9.547306690365076065e-04 3.558318712748587132e-04 1.029008883051574230e-03 2.133463713107630610e-04 1.229482609778642654e-02 9.547306690365076065e-04
2.400000000000000000e+03 3.626407706178724766e-04 7.452860008925199509e-04 2.016492217080667615e-04 2.590318908914923668e-03 4.106223932467401028e-04 3.626407706178724766e-04 7.452860008925199509e-04 2.016492217080667615e-04 2.590318908914923668e-03 4.106223932467401028e-04
2.500000000000000000e+03 3.488703805487602949e-04 7.575114723294973373e-04 2.037683152593672276e-04 2.385745290666818619e-03 4.174023051746189594e-04 3.488703805487602949e-04 7.575114723294973373e-04 2.037683152593672276e-04 2.385745290666818619e-03 4.174023051746189594e-04
2.600000000000000000e+03 3.227202978450804949e-04 6.621755310334265232e-04 1.779488084139302373e-04 2.309721661731600761e-03 3.337016387376934290e-04 3.227202978450804949e-04 6.621755310334265232e-04 1.779488084139302373e-04 2.309721661731600761e-03 3.337016387376934290e-04
2.700000000000000000e+03 3.152288263663649559e-04 7.664496079087257385e-04 1.828092063078656793e-04 6.989283952862024307e-03 6.029510404914617538e-04 3.152288263663649559e-04 7.664496079087257385e-04 1.828092063078656793e-04 6.989283952862024307e-03 6.029510404914617538e-04
2.800000000000000000e+03 3.386720491107553244e-04 9.077339782379567623e-04 1.980923407245427370e-04 9.375302121043205261e-03 1.030228100717067719e-03 3.386720491107553244e-04 9.077339782379567623e-04 1.980923407245427370e-04 9.375302121043205261e-03 1.030228100717067719e-03
2.900000000000000000e+03 2.990797220263630152e-04 5.972371436655521393e-04 1.710670621832832694e-04 1.629930105991661549e-03 2.780598006211221218e-04 2.990797220263630152e-04 5.972371436655521393e-04 1.710670621832832694e-04 1.629930105991661549e-03 2.780598006211221218e-04
3.000000000000000000e+03 2.827396092470735312e-04 5.539298290386795998e-04 1.542901445645838976e-04 1.408976037055253983e-03 2.452340268064290285e-04 2.827396092470735312e-04 5.539298290386795998e-04 1.542901445645838976e-04 1.408976037055253983e-03 2.452340268064290285e-04
3.100000000000000000e+03 2.918732061516493559e-04 6.172586581669747829e-04 1.933850289788097143e-04 4.166813101619482040e-03 4.034279554616659880e-04 2.918732061516493559e-04 6.172586581669747829e-04 1.933850289788097143e-04 4.166813101619482040e-03 4.034279554616659880e-04
3.200000000000000000e+03 2.550043573137372732e-04 7.897249888628721237e-04 1.706901239231228828e-04 2.277692547067999840e-03 5.189050571061670780e-04 2.550043573137372732e-04 7.897249888628721237e-04 1.706901239231228828e-04 2.277692547067999840e-03 5.189050571061670780e-04
3.300000000000000000e+03 2.542509755585342646e-04 5.033085471950471401e-04 1.446407841285690665e-04 1.042577903717756271e-03 2.196006535086780787e-04 2.542509755585342646e-04 5.033085471950471401e-04 1.446407841285690665e-04 1.042577903717756271e-03 2.196006535086780787e-04
3.400000000000000000e+03 2.423878904664888978e-04 4.795911663677543402e-04 1.359623420285061002e-04 8.833031170070171356e-04 2.096013340633362532e-04 2.423878904664888978e-04 4.795911663677543402e-04 1.359623420285061002e-04 8.833031170070171356e-04 2.096013340633362532e-04
3.500000000000000000e+03 2.411652822047472000e-04 5.429860902950167656e-04 1.456601894460618496e-04 2.176969312131404877e-03 2.779764763545244932e-04 2.411652822047472000e-04 5.429860902950167656e-04 1.456601894460618496e-04 2.176969312131404877e-03 2.779764763545244932e-04
3.600000000000000000e+03 2.133523812517523766e-04 4.895474994555115700e-04 1.519024081062525511e-04 2.652846043929457664e-03 3.889109939336776733e-04 2.133523812517523766e-04 4.895474994555115700e-04 1.519024081062525511e-04 2.652846043929457664e-03 3.889109939336776733e-04
3.700000000000000000e+03 2.115542447427287698e-04 5.153772654011845589e-04 1.403316273353993893e-04 1.031797030009329319e-03 2.487823658157140017e-04 2.115542447427287698e-04 5.153772654011845589e-04 1.403316273353993893e-04 1.031797030009329319e-03 2.487823658157140017e-04
3.800000000000000000e+03 1.964832626981660724e-04 4.907682887278497219e-04 1.235075906151905656e-04 1.538382144644856453e-03 2.563729940447956324e-04 1.964832626981660724e-04 4.907682887278497219e-04 1.235075906151905656e-04 1.538382144644856453e-03 2.563729940447956324e-04
3.900000000000000000e+03 1.940471411217004061e-04 4.330794035922735929e-04 1.295318943448364735e-04 1.021624542772769928e-03 2.177203277824446559e-04 1.940471411217004061e-04 4.330794035922735929e-04 1.295318943448364735e-04 1.021624542772769928e-03 2.177203277824446559e-04
4.000000000000000000e+03 1.781499449862167239e-04 5.826681153848767281e-04 1.309873478021472692e-04 2.051214920356869698e-03 3.749884781427681446e-04 1.781499449862167239e-04 5.826681153848767281e-04 1.309873478021472692e-04 2.051214920356869698e-03 3.749884781427681446e-04
4.100000000000000000e+03 1.707197516225278378e-04 4.091843147762119770e-04 1.146036520367488265e-04 1.736805774271488190e-03 2.067302411887794733e-04 1.707197516225278378e-04 4.091843147762119770e-04 1.146036520367488265e-04 1.736805774271488190e-03 2.067302411887794733e-04
4.200000000000000000e+03 1.623091084184125066e-04 3.698155633173882961e-04 1.076147673302330077e-04 1.002996228635311127e-03 1.607092126505449414e-04 1.623091084184125066e-04 3.698155633173882961e-04 1.076147673302330077e-04 1.002996228635311127e-03 1.607092126505449414e-04
4.300000000000000000e+03 1.619519898667931557e-04 3.331767511554062366e-04 1.166405345429666340e-04 1.410706085152924061e-03 1.983260881388559937e-04 1.619519898667931557e-04 3.331767511554062366e-04 1.166405345429666340e-04 1.410706085152924061e-03 1.983260881388559937e-04
4.400000000000000000e+03 1.601238618604838848e-04 3.683245740830898285e-04 1.100838198908604681e-04 1.213299226947128773e-03 1.630354818189516664e-04 1.601238618604838848e-04 3.683245740830898285e-04 1.100838198908604681e-04 1.213299226947128773e-03 1.630354818189516664e-04
4.500000000000000000e+03 1.521066151326522231e-04 3.783624852076172829e-04 1.339023874606937170e-04 1.950105768628418446e-03 2.583181485533714294e-04 1.521066151326522231e-04 3.783624852076172829e-04 1.339023874606937170e-04 1.950105768628418446e-03 2.583181485533714294e-04
4.600000000000000000e+03 1.415185688529163599e-04 3.558699099812656641e-04 1.132191173383034766e-04 2.599887317046523094e-03 2.331102296011522412e-04 1.415185688529163599e-04 3.558699099812656641e-04 1.132191173383034766e-04 2.599887317046523094e-03 2.331102296011522412e-04
4.700000000000000000e+03 1.390584366163238883e-04 4.274207167327404022e-04 1.035746681736782193e-04 4.459921328816562891e-04 2.722725330386310816e-04 1.390584366163238883e-04 4.274207167327404022e-04 1.035746681736782193e-04 4.459921328816562891e-04 2.722725330386310816e-04
4.800000000000000000e+03 1.323172473348677158e-04 2.861837856471538544e-04 8.710454130778089166e-05 4.645544395316392183e-04 1.166140500572510064e-04 1.323172473348677158e-04 2.861837856471538544e-04 8.710454130778089166e-05 4.645544395316392183e-04 1.166140500572510064e-04
4.900000000000000000e+03 1.260066346731036901e-04 2.743619552347809076e-04 8.564451127313077450e-05 5.189377116039395332e-04 1.058640482369810343e-04 1.260066346731036901e-04 2.743619552347809076e-04 8.564451127313077450e-05 5.189377116039395332e-04 1.058640482369810343e-04
5.000000000000000000e+03 1.298747374676167965e-04 2.628866059239953756e-04 1.163945053122006357e-04 1.949227182194590569e-03 2.278379688505083323e-04 1.298747374676167965e-04 2.628866059239953756e-04 1.163945053122006357e-04 1.949227182194590569e-03 2.278379688505083323e-04
5.100000000000000000e+03 1.168610833701677620e-04 2.714914735406637192e-04 8.329838601639494300e-05 1.001353259198367596e-03 1.268542546313256025e-04 1.168610833701677620e-04 2.714914735406637192e-04 8.329838601639494300e-05 1.001353259198367596e-03 1.268542546313256025e-04
5.200000000000000000e+03 1.324745389865711331e-04 2.937553217634558678e-04 1.502600061940029263e-04 4.626311827450990677e-03 3.505971399135887623e-04 1.324745389865711331e-04 2.937553217634558678e-04 1.502600061940029263e-04 4.626311827450990677e-03 3.505971399135887623e-04
5.300000000000000000e+03 1.143824265454895794e-04 2.200337330577895045e-04 8.827342389849945903e-05 1.063258619979023933e-03 1.354120322503149509e-04 1.143824265454895794e-04 2.200337330577895045e-04 8.827342389849945903e-05 1.063258619979023933e-03 1.354120322503149509e-04
5.400000000000000000e+03 1.052045990945771337e-04 2.500039408914744854e-04 7.838404417270794511e-05 9.614490554668009281e-04 1.104607508750632405e-04 1.052045990945771337e-04 2.500039408914744854e-04 7.838404417270794511e-05 9.614490554668009281e-04 1.104607508750632405e-04
5.500000000000000000e+03 1.107434363802894950e-04 2.534810919314622879e-04 7.476811151718720794e-05 5.758430343121290207e-04 1.005623271339572966e-04 1.107434363802894950e-04 2.534810919314622879e-04 7.476811151718720794e-05 5.758430343121290207e-04 1.005623271339572966e-04
5.600000000000000000e+03 9.926752682076767087e-05 2.861540997400879860e-04 8.214661647798493505e-05 1.124124508351087570e-03 1.466069370508193970e-04 9.926752682076767087e-05 2.861540997400879860e-04 8.214661647798493505e-05 1.124124508351087570e-03 1.466069370508193970e-04
5.700000000000000000e+03 9.719822992337867618e-05 2.174057881347835064e-04 6.753000343451276422e-05 3.895332920365035534e-04 9.527881775284186006e-05 9.719822992337867618e-05 2.174057881347835064e-04 6.753000343451276422e-05 3.895332920365035534e-04 9.527881775284186006e-05
5.800000000000000000e+03 1.017686590785160661e-04 2.959419798571616411e-04 9.312129259342327714e-05 2.319467253983020782e-03 2.098520490108057857e-04 1.017686590785160661e-04 2.959419798571616411e-04 9.312129259342327714e-05 2.319467253983020782e-03 2.098520490108057857e-04
5.900000000000000000e+03 9.033493552124127746e-05 2.224352938355877995e-04 8.069223258644342422e-05 1.533710979856550694e-03 1.575618807692080736e-04 9.033493552124127746e-05 2.224352938355877995e-04 8.069223258644342422e-05 1.533710979856550694e-03 1.575618807692080736e-04
6.000000000000000000e+03 9.230332216247916222e-05 2.188870857935398817e-04 6.805388693464919925e-05 5.174082471057772636e-04 9.838299592956900597e-05 9.230332216247916222e-05 2.188870857935398817e-04 6.805388693464919925e-05 5.174082471057772636e-04 9.838299592956900597e-05
6.100000000000000000e+03 8.439482917310670018e-05 2.594156831037253141e-04 7.742082379991188645e-05 1.175290090031921864e-03 1.630685146665200591e-04 8.439482917310670018e-05 2.594156831037253141e-04 7.742082379991188645e-05 1.175290090031921864e-03 1.630685146665200591e-04
6.200000000000000000e+03 8.702030754648149014e-05 1.666179741732776165e-04 6.136345473350957036e-05 2.852532197721302509e-04 7.937031477922573686e-05 8.702030754648149014e-05 1.666179741732776165e-04 6.136345473350957036e-05 2.852532197721302509e-04 7.937031477922573686e-05
6.300000000000000000e+03 9.156496525974944234e-05 5.959385307505726814e-04 1.328121434198692441e-04 2.052708761766552925e-03 6.307509611360728741e-04 9.156496525974944234e-05 5.959385307505726814e-04 1.328121434198692441e-04 2.052708761766552925e-03 6.307509611360728741e-04
6.400000000000000000e+03 8.121617429424077272e-05 1.509111316408962011e-04 6.633053999394178391e-05 5.955571541562676430e-04 9.130204125540331006e-05 8.121617429424077272e-05 1.509111316408962011e-04 6.633053999394178391e-05 5.955571541562676430e-04 9.130204125540331006e-05
6.500000000000000000e+03 8.731288107810541987e-05 2.379302022745832801e-04 9.901501471176743507e-05 1.739168073982000351e-03 2.037029917119070888e-04 8.731288107810541987e-05 2.379302022745832801e-04 9.901501471176743507e-05 1.739168073982000351e-03 2.037029917119070888e-04
6.600000000000000000e+03 8.586397598264738917e-05 1.822740596253424883e-04 9.295859490521252155e-05 2.262423280626535416e-03 2.409053849987685680e-04 8.586397598264738917e-05 1.822740596253424883e-04 9.295859490521252155e-05 2.262423280626535416e-03 2.409053849987685680e-04
6.700000000000000000e+03 7.279463170561939478e-05 1.885468082036823034e-04 6.598068284802138805e-05 1.180016901344060898e-03 1.149771851487457752e-04 7.279463170561939478e-05 1.885468082036823034e-04 6.598068284802138805e-05 1.180016901344060898e-03 1.149771851487457752e-04
6.800000000000000000e+03 7.406596705550327897e-05 1.564925478305667639e-04 6.472155655501410365e-05 8.529345504939556122e-04 1.270706416107714176e-04 7.406596705550327897e-05 1.564925478305667639e-04 6.472155655501410365e-05 8.529345504939556122e-04 1.270706416107714176e-04
6.900000000000000000e+03 6.973308336455374956e-05 1.933728926815092564e-04 8.162557787727564573e-05 1.917519839480519295e-03 1.558103249408304691e-04 6.973308336455374956e-05 1.933728926815092564e-04 8.162557787727564573e-05 1.917519839480519295e-03 1.558103249408304691e-04
7.000000000000000000e+03 6.714361370541155338e-05 1.249011547770351171e-04 4.775289562530815601e-05 2.318665792699903250e-04 5.995470564812421799e-05 6.714361370541155338e-05 1.249011547770351171e-04 4.775289562530815601e-05 2.318665792699903250e-04 5.995470564812421799e-05
7.100000000000000000e+03 7.596032082801684737e-05 1.356679713353514671e-04 8.153147791745141149e-05 2.557907719165086746e-03 2.055912482319399714e-04 7.596032082801684737e-05 1.356679713353514671e-04 8.153147791745141149e-05 2.557907719165086746e-03 2.055912482319399714e-04
7.200000000000000000e+03 6.566180672962218523e-05 1.912206644192337990e-04 7.514652679674327374e-05 1.827185158617794514e-03 1.554605696583166718e-04 6.566180672962218523e-05 1.912206644192337990e-04 7.514652679674327374e-05 1.827185158617794514e-03 1.554605696583166718e-04
7.300000000000000000e+03 6.156678136903792620e-05 1.528733118902891874e-04 4.945363980368711054e-05 2.946885360870510340e-04 8.615488331997767091e-05 6.156678136903792620e-05 1.528733118902891874e-04 4.945363980368711054e-05 2.946885360870510340e-04 8.615488331997767091e-05
7.400000000000000000e+03 7.066525722621008754e-05 1.745135814417153597e-04 8.174584945663809776e-05 2.251466503366827965e-03 2.334439341211691499e-04 7.066525722621008754e-05 1.745135814417153597e-04 8.174584945663809776e-05 2.251466503366827965e-03 2.334439341211691499e-04
7.500000000000000000e+03 6.104173371568322182e-05 1.891521533252671361e-04 7.978029316291213036e-05 1.930558821186423302e-03 1.788263325579464436e-04 6.104173371568322182e-05 1.891521533252671361e-04 7.978029316291213036e-05 1.930558821186423302e-03 1.788263325579464436e-04
7.600000000000000000e+03 5.616715134237892926e-05 9.922198660206049681e-05 4.292853191145695746e-05 2.141864242730662227e-04 5.310235428623855114e-05 5.616715134237892926e-05 9.922198660206049681e-05 4.292853191145695746e-05 2.141864242730662227e-04 5.310235428623855114e-05
7.700000000000000000e+03 5.442976907943375409e-05 1.232510112458840013e-04 4.913898010272532701e-05 7.748227799311280251e-04 9.667513950262218714e-05 5.442976907943375409e-05 1.232510112458840013e-04 4.913898010272532701e-05 7.748227799311280251e-04 9.667513950262218714e-05
7.800000000000000000e+03 5.649086961057037115e-05 1.031652136589400470e-04 5.059114482719451189e-05 4.770073282998055220e-04 7.918332994449883699e-05 5.649086961057037115e-05 1.031652136589400470e-04 5.059114482719451189e-05 4.770073282998055220e-04 7.918332994449883699e-05
7.900000000000000000e+03 6.084776032366789877e-05 1.561611279612407088e-04 5.840538142365403473e-05 1.771827344782650471e-03 1.032271684380248189e-04 6.084776032366789877e-05 1.561611279612407088e-04 5.840538142365403473e-05 1.771827344782650471e-03 1.032271684380248189e-04
8.000000000000000000e+03 5.601300654234364629e-05 9.254845645045861602e-05 5.784133827546611428e-05 1.275511109270155430e-03 1.205904700327664614e-04 5.601300654234364629e-05 9.254845645045861602e-05 5.784133827546611428e-05 1.275511109270155430e-03 1.205904700327664614e-04
8.100000000000000000e+03 5.022185359848663211e-05 1.238868717337027192e-04 5.193143442738801241e-05 9.779749670997262001e-04 9.226190013578161597e-05 5.022185359848663211e-05 1.238868717337027192e-04 5.193143442738801241e-05 9.779749670997262001e-04 9.226190013578161597e-05
8.200000000000000000e+03 5.212029645917937160e-05 9.035214316099882126e-05 5.283280916046351194e-05 9.583043865859508514e-04 1.003952056635171175e-04 5.212029645917937160e-05 9.035214316099882126e-05 5.283280916046351194e-05 9.583043865859508514e-04 1.003952056635171175e-04
8.300000000000000000e+03 4.741393786389380693e-05 1.221983111463487148e-04 4.583059853757731616e-05 7.251743809320032597e-04 7.844043284421786666e-05 4.741393786389380693e-05 1.221983111463487148e-04 4.583059853757731616e-05 7.251743809320032597e-04 7.844043284421786666e-05
8.400000000000000000e+03 4.539418296189978719e-05 7.924872625153511763e-05 3.831926005659624934e-05 2.304119843756780028e-04 4.876991442870348692e-05 4.539418296189978719e-05 7.924872625153511763e-05 3.831926005659624934e-05 2.304119843756780028e-04 4.876991442870348692e-05
8.500000000000000000e+03 4.692575748777016997e-05 9.811433119466528296e-05 4.381336839287541807e-05 2.899918472394347191e-04 6.476876296801492572e-05 4.692575748777016997e-05 9.811433119466528296e-05 4.381336839287541807e-05 2.899918472394347191e-04 6.476876296801492572e-05
8.600000000000000000e+03 4.815616193809546530e-05 1.190977491205558181e-04 5.437621075543574989e-05 1.277188188396394253e-03 9.228163980878889561e-05 4.815616193809546530e-05 1.190977491205558181e-04 5.437621075543574989e-05 1.277188188396394253e-03 9.228163980878889561e-05
8.700000000000000000e+03 4.228124089422635734e-05 6.965689681237563491e-05 3.493438634905032814e-05 2.280014887219294906e-04 4.406867446959950030e-05 4.228124089422635734e-05 6.965689681237563491e-05 3.493438634905032814e-05 2.280014887219294906e-04 4.406867446959950030e-05
8.800000000000000000e+03 4.791925675817765296e-05 9.579095058143138885e-05 5.934169894317165017e-05 1.061730552464723587e-03 1.218632896780036390e-04 4.791925675817765296e-05 9.579095058143138885e-05 5.934169894317165017e-05 1.061730552464723587e-03 1.218632896780036390e-04
8.900000000000000000e+03 4.178342715022154152e-05 9.855873213382437825e-05 4.284687383915297687e-05 2.007415168918669224e-04 9.360266994917765260e-05 4.178342715022154152e-05 9.855873213382437825e-05 4.284687383915297687e-05 2.007415168918669224e-04 9.360266994917765260e-05
9.000000000000000000e+03 4.229761179885827005e-05 1.763893960742279887e-04 5.521735511138103902e-05 2.086516033159568906e-04 2.275657607242465019e-04 4.229761179885827005e-05 1.763893960742279887e-04 5.521735511138103902e-05 2.086516033159568906e-04 2.275657607242465019e-04
9.100000000000000000e+03 4.835455183638259768e-05 8.349172276211902499e-05 5.934454748057760298e-05 1.962033566087484360e-03 1.667638134676963091e-04 4.835455183638259768e-05 8.349172276211902499e-05 5.934454748057760298e-05 1.962033566087484360e-03 1.667638134676963091e-04
9.200000000000000000e+03 3.948537414544261992e-05 6.105101783759891987e-05 3.581091004889458418e-05 3.462351160123944283e-04 5.060290277469903231e-05 3.948537414544261992e-05 6.105101783759891987e-05 3.581091004889458418e-05 3.462351160123944283e-04 5.060290277469903231e-05
9.300000000000000000e+03 4.333964170655235648e-05 1.885741949081420898e-04 7.285332685569301248e-05 1.579079311341047287e-03 2.229953242931514978e-04 4.333964170655235648e-05 1.885741949081420898e-04 7.285332685569301248e-05 1.579079311341047287e-03 2.229953242931514978e-04
9.400000000000000000e+03 4.558448563329875469e-05 9.450529614696279168e-05 5.641334428219124675e-05 1.774228177964687347e-03 1.629806502023711801e-04 4.558448563329875469e-05 9.450529614696279168e-05 5.641334428219124675e-05 1.774228177964687347e-03 1.629806502023711801e-04
9.500000000000000000e+03 4.114486364414915442e-05 7.888279651524499059e-05 4.479011113289743662e-05 6.341426051221787930e-04 6.180593481985852122e-05 4.114486364414915442e-05 7.888279651524499059e-05 4.479011113289743662e-05 6.341426051221787930e-04 6.180593481985852122e-05
9.600000000000000000e+03 3.576794915716163814e-05 7.801820174790918827e-05 3.332424967084079981e-05 1.203301435452885926e-04 6.701810343656688929e-05 3.576794915716163814e-05 7.801820174790918827e-05 3.332424967084079981e-05 1.203301435452885926e-04 6.701810343656688929e-05
9.700000000000000000e+03 3.794322037720121443e-05 8.586391777498647571e-05 5.085216616862453520e-05 1.043704920448362827e-03 1.167789087048731744e-04 3.794322037720121443e-05 8.586391777498647571e-05 5.085216616862453520e-05 1.043704920448362827e-03 1.167789087048731744e-04
9.800000000000000000e+03 3.501048558973707259e-05 8.794474706519395113e-05 3.841156285488978028e-05 1.486507826484739780e-04 8.792044536676257849e-05 3.501048558973707259e-05 8.794474706519395113e-05 3.841156285488978028e-05 1.486507826484739780e-04 8.792044536676257849e-05
9.900000000000000000e+03 4.042325963382609189e-05 1.237151882378384471e-04 6.198345363372936845e-05 1.896367524750530720e-03 1.605749857844784856e-04 4.042325963382609189e-05 1.237151882378384471e-04 6.198345363372936845e-05 1.896367524750530720e-03 1.605749857844784856e-04
1.000000000000000000e+04 3.453276804066263139e-05 6.074570046621374786e-05 3.330765684950165451e-05 2.103798906318843365e-04 6.121632031863555312e-05 3.453276804066263139e-05 6.074570046621374786e-05 3.330765684950165451e-05 2.103798906318843365e-04 6.121632031863555312e-05
1.000000000000000000e+04 3.453276804066263139e-05 6.074570046621374786e-05 3.330765684950165451e-05 2.103798906318843365e-04 6.121632031863555312e-05 3.453276804066263139e-05 6.074570046621374786e-05 3.330765684950165451e-05 2.103798906318843365e-04 6.121632031863555312e-05
1.010000000000000000e+04 1.220257981913164258e-04 2.335264871362596750e-04 1.485966204199939966e-04 3.831831738352775574e-03 1.188238675240427256e-04 1.220257981913164258e-04 2.335264871362596750e-04 1.485966204199939966e-04 3.831831738352775574e-03 1.188238675240427256e-04
1.020000000000000000e+04 1.414379657944664359e-04 2.129145141225308180e-04 1.079908179235644639e-04 2.038363134488463402e-03 6.769681203877553344e-05 1.414379657944664359e-04 2.129145141225308180e-04 1.079908179235644639e-04 2.038363134488463402e-03 6.769681203877553344e-05
1.030000000000000000e+04 1.174444259959273040e-04 1.771213428582996130e-04 9.815200610319152474e-05 1.337434980086982250e-03 6.224246317287907004e-05 1.174444259959273040e-04 1.771213428582996130e-04 9.815200610319152474e-05 1.337434980086982250e-03 6.224246317287907004e-05
1.040000000000000000e+04 9.382387361256405711e-05 1.475817844038829207e-04 8.590864308644086123e-05 9.429698693566024303e-04 5.636825153487734497e-05 9.382387361256405711e-05 1.475817844038829207e-04 8.590864308644086123e-05 9.429698693566024303e-04 5.636825153487734497e-05
1.050000000000000000e+04 7.997703505679965019e-05 1.266358740394935012e-04 8.519052789779379964e-05 6.369508337229490280e-04 5.185875124880112708e-05 7.997703505679965019e-05 1.266358740394935012e-04 8.519052789779379964e-05 6.369508337229490280e-04 5.185875124880112708e-05
1.060000000000000000e+04 7.003235805314034224e-05 1.095195111702196300e-04 8.530355989933013916e-05 4.265933239366859198e-04 5.078257163404487073e-05 7.003235805314034224e-05 1.095195111702196300e-04 8.530355989933013916e-05 4.265933239366859198e-04 5.078257163404487073e-05
1.070000000000000000e+04 6.418338307412341237e-05 9.954344568541273475e-05 7.140811067074537277e-05 2.910661569330841303e-04 5.047759987064637244e-05 6.418338307412341237e-05 9.954344568541273475e-05 7.140811067074537277e-05 2.910661569330841303e-04 5.047759987064637244e-05
1.080000000000000000e+04 5.223764674155972898e-05 8.915826765587553382e-05 5.196399069973267615e-05 1.743485772749409080e-04 4.465961683308705688e-05 5.223764674155972898e-05 8.915826765587553382e-05 5.196399069973267615e-05 1.743485772749409080e-04 4.465961683308705688e-05
1.090000000000000000e+04 4.391987386043183506e-05 7.241033017635345459e-05 4.169082603766582906e-05 1.209359033964574337e-04 3.700747038237750530e-05 4.391987386043183506e-05 7.241033017635345459e-05 4.169082603766582906e-05 1.209359033964574337e-04 3.700747038237750530e-05
1.100000000000000000e+04 3.957937587983906269e-05 5.830793452332727611e-05 3.592220673453994095e-05 9.716701606521382928e-05 3.330954132252372801e-05 3.957937587983906269e-05 5.830793452332727611e-05 3.592220673453994095e-05 9.716701606521382928e-05 3.330954132252372801e-05
1.110000000000000000e+04 3.650971484603360295e-05 4.918223567074164748e-05 3.235218900954350829e-05 8.260086178779602051e-05 3.080259193666279316e-05 3.650971484603360295e-05 4.918223567074164748e-05 3.235218900954350829e-05 8.260086178779602051e-05 3.080259193666279316e-05
1.120000000000000000e+04 3.392015787540003657e-05 4.430672561284154654e-05 2.957091965072322637e-05 7.537398778367787600e-05 2.920543010986875743e-05 3.392015787540003657e-05 4.430672561284154654e-05 2.957091965072322637e-05 7.537398778367787600e-05 2.920543010986875743e-05
1.130000000000000000e+04 3.273650872870348394e-05 4.113560862606391311e-05 2.837589454429689795e-05 1.074681931640952826e-04 3.152293720631860197e-05 3.273650872870348394e-05 4.113560862606391311e-05 2.837589454429689795e-05 1.074681931640952826e-04 3.152293720631860197e-05
1.140000000000000000e+04 3.088358425884507596e-05 4.015207377960905433e-05 2.598690662125591189e-05 7.161719258874654770e-05 2.602900349302217364e-05 3.088358425884507596e-05 4.015207377960905433e-05 2.598690662125591189e-05 7.161719258874654770e-05 2.602900349302217364e-05
1.150000000000000000e+04 3.117429878329858184e-05 4.248004552209749818e-05 2.760824099823366851e-05 2.392022288404405117e-04 4.042957152705639601e-05 3.117429878329858184e-05 4.248004552209749818e-05 2.760824099823366851e-05 2.392022288404405117e-04 4.042957152705639601e-05
1.160000000000000000e+04 2.923045940406154841e-05 3.752675547730177641e-05 2.513970139261800796e-05 1.502065715612843633e-04 3.146158633171580732e-05 2.923045940406154841e-05 3.752675547730177641e-05 2.513970139261800796e-05 1.502065715612843633e-04 3.146158633171580732e-05
1.170000000000000000e+04 2.881742875615600497e-05 5.746395981987006962e-05 2.794035208353307098e-05 1.690740173216909170e-04 5.060058174422010779e-05 2.881742875615600497e-05 5.746395981987006962e-05 2.794035208353307098e-05 1.690740173216909170e-04 5.060058174422010779e-05
1.180000000000000000e+04 2.851144199667032808e-05 5.634839908452704549e-05 2.788863639580085874e-05 3.327743324916809797e-04 4.471903957892209291e-05 2.851144199667032808e-05 5.634839908452704549e-05 2.788863639580085874e-05 3.327743324916809797e-04 4.471903957892209291e-05
1.190000000000000000e+04 2.797939851006958634e-05 4.994840855943039060e-05 2.905435940192546695e-05 4.220946866553276777e-04 4.518066998571157455e-05 2.797939851006958634e-05 4.994840855943039060e-05 2.905435940192546695e-05 4.220946866553276777e-04 4.518066998571157455e-05
1.200000000000000000e+04 2.662267979758325964e-05 4.461759090190753341e-05 2.491432496753986925e-05 2.549180935602635145e-04 3.475934136076830328e-05 2.662267979758325964e-05 4.461759090190753341e-05 2.491432496753986925e-05 2.549180935602635145e-04 3.475934136076830328e-05
1.210000000000000000e+04 2.551235593273304403e-05 3.852595909847877920e-05 2.087998655042611063e-05 7.745877519482746720e-05 2.427025719953235239e-05 2.551235593273304403e-05 3.852595909847877920e-05 2.087998655042611063e-05 7.745877519482746720e-05 2.427025719953235239e-05
1.220000000000000000e+04 2.536524880270007998e-05 3.948669836972840130e-05 2.351502371311653405e-05 2.523517468944191933e-04 3.438672138145193458e-05 2.536524880270007998e-05 3.948669836972840130e-05 2.351502371311653405e-05 2.523517468944191933e-04 3.438672138145193458e-05
1.230000000000000000e+04 2.551177567511331290e-05 3.960089452448301017e-05 2.659314122865907848e-05 3.886274353135377169e-04 4.580312088364735246e-05 2.551177567511331290e-05 3.960089452448301017e-05 2.659314122865907848e-05 3.886274353135377169e-04 4.580312088364735246e-05
1.240000000000000000e+04 2.428842162771616131e-05 3.422726513235829771e-05 2.128066080331336707e-05 1.677135151112452149e-04 2.877325823646970093e-05 2.428842162771616131e-05 3.422726513235829771e-05 2.128066080331336707e-05 1.677135151112452149e-04 2.877325823646970093e-05
1.250000000000000000e+04 2.475540350133087486e-05 4.052692020195536315e-05 2.522802788007538766e-05 3.257416246924549341e-04 3.950715108658187091e-05 2.475540350133087486e-05 4.052692020195536315e-05 2.522802788007538766e-05 3.257416246924549341e-04 3.950715108658187091e-05
1.260000000000000000e+04 2.387118001934140921e-05 3.488864240352995694e-05 2.199124901380855590e-05 2.098006807500496507e-04 2.890110408770851791e-05 2.387118001934140921e-05 3.488864240352995694e-05 2.199124901380855590e-05 2.098006807500496507e-04 2.890110408770851791e-05
1.270000000000000000e+04 2.571910590631887317e-05 4.654582880903035402e-05 3.538777673384174705e-05 8.882807451300323009e-04 7.731920049991458654e-05 2.571910590631887317e-05 4.654582880903035402e-05 3.538777673384174705e-05 8.882807451300323009e-04 7.731920049991458654e-05
1.280000000000000000e+04 2.255834078823681921e-05 3.631092840805649757e-05 1.958538996404968202e-05 5.463618799694813788e-05 2.761543510132469237e-05 2.255834078823681921e-05 3.631092840805649757e-05 1.958538996404968202e-05 5.463618799694813788e-05 2.761543510132469237e-05
1.290000000000000000e+04 2.329539529455360025e-05 3.341371848364360631e-05 2.060816404991783202e-05 1.178306702058762312e-04 2.564160422480199486e-05 2.329539529455360025e-05 3.341371848364360631e-05 2.060816404991783202e-05 1.178306702058762312e-04 2.564160422480199486e-05
1.300000000000000000e+04 2.192589818150736392e-05 3.432269295444712043e-05 1.828544736781623214e-05 3.745483991224318743e-05 2.584696812846232206e-05 2.192589818150736392e-05 3.432269295444712043e-05 1.828544736781623214e-05 3.745483991224318743e-05 2.584696812846232206e-05
1.310000000000000000e+04 2.400270386715419590e-05 4.158292722422629595e-05 3.269657463533803821e-05 6.050746887922286987e-04 6.468686478910967708e-05 2.400270386715419590e-05 4.158292722422629595e-05 3.269657463533803821e-05 6.050746887922286987e-04 6.468686478910967708e-05
1.320000000000000000e+04 2.259116627101320773e-05 2.668963315954897553e-05 1.945578515005763620e-05 2.156538830604404211e-04 3.174522134941071272e-05 2.259116627101320773e-05 2.668963315954897553e-05 1.945578515005763620e-05 2.156538830604404211e-04 3.174522134941071272e-05
1.330000000000000000e+04 2.351976945647038519e-05 5.192344542592763901e-05 2.529599987610708922e-05 3.571438719518482685e-04 5.587847772403620183e-05 2.351976945647038519e-05 5.192344542592763901e-05 2.529599987610708922e-05 3.571438719518482685e-04 5.587847772403620183e-05
1.340000000000000000e+04 2.240329195046797395e-05 2.750897147052455693e-05 1.995865750359371305e-05 1.637955137994140387e-04 2.827098614943679422e-05 2.240329195046797395e-05 2.750897147052455693e-05 1.995865750359371305e-05 1.637955137994140387e-04 2.827098614943679422e-05
1.350000000000000000e+04 2.055185723293107003e-05 3.043375181732699275e-05 1.824310493248049170e-05 1.814529241528362036e-04 2.368645436945371330e-05 2.055185723293107003e-05 3.043375181732699275e-05 1.824310493248049170e-05 1.814529241528362036e-04 2.368645436945371330e-05
1.360000000000000000e+04 1.987825635296758264e-05 2.963229962915647775e-05 1.571849315951112658e-05 5.726416566176339984e-05 1.893217631732113659e-05 1.987825635296758264e-05 2.963229962915647775e-05 1.571849315951112658e-05 5.726416566176339984e-05 1.893217631732113659e-05
1.370000000000000000e+04 2.008892624871805310e-05 3.345232471474446356e-05 1.904375676531344652e-05 2.950123453047126532e-04 2.972845868498552591e-05 2.008892624871805310e-05 3.345232471474446356e-05 1.904375676531344652e-05 2.950123453047126532e-04 2.972845868498552591e-05
1.380000000000000000e+04 1.959782821359112859e-05 2.356456207053270191e-05 1.610790059203281999e-05 1.004855148494243622e-04 2.036770274571608752e-05 1.959782821359112859e-05 2.356456207053270191e-05 1.610790059203281999e-05 1.004855148494243622e-04 2.036770274571608752e-05
1.390000000000000000e+04 1.875108864624053240e-05 2.395941191934980452e-05 1.460880775994155556e-05 4.763695324072614312e-05 1.687031908659264445e-05 1.875108864624053240e-05 2.395941191934980452e-05 1.460880775994155556e-05 4.763695324072614312e-05 1.687031908659264445e-05
1.400000000000000000e+04 1.869941479526460171e-05 2.590178519312757999e-05 1.567452636663801968e-05 1.027889447868801653e-04 1.831837835197802633e-05 1.869941479526460171e-05 2.590178519312757999e-05 1.567452636663801968e-05 1.027889447868801653e-04 1.831837835197802633e-05
1.410000000000000000e+04 1.846245686465408653e-05 3.012740125996060669e-05 1.753665492287836969e-05 8.722427446627989411e-05 2.213656989624723792e-05 1.846245686465408653e-05 3.012740125996060669e-05 1.753665492287836969e-05 8.722427446627989411e-05 2.213656989624723792e-05
1.420000000000000000e+04 1.886593963718041778e-05 2.901499283325392753e-05 1.764235821610782295e-05 3.000383439939469099e-04 2.781015609798487276e-05 1.886593963718041778e-05 2.901499283325392753e-05 1.764235821610782295e-05 3.000383439939469099e-04 2.781015609798487276e-05
1.430000000000000000e+04 1.849147702159825712e-05 3.250876761740073562e-05 1.571209031681064516e-05 7.494758028769865632e-05 2.438741285004653037e-05 1.849147702159825712e-05 3.250876761740073562e-05 1.571209031681064516e-05 7.494758028769865632e-05 2.438741285004653037e-05
1.440000000000000000e+04 1.845199949457310140e-05 3.255960473325103521e-05 1.719790634524542838e-05 3.284892300143837929e-04 2.397305252088699490e-05 1.845199949457310140e-05 3.255960473325103521e-05 1.719790634524542838e-05 3.284892300143837929e-04 2.397305252088699490e-05
1.450000000000000000e+04 1.714659811113961041e-05 3.285017737653106451e-05 2.320144631084986031e-05 6.552799459313973784e-05 2.959195990115404129e-05 1.714659811113961041e-05 3.285017737653106451e-05 2.320144631084986031e-05 6.552799459313973784e-05 2.959195990115404129e-05
1.460000000000000000e+04 1.767331741575617343e-05 2.316935206181369722e-05 1.513100960437441245e-05 2.752738073468208313e-04 2.366292210354004055e-05 1.767331741575617343e-05 2.316935206181369722e-05 1.513100960437441245e-05 2.752738073468208313e-04 2.366292210354004055e-05
1.470000000000000000e+04 1.824595165089704096e-05 2.244215647806413472e-05 1.720550608297344297e-05 2.633274416439235210e-04 3.133379141218028963e-05 1.824595165089704096e-05 2.244215647806413472e-05 1.720550608297344297e-05 2.633274416439235210e-04 3.133379141218028963e-05
1.480000000000000000e+04 1.805539068300276995e-05 2.799078720272518694e-05 1.761618659656960517e-05 2.857579966075718403e-04 4.308162169763818383e-05 1.805539068300276995e-05 2.799078720272518694e-05 1.761618659656960517e-05 2.857579966075718403e-04 4.308162169763818383e-05
1.490000000000000000e+04 1.794485797290690243e-05 3.666711563710123301e-05 2.066041815851349384e-05 5.102450377307832241e-04 3.843699960270896554e-05 1.794485797290690243e-05 3.666711563710123301e-05 2.066041815851349384e-05 5.102450377307832241e-04 3.843699960270896554e-05
1.500000000000000000e+04 1.572420114825945348e-05 1.922460614878218621e-05 1.193092339235590771e-05 2.451320688123814762e-05 1.236583830177551135e-05 1.572420114825945348e-05 1.922460614878218621e-05 1.193092339235590771e-05 2.451320688123814762e-05 1.236583830177551135e-05
1.510000000000000000e+04 1.578177034389227629e-05 3.342968921060673892e-05 1.461719148210249841e-05 2.948337169073056430e-05 3.008334351761732250e-05 1.578177034389227629e-05 3.342968921060673892e-05 1.461719148210249841e-05 2.948337169073056430e-05 3.008334351761732250e-05
1.520000000000000000e+04 1.603413329576142132e-05 4.002416244475170970e-05 1.604037061042618006e-05 1.669169578235596418e-04 2.948115979961585253e-05 1.603413329576142132e-05 4.002416244475170970e-05 1.604037061042618006e-05 1.669169578235596418e-04 2.948115979961585253e-05
1.530000000000000000e+04 1.632532439543865621e-05 2.641315768414642662e-05 1.568569678056519479e-05 1.011265703709796071e-04 2.759911330940667540e-05 1.632532439543865621e-05 2.641315768414642662e-05 1.568569678056519479e-05 1.011265703709796071e-04 2.759911330940667540e-05
1.540000000000000000e+04 1.633576175663620234e-05 3.825450767180882394e-05 1.927658195199910551e-05 3.667901328299194574e-04 3.748274320969358087e-05 1.633576175663620234e-05 3.825450767180882394e-05 1.927658195199910551e-05 3.667901328299194574e-04 3.748274320969358087e-05
1.550000000000000000e+04 2.063879219349473715e-05 4.173001070739701390e-05 3.356984962010756135e-05 9.269751608371734619e-04 8.717919990886002779e-05 2.063879219349473715e-05 4.173001070739701390e-05 3.356984962010756135e-05 9.269751608371734619e-04 8.717919990886002779e-05
1.560000000000000000e+04 1.514298946858616546e-05 2.133587622665800154e-05 1.331073963228845969e-05 1.157468068413436413e-04 1.829740540415514261e-05 1.514298946858616546e-05 2.133587622665800154e-05 1.331073963228845969e-05 1.157468068413436413e-04 1.829740540415514261e-05
1.570000000000000000e+04 1.517013424745528027e-05 3.338615351822227240e-05 1.674555460340343416e-05 2.743385266512632370e-04 2.762571239145472646e-05 1.517013424745528027e-05 3.338615351822227240e-05 1.674555460340343416e-05 2.743385266512632370e-04 2.762571239145472646e-05
1.580000000000000000e+04 1.485859957028878853e-05 2.451878390274941921e-05 1.389052886224817485e-05 1.477850455557927489e-04 1.367942695651436225e-05 1.485859957028878853e-05 2.451878390274941921e-05 1.389052886224817485e-05 1.477850455557927489e-04 1.367942695651436225e-05
1.590000000000000000e+04 1.463142234570113942e-05 2.181758645747322589e-05 1.466734556743176654e-05 1.710486831143498421e-04 1.953897481143940240e-05 1.463142234570113942e-05 2.181758645747322589e-05 1.466734556743176654e-05 1.710486831143498421e-04 1.953897481143940240e-05
1.600000000000000000e+04 1.395120762026635930e-05 1.948777389770839363e-05 1.116307430493179709e-05 1.028789047268219292e-04 1.386496933264425024e-05 1.395120762026635930e-05 1.948777389770839363e-05 1.116307430493179709e-05 1.028789047268219292e-04 1.386496933264425024e-05
1.610000000000000000e+04 1.766008426784537733e-05 3.531643960741348565e-05 2.190403756685554981e-05 7.216030498966574669e-04 6.038478022674098611e-05 1.766008426784537733e-05 3.531643960741348565e-05 2.190403756685554981e-05 7.216030498966574669e-04 6.038478022674098611e-05
1.620000000000000000e+04 1.325234006799291819e-05 1.692131991148926318e-05 1.046711986418813467e-05 2.605308691272512078e-05 1.072167378879385069e-05 1.325234006799291819e-05 1.692131991148926318e-05 1.046711986418813467e-05 2.605308691272512078e-05 1.072167378879385069e-05
1.630000000000000000e+04 1.339685513812582940e-05 1.854391666711308062e-05 1.081540267477976158e-05 2.299390507687348872e-05 1.351343598798848689e-05 1.339685513812582940e-05 1.854391666711308062e-05 1.081540267477976158e-05 2.299390507687348872e-05 1.351343598798848689e-05
1.640000000000000000e+04 1.343408257525879890e-05 2.044747088802978396e-05 1.351381524727912620e-05 1.509734720457345247e-04 1.782411709427833557e-05 1.343408257525879890e-05 2.044747088802978396e-05 1.351381524727912620e-05 1.509734720457345247e-04 1.782411709427833557e-05
1.650000000000000000e+04 1.303309545619413257e-05 1.855611481005325913e-05 1.127029645431321114e-05 7.919059862615540624e-05 1.428327504982007667e-05 1.303309545619413257e-05 1.855611481005325913e-05 1.127029645431321114e-05 7.919059862615540624e-05 1.428327504982007667e-05
1.660000000000000000e+04 1.359166890324559063e-05 3.063327676500193775e-05 1.425542723154649138e-05 2.680750912986695766e-04 2.348559428355656564e-05 1.359166890324559063e-05 3.063327676500193775e-05 1.425542723154649138e-05 2.680750912986695766e-04 2.348559428355656564e-05
1.670000000000000000e+04 1.343582789559150115e-05 1.625582990527618676e-05 1.215392694575712085e-05 1.305058394791558385e-04 1.994189369725063443e-05 1.343582789559150115e-05 1.625582990527618676e-05 1.215392694575712085e-05 1.305058394791558385e-04 1.994189369725063443e-05
1.680000000000000000e+04 1.316113412030972540e-05 2.014806159422732890e-05 1.555653579998761415e-05 3.194694290868937969e-04 2.549807686591520905e-05 1.316113412030972540e-05 2.014806159422732890e-05 1.555653579998761415e-05 3.194694290868937969e-04 2.549807686591520905e-05
1.690000000000000000e+04 1.263922968064434826e-05 1.967168827832210809e-05 1.260824865312315524e-05 1.994972990360110998e-04 1.710825199552346021e-05 1.263922968064434826e-05 1.967168827832210809e-05 1.260824865312315524e-05 1.994972990360110998e-04 1.710825199552346021e-05
1.700000000000000000e+04 1.234709998243488371e-05 3.445419497438706458e-05 1.285601229028543457e-05 5.841148595209233463e-05 2.941275306511670351e-05 1.234709998243488371e-05 3.445419497438706458e-05 1.285601229028543457e-05 5.841148595209233463e-05 2.941275306511670351e-05
1.710000000000000000e+04 1.236878870258806273e-05 1.848601459641940892e-05 1.195030472445068881e-05 1.580307580297812819e-04 1.305487694480689242e-05 1.236878870258806273e-05 1.848601459641940892e-05 1.195030472445068881e-05 1.580307580297812819e-04 1.305487694480689242e-05
1.720000000000000000e+04 1.275557951885275543e-05 1.597099435457494110e-05 1.159249040938448161e-05 8.829908620100468397e-05 1.507404977019177750e-05 1.275557951885275543e-05 1.597099435457494110e-05 1.159249040938448161e-05 8.829908620100468397e-05 1.507404977019177750e-05
1.730000000000000000e+04 1.705986323941033334e-05 5.048455932410433888e-05 2.391729867667891085e-05 8.143819868564605713e-04 7.738505519228056073e-05 1.705986323941033334e-05 5.048455932410433888e-05 2.391729867667891085e-05 8.143819868564605713e-04 7.738505519228056073e-05
1.740000000000000000e+04 1.299602718063397333e-05 1.747479109326377511e-05 1.259495729755144566e-05 2.978216216433793306e-04 2.650651185831520706e-05 1.299602718063397333e-05 1.747479109326377511e-05 1.259495729755144566e-05 2.978216216433793306e-04 2.650651185831520706e-05
1.750000000000000000e+04 1.497421271778875962e-05 2.132456938852556050e-05 1.823701677494682372e-05 7.286873296834528446e-04 5.436026549432426691e-05 1.497421271778875962e-05 2.132456938852556050e-05 1.823701677494682372e-05 7.286873296834528446e-04 5.436026549432426691e-05
1.760000000000000000e+04 1.142053042713087052e-05 2.276129271194804460e-05 1.043165411829249933e-05 4.167866063653491437e-05 1.867638457042630762e-05 1.142053042713087052e-05 2.276129271194804460e-05 1.043165411829249933e-05 4.167866063653491437e-05 1.867638457042630762e-05
1.770000000000000000e+04 1.142253677244298160e-05 1.450828676752280444e-05 9.569330359227024019e-06 8.509302278980612755e-05 1.378334491164423525e-05 1.142253677244298160e-05 1.450828676752280444e-05 9.569330359227024019e-06 8.509302278980612755e-05 1.378334491164423525e-05
1.780000000000000000e+04 1.421878278051735833e-05 2.059904545603785664e-05 2.023239903792273253e-05 5.231766263023018837e-04 5.107053220854140818e-05 1.421878278051735833e-05 2.059904545603785664e-05 2.023239903792273253e-05 5.231766263023018837e-04 5.107053220854140818e-05
1.790000000000000000e+04 1.125046946981456131e-05 2.204280644946265966e-05 1.104710827348753810e-05 1.283222663914784789e-04 2.340232458664104342e-05 1.125046946981456131e-05 2.204280644946265966e-05 1.104710827348753810e-05 1.283222663914784789e-04 2.340232458664104342e-05
1.800000000000000000e+04 1.111324036173755303e-05 1.528003303974401206e-05 1.007924220175482333e-05 6.558424502145498991e-05 1.073516250471584499e-05 1.111324036173755303e-05 1.528003303974401206e-05 1.007924220175482333e-05 6.558424502145498991e-05 1.073516250471584499e-05
1.810000000000000000e+04 1.178013553726486862e-05 5.610776861431077123e-05 1.702806548564694822e-05 1.902965886984020472e-04 4.598302621161565185e-05 1.178013553726486862e-05 5.610776861431077123e-05 1.702806548564694822e-05 1.902965886984020472e-04 4.598302621161565185e-05
1.820000000000000000e+04 1.138835705205565318e-05 2.389653127465862781e-05 1.185413293569581583e-05 4.960894511896185577e-05 2.472855703672394156e-05 1.138835705205565318e-05 2.389653127465862781e-05 1.185413293569581583e-05 4.960894511896185577e-05 2.472855703672394156e-05
1.830000000000000000e+04 1.063249419530620798e-05 1.320440514973597601e-05 8.853521649143658578e-06 4.540500231087207794e-05 1.073502426152117550e-05 1.063249419530620798e-05 1.320440514973597601e-05 8.853521649143658578e-06 4.540500231087207794e-05 1.073502426152117550e-05
1.840000000000000000e+04 1.205688204208854586e-05 1.567571962368674576e-05 1.364901618217118084e-05 2.660933241713792086e-04 2.856771970982663333e-05 1.205688204208854586e-05 1.567571962368674576e-05 1.364901618217118084e-05 2.660933241713792086e-04 2.856771970982663333e-05
1.850000000000000000e+04 1.178934780909912661e-05 4.541929956758394837e-05 1.639026777411345392e-05 2.053600328508764505e-04 5.031560431234538555e-05 1.178934780909912661e-05 4.541929956758394837e-05 1.639026777411345392e-05 2.053600328508764505e-04 5.031560431234538555e-05
1.860000000000000000e+04 1.090388013835763559e-05 3.059748269151896238e-05 1.239516404893947765e-05 1.105487535824067891e-04 2.517518987588118762e-05 1.090388013835763559e-05 3.059748269151896238e-05 1.239516404893947765e-05 1.105487535824067891e-04 2.517518987588118762e-05
1.870000000000000000e+04 1.144667930930154398e-05 1.842528945417143404e-05 1.517270175099838525e-05 2.544861636124551296e-04 2.750731073319911957e-05 1.144667930930154398e-05 1.842528945417143404e-05 1.517270175099838525e-05 2.544861636124551296e-04 2.750731073319911957e-05
1.880000000000000000e+04 1.140169206337304786e-05 2.141009645129088312e-05 1.554581831442192197e-05 4.776826244778931141e-04 3.705775452544912696e-05 1.140169206337304786e-05 2.141009645129088312e-05 1.554581831442192197e-05 4.776826244778931141e-04 3.705775452544912696e-05
1.890000000000000000e+04 1.143705321737797931e-05 4.633157732314430177e-05 1.655634696362540126e-05 3.270338856964372098e-05 4.847744639846496284e-05 1.143705321737797931e-05 4.633157732314430177e-05 1.655634696362540126e-05 3.270338856964372098e-05 4.847744639846496284e-05
1.900000000000000000e+04 9.946033969754353166e-06 1.231740952789550647e-05 8.287845048471353948e-06 3.448595816735178232e-05 9.826089808484539390e-06 9.946033969754353166e-06 1.231740952789550647e-05 8.287845048471353948e-06 3.448595816735178232e-05 9.826089808484539390e-06
1.910000000000000000e+04 9.694168511487077922e-06 1.374668681819457561e-05 8.624708243587519974e-06 3.638767884694971144e-05 9.991490514948964119e-06 9.694168511487077922e-06 1.374668681819457561e-05 8.624708243587519974e-06 3.638767884694971144e-05 9.991490514948964119e-06
1.920000000000000000e+04 1.167430127679836005e-05 1.612801133887842298e-05 1.558655640110373497e-05 3.225015825591981411e-04 3.292839028290472925e-05 1.167430127679836005e-05 1.612801133887842298e-05 1.558655640110373497e-05 3.225015825591981411e-04 3.292839028290472925e-05
1.930000000000000000e+04 1.005981448543025181e-05 2.276035593240521848e-05 1.175593752122949809e-05 2.401899982942268252e-04 1.911705294332932681e-05 1.005981448543025181e-05 2.276035593240521848e-05 1.175593752122949809e-05 2.401899982942268252e-04 1.911705294332932681e-05
1.940000000000000000e+04 1.018746843328699470e-05 1.907706609927117825e-05 1.192240779346320778e-05 9.536990546621382236e-05 2.069396214210428298e-05 1.018746843328699470e-05 1.907706609927117825e-05 1.192240779346320778e-05 9.536990546621382236e-05 2.069396214210428298e-05
1.950000000000000000e+04 1.111912024498451501e-05 2.719303120102267712e-05 1.666247771936468780e-05 2.263921487610787153e-04 3.591519998735748231e-05 1.111912024498451501e-05 2.719303120102267712e-05 1.666247771936468780e-05 2.263921487610787153e-04 3.591519998735748231e-05
1.960000000000000000e+04 1.176325440610526130e-05 3.969763201894238591e-05 1.795641401258762926e-05 4.445537924766540527e-04 5.301610144670121372e-05 1.176325440610526130e-05 3.969763201894238591e-05 1.795641401258762926e-05 4.445537924766540527e-04 5.301610144670121372e-05
1.970000000000000000e+04 1.020478612190345302e-05 1.320816772931721061e-05 1.028904353006510064e-05 2.561256987974047661e-04 2.219504131062421948e-05 1.020478612190345302e-05 1.320816772931721061e-05 1.028904353006510064e-05 2.561256987974047661e-04 2.219504131062421948e-05
1.980000000000000000e+04 1.062176943378290161e-05 1.547652027511503547e-05 1.230475299962563440e-05 1.910441787913441658e-04 2.406600833637639880e-05 1.062176943378290161e-05 1.547652027511503547e-05 1.230475299962563440e-05 1.910441787913441658e-04 2.406600833637639880e-05
1.990000000000000000e+04 9.961828254745341837e-06 1.834800423239357769e-05 1.143182180385338143e-05 9.190499986289069057e-05 1.813025301089510322e-05 9.961828254745341837e-06 1.834800423239357769e-05 1.143182180385338143e-05 9.190499986289069057e-05 1.813025301089510322e-05
2.000000000000000000e+04 1.037526453728787601e-05 5.902306293137371540e-05 1.877478462120052427e-05 3.110111574642360210e-04 5.368523852666839957e-05 1.037526453728787601e-05 5.902306293137371540e-05 1.877478462120052427e-05 3.110111574642360210e-04 5.368523852666839957e-05
2.000000000000000000e+04 1.037526453728787601e-05 5.902306293137371540e-05 1.877478462120052427e-05 3.110111574642360210e-04 5.368523852666839957e-05 1.037526453728787601e-05 5.902306293137371540e-05 1.877478462120052427e-05 3.110111574642360210e-04 5.368523852666839957e-05
2.010000000000000000e+04 8.738586075196508318e-06 1.086551128537394106e-05 6.964577551116235554e-06 1.254619837709469721e-05 6.993111583142308518e-06 8.738586075196508318e-06 1.086551128537394106e-05 6.964577551116235554e-06 1.254619837709469721e-05 6.993111583142308518e-06
2.020000000000000000e+04 8.681362487550359219e-06 1.080735728464787826e-05 6.966866749280598015e-06 1.203855026687961072e-05 6.937462785572279245e-06 8.681362487550359219e-06 1.080735728464787826e-05 6.966866749280598015e-06 1.203855026687961072e-05 6.937462785572279245e-06
2.030000000000000000e+04 8.616560990049038082e-06 1.073367002391023561e-05 6.951870545890415087e-06 1.167709433502750471e-05 6.874436621728818864e-06 8.616560990049038082e-06 1.073367002391023561e-05 6.951870545890415087e-06 1.167709433502750471e-05 6.874436621728818864e-06
2.040000000000000000e+04 8.546240678697358817e-06 1.064488424162846059e-05 6.923273303982568905e-06 1.138906191044952720e-05 6.805150860600406304e-06 8.546240678697358817e-06 1.064488424162846059e-05 6.923273303982568905e-06 1.138906191044952720e-05 6.805150860600406304e-06
2.050000000000000000e+04 8.470440661767497659e-06 1.053985943144652992e-05 6.886305072839604691e-06 1.114305814553517848e-05 6.735207989549962804e-06 8.470440661767497659e-06 1.053985943144652992e-05 6.886305072839604691e-06 1.114305814553517848e-05 6.735207989549962804e-06
2.060000000000000000e+04 8.390336006414145231e-06 1.042022449837531894e-05 6.843475603091064841e-06 1.092280217562802136e-05 6.666215995210222900e-06 8.390336006414145231e-06 1.042022449837531894e-05 6.843475603091064841e-06 1.092280217562802136e-05 6.666215995210222900e-06
2.070000000000000000e+04 8.306577910843770951e-06 1.028800579661037773e-05 6.795630724809598178e-06 1.071814222086686641e-05 6.597844276257092133e-06 8.306577910843770951e-06 1.028800579661037773e-05 6.795630724809598178e-06 1.071814222086686641e-05 6.597844276257092133e-06
2.080000000000000000e+04 8.219435585488099605e-06 1.014563713397365063e-05 6.743261110386811197e-06 1.052391962730325758e-05 6.529844995384337381e-06 8.219435585488099605e-06 1.014563713397365063e-05 6.743261110386811197e-06 1.052391962730325758e-05 6.529844995384337381e-06
2.090000000000000000e+04 8.129316483973525465e-06 9.994968422688543797e-06 6.686350388918071985e-06 1.033576336340047419e-05 6.461506018240470439e-06 8.129316483973525465e-06 9.994968422688543797e-06 6.686350388918071985e-06 1.033576336340047419e-05 6.461506018240470439e-06
2.100000000000000000e+04 8.040998181968461722e-06 9.845830390986520797e-06 6.630402822338510305e-06 1.015782163449330255e-05 6.394961474143201485e-06 8.040998181968461722e-06 9.845830390986520797e-06 6.630402822338510305e-06 1.015782163449330255e-05 6.394961474143201485e-06
2.110000000000000000e+04 7.949289283715188503e-06 9.720664820633828640e-06 6.580002263945061713e-06 1.011556742014363408e-05 6.297453182924073189e-06 7.949289283715188503e-06 9.720664820633828640e-06 6.580002263945061713e-06 1.011556742014363408e-05 6.297453182924073189e-06
2.120000000000000000e+04 8.041372893785592169e-06 9.843814041232690215e-06 6.980299531278433278e-06 2.281947126903105527e-05 7.956265108077786863e-06 8.041372893785592169e-06 9.843814041232690215e-06 6.980299531278433278e-06 2.281947126903105527e-05 7.956265108077786863e-06
2.130000000000000000e+04 7.776784514135215431e-06 9.363645403936970979e-06 6.434371243813075125e-06 9.774172212928533554e-06 6.240089533093851060e-06 7.776784514135215431e-06 9.363645403936970979e-06 6.434371243813075125e-06 9.774172212928533554e-06 6.240089533093851060e-06
2.140000000000000000e+04 7.676952009205706418e-06 9.251613846572581679e-06 6.374413715093396604e-06 9.656973816163372248e-06 6.141400717751821503e-06 7.676952009205706418e-06 9.251613846572581679e-06 6.374413715093396604e-06 9.656973816163372248e-06 6.141400717751821503e-06
2.150000000000000000e+04 7.602152436447795480e-06 9.112662155530415475e-06 6.308827323664445430e-06 9.471150406170636415e-06 6.048981049389112741e-06 7.602152436447795480e-06 9.112662155530415475e-06 6.308827323664445430e-06 9.471150406170636415e-06 6.048981049389112741e-06
2.160000000000000000e+04 7.557551271020201966e-06 8.962301762949209660e-06 6.282036338234320283e-06 1.011039330478524789e-05 6.191293323354329914e-06 7.557551271020201966e-06 8.962301762949209660e-06 6.282036338234320283e-06 1.011039330478524789e-05 6.191293323354329914e-06
2.170000000000000000e+04 7.499609637307003140e-06 8.897546649677678943e-06 6.287611995503539219e-06 1.220475223817629740e-05 6.337637387332506478e-06 7.499609637307003140e-06 8.897546649677678943e-06 6.287611995503539219e-06 1.220475223817629740e-05 6.337637387332506478e-06
2.180000000000000000e+04 7.482013643311802298e-06 9.352945198770612478e-06 6.334289082587929443e-06 1.214670010085683316e-05 6.654017397522693500e-06 7.482013643311802298e-06 9.352945198770612478e-06 6.334289082587929443e-06 1.214670010085683316e-05 6.654017397522693500e-06
2.190000000000000000e+04 7.290207122423453256e-06 8.624736437923274934e-06 6.082058007450541481e-06 9.050640073837712407e-06 5.827432687510736287e-06 7.290207122423453256e-06 8.624736437923274934e-06 6.082058007450541481e-06 9.050640073837712407e-06 5.827432687510736287e-06
2.200000000000000000e+04 7.235166776808910072e-06 8.494576832163147628e-06 6.018196017976151779e-06 8.707981578481849283e-06 5.783370397693943232e-06 7.235166776808910072e-06 8.494576832163147628e-06 6.018196017976151779e-06 8.707981578481849283e-06 5.783370397693943232e-06
2.210000000000000000e+04 7.157669188018189743e-06 8.361275831703096628e-06 5.946780675003537908e-06 8.602434718341100961e-06 5.726320068788481876e-06 7.157669188018189743e-06 8.361275831703096628e-06 5.946780675003537908e-06 8.602434718341100961e-06 5.726320068788481876e-06
2.220000000000000000e+04 7.077645932440645993e-06 8.297993190353736281e-06 5.903499641135567799e-06 8.945569788920693099e-06 5.654906999552622437e-06 7.077645932440645993e-06 8.297993190353736281e-06 5.903499641135567799e-06 8.945569788920693099e-06 5.654906999552622437e-06
2.230000000000000000e+04 7.025484592304565012e-06 8.151391739374957979e-06 5.836381660628831014e-06 8.399687430937774479e-06 5.624154709948925301e-06 7.025484592304565012e-06 8.151391739374957979e-06 5.836381660628831014e-06 8.399687430937774479e-06 5.624154709948925301e-06
2.240000000000000000e+04 6.962626230233581737e-06 8.035438440856523812e-06 5.781329036835813895e-06 8.499761861457955092e-06 5.611313554254593328e-06 6.962626230233581737e-06 8.035438440856523812e-06 5.781329036835813895e-06 8.499761861457955092e-06 5.611313554254593328e-06
2.250000000000000000e+04 6.882210072944872081e-06 8.234886081481818110e-06 5.901038093725219369e-06 1.345841792499413714e-05 5.853877155459485948e-06 6.882210072944872081e-06 8.234886081481818110e-06 5.901038093725219369e-06 1.345841792499413714e-05 5.853877155459485948e-06
2.260000000000000000e+04 6.897590537846554071e-06 7.973299943841993809e-06 5.811399205413181335e-06 1.351564878859790042e-05 6.079349986976012588e-06 6.897590537846554071e-06 7.973299943841993809e-06 5.811399205413181335e-06 1.351564878859790042e-05 6.079349986976012588e-06
2.270000000000000000e+04 6.768599632778204978e-06 7.764777365082409233e-06 5.626126039715018123e-06 8.036473445827141404e-06 5.462115950649604201e-06 6.768599632778204978e-06 7.764777365082409233e-06 5.626126039715018123e-06 8.036473445827141404e-06 5.462115950649604201e-06
2.280000000000000000e+04 6.701129223074531183e-06 7.680936505494173616e-06 5.568824690271867439e-06 7.878203177824616432e-06 5.352267635316820815e-06 6.701129223074531183e-06 7.680936505494173616e-06 5.568824690271867439e-06 7.878203177824616432e-06 5.352267635316820815e-06
2.290000000000000000e+04 6.647411737503716722e-06 7.582879334222525358e-06 5.517465979210101068e-06 7.813661795808002353e-06 5.330441126716323197e-06 6.647411737503716722e-06 7.582879334222525358e-06 5.517465979210101068e-06 7.813661795808002353e-06 5.330441126716323197e-06
2.300000000000000000e+04 6.596525963686872274e-06 7.498557351937051862e-06 5.503843567566946149e-06 8.921930202632211149e-06 5.471250460686860606e-06 6.596525963686872274e-06 7.498557351937051862e-06 5.503843567566946149e-06 8.921930202632211149e-06 5.471250460686860606e-06
2.310000000000000000e+04 6.526010110974311829e-06 7.420415386150125414e-06 5.419419267127523199e-06 7.586401352455141023e-06 5.222171239438466728e-06 6.526010110974311829e-06 7.420415386150125414e-06 5.419419267127523199e-06 7.586401352455141023e-06 5.222171239438466728e-06
2.320000000000000000e+04 6.472425866377307102e-06 7.350685791607247666e-06 5.374116881284862757e-06 7.524793090851744637e-06 5.168046300241257995e-06 6.472425866377307102e-06 7.350685791607247666e-06 5.374116881284862757e-06 7.524793090851744637e-06 5.168046300241257995e-06
2.330000000000000000e+04 6.421540092560462654e-06 7.271231879713013768e-06 5.328078714228468016e-06 7.458472282451111823e-06 5.151602636033203453e-06 6.421540092560462654e-06 7.271231879713013768e-06 5.328078714228468016e-06 7.458472282451111823e-06 5.151602636033203453e-06
2.340000000000000000e+04 6.381525963661260903e-06 7.176602139224996790e-06 5.325156507751671597e-06 8.964303560787811875e-06 5.258207238512113690e-06 6.381525963661260903e-06 7.176602139224996790e-06 5.325156507751671597e-06 8.964303560787811875e-06 5.258207238512113690e-06
2.350000000000000000e+04 6.300831046246457845e-06 7.133513463486451656e-06 5.237634923105360940e-06 7.484931302315089852e-06 5.036773472966160625e-06 6.300831046246457845e-06 7.133513463486451656e-06 5.237634923105360940e-06 7.484931302315089852e-06 5.036773472966160625e-06
2.360000000000000000e+04 6.252011644392041489e-06 7.037167506496189162e-06 5.185529516893438995e-06 7.182697117968928069e-06 5.001730642106849700e-06 6.252011644392041489e-06 7.037167506496189162e-06 5.185529516893438995e-06 7.182697117968928069e-06 5.001730642106849700e-06
2.370000000000000000e+04 6.206656507856678218e-06 6.962443876545876265e-06 5.142078862263588235e-06 7.153579645091667771e-06 4.986396106687607244e-06 6.206656507856678218e-06 6.962443876545876265e-06 5.142078862263588235e-06 7.153579645091667771e-06 4.986396106687607244e-06
2.380000000000000000e+04 6.149628006824059412e-06 7.151881163736106828e-06 5.175452770345145836e-06 1.239568246091948822e-05 5.101220267533790320e-06 6.149628006824059412e-06 7.151881163736106828e-06 5.175452770345145836e-06 1.239568246091948822e-05 5.101220267533790320e-06
2.390000000000000000e+04 6.103854502725880593e-06 6.824887350376229733e-06 5.054534994997084141e-06 6.994721843511797488e-06 4.900274689134676009e-06 6.103854502725880593e-06 6.824887350376229733e-06 5.054534994997084141e-06 6.994721843511797488e-06 4.900274689134676009e-06
2.400000000000000000e+04 6.049336661817505956e-06 6.758926701877498999e-06 5.011411303712520748e-06 6.878578005853341892e-06 4.858936790697043762e-06 6.049336661817505956e-06 6.758926701877498999e-06 5.011411303712520748e-06 6.878578005853341892e-06 4.858936790697043762e-06
2.410000000000000000e+04 6.003074759064475074e-06 6.684184882033150643e-06 4.967100267094792798e-06 6.957952336961170658e-06 4.826633812626823783e-06 6.003074759064475074e-06 6.684184882033150643e-06 4.967100267094792798e-06 6.957952336961170658e-06 4.826633812626823783e-06
2.420000000000000000e+04 6.051685886632185429e-06 9.222625521942973137e-06 5.418092769104987383e-06 9.602269528841134161e-06 6.993712304392829537e-06 6.051685886632185429e-06 9.222625521942973137e-06 5.418092769104987383e-06 9.602269528841134161e-06 6.993712304392829537e-06
2.430000000000000000e+04 6.044343535904772580e-06 6.913036031619412825e-06 5.226007942837895826e-06 2.420776218059472740e-05 6.137808213679818437e-06 6.044343535904772580e-06 6.913036031619412825e-06 5.226007942837895826e-06 2.420776218059472740e-05 6.137808213679818437e-06
2.440000000000000000e+04 5.900486485188594088e-06 7.007808562775608152e-06 5.016090199205791578e-06 1.956712003448046744e-05 5.031711225456092507e-06 5.900486485188594088e-06 7.007808562775608152e-06 5.016090199205791578e-06 1.956712003448046744e-05 5.031711225456092507e-06
2.450000000000000000e+04 5.859797056473325938e-06 6.453091373259667307e-06 4.892127890343545005e-06 1.027623056870652363e-05 5.091627826914191246e-06 5.859797056473325938e-06 6.453091373259667307e-06 4.892127890343545005e-06 1.027623056870652363e-05 5.091627826914191246e-06
2.460000000000000000e+04 5.764172328781569377e-06 6.547690645675174892e-06 4.803796855412656441e-06 6.589739314222242683e-06 4.800632723345188424e-06 5.764172328781569377e-06 6.547690645675174892e-06 4.803796855412656441e-06 6.589739314222242683e-06 4.800632723345188424e-06
2.470000000000000000e+04 5.725124538003001362e-06 6.333592409646371379e-06 4.733909918286371976e-06 6.439661319745937362e-06 4.584552243613870814e-06 5.725124538003001362e-06 6.333592409646371379e-06 4.733909918286371976e-06 6.439661319745937362e-06 4.584552243613870814e-06
2.480000000000000000e+04 5.684427833330119029e-06 6.270017820497741923e-06 4.693389655585633591e-06 6.372494226525304839e-06 4.561735750030493364e-06 5.684427833330119029e-06 6.270017820497741923e-06 4.693389655585633591e-06 6.372494226525304839e-06 4.561735750030493364e-06
2.490000000000000000e+04 5.631201929645612836e-06 6.292651050898712128e-06 4.685427938966313377e-06 6.861427209514658898e-06 4.581232133205048740e-06 5.631201929645612836e-06 6.292651050898712128e-06 4.685427938966313377e-06 6.861427209514658898e-06 4.581232133205048740e-06
2.500000000000000000e+04 5.595014954451471567e-06 6.168852451082784683e-06 4.622749202098930255e-06 6.301159373833797872e-06 4.484530109039042145e-06 5.595014954451471567e-06 6.168852451082784683e-06 4.622749202098930255e-06 6.301159373833797872e-06 4.484530109039042145e-06
2.510000000000000000e+04 5.555215921049239114e-06 6.122297691035782918e-06 4.587153853208292276e-06 6.253332685446366668e-06 4.448974777915282175e-06 5.555215921049239114e-06 6.122297691035782918e-06 4.587153853208292276e-06 6.253332685446366668e-06 4.448974777915282175e-06
2.520000000000000000e+04 5.532338491320842877e-06 6.078730621084105223e-06 4.572506895783590153e-06 6.430202574847498909e-06 4.501256171351997182e-06 5.532338491320842877e-06 6.078730621084105223e-06 4.572506895783590153e-06 6.430202574847498909e-06 4.501256171351997182e-06
2.530000000000000000e+04 5.527135726879350841e-06 6.177731393108842894e-06 4.714449005405185744e-06 1.041875202645314857e-05 4.953217739966930822e-06 5.527135726879350841e-06 6.177731393108842894e-06 4.714449005405185744e-06 1.041875202645314857e-05 4.953217739966930822e-06
2.540000000000000000e+04 5.433578735392075032e-06 5.952890205662697554e-06 4.479406015889253467e-06 6.006293006066698581e-06 4.361762421467574313e-06 5.433578735392075032e-06 5.952890205662697554e-06 4.479406015889253467e-06 6.006293006066698581e-06 4.361762421467574313e-06
2.550000000000000000e+04 5.396356300479965284e-06 5.910046638746280223e-06 4.450165761227253824e-06 5.994755156280007213e-06 4.324670499045168981e-06 5.396356300479965284e-06 5.910046638746280223e-06 4.450165761227253824e-06 5.994755156280007213e-06 4.324670499045168981e-06
2.560000000000000000e+04 5.346457328414544463e-06 6.064379704184830189e-06 4.482574240682879463e-06 7.539018497482175007e-06 4.484840701479697600e-06 5.346457328414544463e-06 6.064379704184830189e-06 4.482574240682879463e-06 7.539018497482175007e-06 4.484840701479697600e-06
2.570000000000000000e+04 5.364891876524779946e-06 6.376106284733396024e-06 4.621431799023412168e-06 8.547508514311630279e-06 5.155539838597178459e-06 5.364891876524779946e-06 6.376106284733396024e-06 4.621431799023412168e-06 8.547508514311630279e-06 5.155539838597178459e-06
2.580000000000000000e+04 5.279508968669688329e-06 5.774346846010303125e-06 4.350825292931403965e-06 5.950207196292467415e-06 4.237996108713559806e-06 5.279508968669688329e-06 5.774346846010303125e-06 4.350825292931403965e-06 5.950207196292467415e-06 4.237996108713559806e-06
2.590000000000000000e+04 5.440212589746806771e-06 6.254017534956801683e-06 4.968500888935523108e-06 3.254817784181796014e-05 7.109101716196164489e-06 5.440212589746806771e-06 6.254017534956801683e-06 4.968500888935523108e-06 3.254817784181796014e-05 7.109101716196164489e-06
2.600000000000000000e+04 5.209084520174656063e-06 5.665015123668126762e-06 4.284119313524570316e-06 5.705276180378859863e-06 4.193930635665310547e-06 5.209084520174656063e-06 5.665015123668126762e-06 4.284119313524570316e-06 5.705276180378859863e-06 4.193930635665310547e-06
2.610000000000000000e+04 5.172063993086339906e-06 5.618988325295504183e-06 4.252957296557724476e-06 5.654550477629527450e-06 4.166524831816786900e-06 5.172063993086339906e-06 5.618988325295504183e-06 4.252957296557724476e-06 5.654550477629527450e-06 4.166524831816786900e-06
2.620000000000000000e+04 5.133930699230404571e-06 5.590231012320145965e-06 4.234570951666682959e-06 5.744050213252194226e-06 4.127560714550781995e-06 5.133930699230404571e-06 5.590231012320145965e-06 4.234570951666682959e-06 5.744050213252194226e-06 4.127560714550781995e-06
2.630000000000000000e+04 5.098617293697316200e-06 5.540753591048996896e-06 4.193546374153811485e-06 5.573987891693832353e-06 4.114674993616063148e-06 5.098617293697316200e-06 5.540753591048996896e-06 4.193546374153811485e-06 5.573987891693832353e-06 4.114674993616063148e-06
2.640000000000000000e+04 5.075073204352520406e-06 5.523847448785090819e-06 4.167010047240182757e-06 5.598890311375726014e-06 4.122460268263239413e-06 5.075073204352520406e-06 5.523847448785090819e-06 4.167010047240182757e-06 5.598890311375726014e-06 4.122460268263239413e-06
2.650000000000000000e+04 5.031924501963658258e-06 5.495744971995009109e-06 4.221276412863517180e-06 8.617935236543416977e-06 4.115222964173881337e-06 5.031924501963658258e-06 5.495744971995009109e-06 4.221276412863517180e-06 8.617935236543416977e-06 4.115222964173881337e-06
2.660000000000000000e+04 4.996177722205175087e-06 5.405661795521155000e-06 4.103145784029038623e-06 5.423587936093099415e-06 4.030687250633491203e-06 4.996177722205175087e-06 5.405661795521155000e-06 4.103145784029038623e-06 5.423587936093099415e-06 4.030687250633491203e-06
2.670000000000000000e+04 4.962844286637846380e-06 5.374673492042347789e-06 4.081276074430206791e-06 5.432227681012591347e-06 4.013532361568650231e-06 4.962844286637846380e-06 5.374673492042347789e-06 4.081276074430206791e-06 5.432227681012591347e-06 4.013532361568650231e-06
2.680000000000000000e+04 5.177239472686778754e-06 5.973950919724302366e-06 4.870394604949979112e-06 3.187859329045750201e-05 6.706026397296227515e-06 5.177239472686778754e-06 5.973950919724302366e-06 4.870394604949979112e-06 3.187859329045750201e-05 6.706026397296227515e-06
2.690000000000000000e+04 4.899854957329807803e-06 5.287877229420701042e-06 4.020916094304993749e-06 5.294585662340978161e-06 3.954068233724683523e-06 4.899854957329807803e-06 5.287877229420701042e-06 4.020916094304993749e-06 5.294585662340978161e-06 3.954068233724683523e-06
2.700000000000000000e+04 4.863386493525467813e-06 5.277623586152913049e-06 4.007500592706492171e-06 5.789495844510383904e-06 3.949763595301192254e-06 4.863386493525467813e-06 5.277623586152913049e-06 4.007500592706492171e-06 5.789495844510383904e-06 3.949763595301192254e-06
2.710000000000000000e+04 4.836991593037964776e-06 5.210139988776063547e-06 3.966676104028010741e-06 5.211275038163876161e-06 3.906498477590503171e-06 4.836991593037964776e-06 5.210139988776063547e-06 3.966676104028010741e-06 5.211275038163876161e-06 3.906498477590503171e-06
2.720000000000000000e+04 4.798564987140707672e-06 5.220024377194931731e-06 3.957890385208884254e-06 5.914967005082871765e-06 3.903630386048462242e-06 4.798564987140707672e-06 5.220024377194931731e-06 3.957890385208884254e-06 5.914967005082871765e-06 3.903630386048462242e-06
2.730000000000000000e+04 4.769728548126295209e-06 5.182027962291613221e-06 3.954432486352743581e-06 6.430678695323877037e-06 3.921019469999009743e-06 4.769728548126295209e-06 5.182027962291613221e-06 3.954432486352743581e-06 6.430678695323877037e-06 3.921019469999009743e-06
2.740000000000000000e+04 4.741379598272033036e-06 5.108163350087124854e-06 3.889743766194442287e-06 5.134370439918711782e-06 3.841871603071922436e-06 4.741379598272033036e-06 5.108163350087124854e-06 3.889743766194442287e-06 5.134370439918711782e-06 3.841871603071922436e-06
2.750000000000000000e+04 4.710268967755837366e-06 5.071111900178948417e-06 3.864488462568260729e-06 5.237993264017859474e-06 3.819143785221967846e-06 4.710268967755837366e-06 5.071111900178948417e-06 3.864488462568260729e-06 5.237993264017859474e-06 3.819143785221967846e-06
2.760000000000000000e+04 4.886571332463063300e-06 5.941008112131385133e-06 4.518941750575322658e-06 3.715148704941384494e-05 6.199942617968190461e-06 4.886571332463063300e-06 5.941008112131385133e-06 4.518941750575322658e-06 3.715148704941384494e-05 6.199942617968190461e-06
2.770000000000000000e+04 4.653488304029451683e-06 4.987321972294012085e-06 3.809975851254421286e-06 4.976804120815359056e-06 3.770592684304574504e-06 4.653488304029451683e-06 4.987321972294012085e-06 3.809975851254421286e-06 4.976804120815359056e-06 3.770592684304574504e-06
2.780000000000000000e+04 4.626978352462174371e-06 4.954234555043512955e-06 3.789336460613412783e-06 5.031794898968655616e-06 3.757149897865019739e-06 4.626978352462174371e-06 4.954234555043512955e-06 3.789336460613412783e-06 5.031794898968655616e-06 3.757149897865019739e-06
2.790000000000000000e+04 4.605300546245416626e-06 5.847457941854372621e-06 4.236697350279428065e-06 1.595481262484099716e-05 5.058622718934202567e-06 4.605300546245416626e-06 5.847457941854372621e-06 4.236697350279428065e-06 1.595481262484099716e-05 5.058622718934202567e-06
2.800000000000000000e+04 4.567971700453199446e-06 4.885762336925836280e-06 3.737596898645278998e-06 4.865848950430518016e-06 3.704850087160593830e-06 4.567971700453199446e-06 4.885762336925836280e-06 3.737596898645278998e-06 4.865848950430518016e-06 3.704850087160593830e-06
2.810000000000000000e+04 4.546229774859966710e-06 4.846158844884485006e-06 3.720361746673006564e-06 5.249536570772761479e-06 3.743704837688710541e-06 4.546229774859966710e-06 4.846158844884485006e-06 3.720361746673006564e-06 5.249536570772761479e-06 3.743704837688710541e-06
2.820000000000000000e+04 4.514351530815474689e-06 4.903563421976286918e-06 3.696648718687356450e-06 5.797342055302578956e-06 3.706126562974532135e-06 4.514351530815474689e-06 4.903563421976286918e-06 3.696648718687356450e-06 5.797342055302578956e-06 3.706126562974532135e-06
2.830000000000000000e+04 4.511942734097829089e-06 5.603410500043537468e-06 4.193455879430985078e-06 2.065364787995349616e-05 4.952548806613776833e-06 4.511942734097829089e-06 5.603410500043537468e-06 4.193455879430985078e-06 2.065364787995349616e-05 4.952548806613776833e-06
2.840000000000000000e+04 4.488358172238804400e-06 6.247384135349420831e-06 4.048556547786574811e-06 6.301516350504243746e-06 5.542170129047008231e-06 4.488358172238804400e-06 6.247384135349420831e-06 4.048556547786574811e-06 6.301516350504243746e-06 5.542170129047008231e-06
2.850000000000000000e+04 4.433667072589742020e-06 4.721445748145924881e-06 3.625210638347198255e-06 4.821404218091629446e-06 3.630564378909184597e-06 4.433667072589742020e-06 4.721445748145924881e-06 3.625210638347198255e-06 4.821404218091629446e-06 3.630564378909184597e-06
2.860000000000000000e+04 4.400525085657136515e-06 4.695433290180517361e-06 3.601268645070376806e-06 4.728268322651274502e-06 3.580664724722737446e-06 4.400525085657136515e-06 4.695433290180517361e-06 3.601268645070376806e-06 4.728268322651274502e-06 3.580664724722737446e-06
2.870000000000000000e+04 4.378277935757068917e-06 4.657378212868934497e-06 3.575991058824001811e-06 4.637940037355292588e-06 3.568372903828276321e-06 4.378277935757068917e-06 4.657378212868934497e-06 3.575991058824001811e-06 4.637940037355292588e-06 3.568372903828276321e-06
2.880000000000000000e+04 4.350165909272618592e-06 4.629519025911577046e-06 3.557935315257054754e-06 4.640968199964845553e-06 3.544286073520197533e-06 4.350165909272618592e-06 4.629519025911577046e-06 3.557935315257054754e-06 4.640968199964845553e-06 3.544286073520197533e-06
2.890000000000000000e+04 4.320369953347835690e-06 4.626076133718015626e-06 3.559532615327043459e-06 5.179714662517653778e-06 3.564317012205719948e-06 4.320369953347835690e-06 4.626076133718015626e-06 3.559532615327043459e-06 5.179714662517653778e-06 3.564317012205719948e-06
2.900000000000000000e+04 4.291358436603331938e-06 4.600498868967406452e-06 3.522318138493574224e-06 4.717970568890450522e-06 3.606211294027161784e-06 4.291358436603331938e-06 4.600498868967406452e-06 3.522318138493574224e-06 4.717970568890450522e-06 3.606211294027161784e-06
2.910000000000000000e+04 4.276227627997286618e-06 4.945741238771006465e-06 3.662991957753547467e-06 6.215468147274805233e-06 4.077909125044243410e-06 4.276227627997286618e-06 4.945741238771006465e-06 3.662991957753547467e-06 6.215468147274805233e-06 4.077909125044243410e-06
2.920000000000000000e+04 4.251983227732125670e-06 4.550509402179159224e-06 3.486212790448917076e-06 4.888206149189500138e-06 3.609921805036719888e-06 4.251983227732125670e-06 4.550509402179159224e-06 3.486212790448917076e-06 4.888206149189500138e-06 3.609921805036719888e-06
2.930000000000000000e+04 4.220795290166279301e-06 4.612893008015817031e-06 3.509074531393707730e-06 5.462728495331248268e-06 3.576140670702443458e-06 4.220795290166279301e-06 4.612893008015817031e-06 3.509074531393707730e-06 5.462728495331248268e-06 3.576140670702443458e-06
2.940000000000000000e+04 4.198836904834024608e-06 4.463391633180435747e-06 3.436524139033281244e-06 4.551930942398030311e-06 3.440679847699357197e-06 4.198836904834024608e-06 4.463391633180435747e-06 3.436524139033281244e-06 4.551930942398030311e-06 3.440679847699357197e-06
2.950000000000000000e+04 4.178546532784821466e-06 4.423923655849648640e-06 3.409845476198825054e-06 4.386697128211380914e-06 3.418003871047403663e-06 4.178546532784821466e-06 4.423923655849648640e-06 3.409845476198825054e-06 4.386697128211380914e-06 3.418003871047403663e-06
2.960000000000000000e+04 4.151273515162756667e-06 4.401561909617157653e-06 3.402474021640955471e-06 4.396833446662640199e-06 3.419132553972303867e-06 4.151273515162756667e-06 4.401561909617157653e-06 3.402474021640955471e-06 4.396833446662640199e-06 3.419132553972303867e-06
2.970000000000000000e+04 4.140875262237386778e-06 4.380632162792608142e-06 3.380569523869780824e-06 4.841673217015340924e-06 3.454646730460808612e-06 4.140875262237386778e-06 4.380632162792608142e-06 3.380569523869780824e-06 4.841673217015340924e-06 3.454646730460808612e-06
2.980000000000000000e+04 4.115127921977546066e-06 4.430053650139598176e-06 3.436616680119186640e-06 7.420919700962258503e-06 3.543401817296398804e-06 4.115127921977546066e-06 4.430053650139598176e-06 3.436616680119186640e-06 7.420919700962258503e-06 3.543401817296398804e-06
2.990000000000000000e+04 4.085846285306615755e-06 4.351534698798786849e-06 3.373245135662727989e-06 4.714893748314352706e-06 3.366092187206959352e-06 4.085846285306615755e-06 4.351534698798786849e-06 3.373245135662727989e-06 4.714893748314352706e-06 3.366092187206959352e-06
3.000000000000000000e+04 4.060918854520423338e-06 4.287282081349985674e-06 3.312706439828616567e-06 4.245267518854234368e-06 3.331758534841355868e-06 4.060918854520423338e-06 4.287282081349985674e-06 3.312706439828616567e-06 4.245267518854234368e-06 3.331758534841355868e-06
