0 [1.0000e-01]
100 [-1.2978e-01]
200 [-6.7301e-02]
300 [-2.3362e-02]
400 [3.6230e-03]
500 [8.5603e-03]
600 [1.6871e-02]
700 [2.3435e-02]
800 [2.6762e-02]
900 [3.1439e-02]
1000 [3.2799e-02]
1100 [3.5814e-02]
1200 [3.7666e-02]
1300 [3.9862e-02]
1400 [4.2031e-02]
1500 [4.3715e-02]
1600 [4.6391e-02]
1700 [4.7005e-02]
1800 [4.9070e-02]
1900 [5.2419e-02]
2000 [5.3304e-02]
2100 [5.3614e-02]
2200 [5.4195e-02]
2300 [5.8322e-02]
2400 [5.6749e-02]
2500 [5.9016e-02]
2600 [6.0052e-02]
2700 [6.1076e-02]
2800 [6.4795e-02]
2900 [6.2582e-02]
3000 [6.3605e-02]
3100 [6.3514e-02]
3200 [6.4735e-02]
3300 [6.5928e-02]
3400 [6.6344e-02]
3500 [6.6853e-02]
3600 [6.7857e-02]
3700 [6.8382e-02]
3800 [6.9536e-02]
3900 [7.0960e-02]
4000 [7.1126e-02]
4100 [7.1831e-02]
4200 [7.2280e-02]
4300 [7.3654e-02]
4400 [7.4207e-02]
4500 [7.4273e-02]
4600 [7.4988e-02]
4700 [7.5244e-02]
4800 [7.5509e-02]
4900 [7.6377e-02]
5000 [7.5592e-02]
5100 [7.6741e-02]
5200 [7.8430e-02]
5300 [7.7802e-02]
5400 [7.8081e-02]
5500 [7.8957e-02]
5600 [7.9145e-02]
5700 [7.9289e-02]
5800 [7.9175e-02]
5900 [8.0492e-02]
6000 [8.0902e-02]
6100 [8.0396e-02]
6200 [8.1514e-02]
6300 [8.1634e-02]
6400 [8.2008e-02]
6500 [8.2850e-02]
6600 [8.3210e-02]
6700 [8.2872e-02]
6800 [8.3237e-02]
6900 [8.3334e-02]
7000 [8.4044e-02]
7100 [8.4230e-02]
7200 [8.4444e-02]
7300 [8.4934e-02]
7400 [8.5123e-02]
7500 [8.5368e-02]
7600 [8.6602e-02]
7700 [8.6478e-02]
7800 [8.6830e-02]
7900 [8.6723e-02]
8000 [8.7043e-02]
8100 [8.7247e-02]
8200 [8.7865e-02]
8300 [8.7816e-02]
8400 [8.7998e-02]
8500 [8.8403e-02]
8600 [8.8976e-02]
8700 [8.8889e-02]
8800 [8.9556e-02]
8900 [8.9466e-02]
9000 [8.9735e-02]
9100 [9.0076e-02]
9200 [9.0225e-02]
9300 [9.0471e-02]
9400 [9.0599e-02]
9500 [9.0336e-02]
9600 [9.0625e-02]
9700 [9.0762e-02]
9800 [9.1005e-02]
9900 [9.1630e-02]
10000 [9.1094e-02]
10000 [9.1094e-02]
10100 [8.5764e-02]
10200 [8.8094e-02]
10300 [8.7850e-02]
10400 [8.9109e-02]
10500 [9.0480e-02]
10600 [9.1493e-02]
10700 [9.2255e-02]
10800 [9.2747e-02]
10900 [9.2698e-02]
11000 [9.2754e-02]
11100 [9.2822e-02]
11200 [9.2505e-02]
11300 [9.2477e-02]
11400 [9.2513e-02]
11500 [9.2379e-02]
11600 [9.2647e-02]
11700 [9.2687e-02]
11800 [9.2700e-02]
11900 [9.2790e-02]
12000 [9.2880e-02]
12100 [9.3029e-02]
12200 [9.3308e-02]
12300 [9.3410e-02]
12400 [9.3484e-02]
12500 [9.3621e-02]
12600 [9.3651e-02]
12700 [9.3786e-02]
12800 [9.3806e-02]
12900 [9.3602e-02]
13000 [9.3994e-02]
13100 [9.4158e-02]
13200 [9.4032e-02]
13300 [9.4067e-02]
13400 [9.4294e-02]
13500 [9.4238e-02]
13600 [9.4240e-02]
13700 [9.4471e-02]
13800 [9.4590e-02]
13900 [9.4609e-02]
14000 [9.4573e-02]
14100 [9.4767e-02]
14200 [9.4904e-02]
14300 [9.4782e-02]
14400 [9.4844e-02]
14500 [9.4925e-02]
14600 [9.5098e-02]
14700 [9.5146e-02]
14800 [9.5225e-02]
14900 [9.5271e-02]
15000 [9.5307e-02]
15100 [9.5120e-02]
15200 [9.5304e-02]
15300 [9.5347e-02]
15400 [9.5483e-02]
15500 [9.5605e-02]
15600 [9.5453e-02]
15700 [9.5529e-02]
15800 [9.5351e-02]
15900 [9.5508e-02]
16000 [9.5556e-02]
16100 [9.5866e-02]
16200 [9.5726e-02]
16300 [9.5573e-02]
16400 [9.5831e-02]
16500 [9.5777e-02]
16600 [9.5864e-02]
16700 [9.5847e-02]
16800 [9.5892e-02]
16900 [9.5918e-02]
17000 [9.5962e-02]
17100 [9.5963e-02]
17200 [9.5945e-02]
17300 [9.6259e-02]
17400 [9.6031e-02]
17500 [9.6186e-02]
17600 [9.6022e-02]
17700 [9.5940e-02]
17800 [9.6239e-02]
17900 [9.6071e-02]
18000 [9.5971e-02]
18100 [9.5888e-02]
18200 [9.6171e-02]
18300 [9.6230e-02]
18400 [9.6078e-02]
18500 [9.6289e-02]
18600 [9.6211e-02]
18700 [9.6056e-02]
18800 [9.6441e-02]
18900 [9.6456e-02]
19000 [9.6376e-02]
19100 [9.6393e-02]
19200 [9.6567e-02]
19300 [9.6531e-02]
19400 [9.6211e-02]
19500 [9.6510e-02]
19600 [9.6655e-02]
19700 [9.6504e-02]
19800 [9.6625e-02]
19900 [9.6552e-02]
20000 [9.6540e-02]
20000 [9.6540e-02]
20100 [9.6554e-02]
20200 [9.6588e-02]
20300 [9.6604e-02]
20400 [9.6618e-02]
20500 [9.6635e-02]
20600 [9.6654e-02]
20700 [9.6673e-02]
20800 [9.6694e-02]
20900 [9.6714e-02]
21000 [9.6735e-02]
21100 [9.6756e-02]
21200 [9.6782e-02]
21300 [9.6794e-02]
21400 [9.6811e-02]
21500 [9.6828e-02]
21600 [9.6840e-02]
21700 [9.6874e-02]
21800 [9.6881e-02]
21900 [9.6892e-02]
22000 [9.6909e-02]
22100 [9.6923e-02]
22200 [9.6935e-02]
22300 [9.6950e-02]
22400 [9.6966e-02]
22500 [9.6972e-02]
22600 [9.6999e-02]
22700 [9.7004e-02]
22800 [9.7017e-02]
22900 [9.7030e-02]
23000 [9.7048e-02]
23100 [9.7055e-02]
23200 [9.7067e-02]
23300 [9.7082e-02]
23400 [9.7085e-02]
23500 [9.7104e-02]
23600 [9.7117e-02]
23700 [9.7128e-02]
23800 [9.7139e-02]
23900 [9.7152e-02]
24000 [9.7163e-02]
24100 [9.7174e-02]
24200 [9.7199e-02]
24300 [9.7208e-02]
24400 [9.7200e-02]
24500 [9.7207e-02]
24600 [9.7227e-02]
24700 [9.7240e-02]
24800 [9.7252e-02]
24900 [9.7259e-02]
25000 [9.7272e-02]
25100 [9.7284e-02]
25200 [9.7296e-02]
25300 [9.7313e-02]
25400 [9.7314e-02]
25500 [9.7325e-02]
25600 [9.7321e-02]
25700 [9.7341e-02]
25800 [9.7356e-02]
25900 [9.7370e-02]
26000 [9.7373e-02]
26100 [9.7383e-02]
26200 [9.7392e-02]
26300 [9.7402e-02]
26400 [9.7414e-02]
26500 [9.7423e-02]
26600 [9.7429e-02]
26700 [9.7438e-02]
26800 [9.7458e-02]
26900 [9.7456e-02]
27000 [9.7462e-02]
27100 [9.7473e-02]
27200 [9.7485e-02]
27300 [9.7489e-02]
27400 [9.7499e-02]
27500 [9.7509e-02]
27600 [9.7533e-02]
27700 [9.7526e-02]
27800 [9.7534e-02]
27900 [9.7544e-02]
28000 [9.7550e-02]
28100 [9.7560e-02]
28200 [9.7569e-02]
28300 [9.7573e-02]
28400 [9.7576e-02]
28500 [9.7591e-02]
28600 [9.7598e-02]
28700 [9.7606e-02]
28800 [9.7614e-02]
28900 [9.7619e-02]
29000 [9.7634e-02]
29100 [9.7634e-02]
29200 [9.7643e-02]
29300 [9.7649e-02]
29400 [9.7658e-02]
29500 [9.7665e-02]
29600 [9.7675e-02]
29700 [9.7679e-02]
29800 [9.7674e-02]
29900 [9.7694e-02]
30000 [9.7701e-02]
