# step, loss_train, loss_test, metrics_test
0.000000000000000000e+00 7.853755960240960121e-05 4.345500929048284888e-05 3.251707530580461025e-04 6.499456405639648438e+00 1.233685135841369629e+00 7.853755960240960121e-05 4.345500929048284888e-05 3.251707530580461025e-04 6.499456405639648438e+00 1.233685135841369629e+00
1.000000000000000000e+02 1.417841878719627857e-03 5.840974044986069202e-04 1.362476614303886890e-03 7.342997789382934570e-01 1.155696511268615723e+00 1.417841878719627857e-03 5.840974044986069202e-04 1.362476614303886890e-03 7.342997789382934570e-01 1.155696511268615723e+00
2.000000000000000000e+02 2.393812639638781548e-03 5.224404856562614441e-03 9.549271780997514725e-04 5.653021335601806641e-01 1.144288778305053711e+00 2.393812639638781548e-03 5.224404856562614441e-03 9.549271780997514725e-04 5.653021335601806641e-01 1.144288778305053711e+00
3.000000000000000000e+02 4.753077402710914612e-03 7.549734786152839661e-03 8.927461458370089531e-04 4.784632921218872070e-01 1.134212255477905273e+00 4.753077402710914612e-03 7.549734786152839661e-03 8.927461458370089531e-04 4.784632921218872070e-01 1.134212255477905273e+00
4.000000000000000000e+02 4.694988019764423370e-03 9.508449584245681763e-03 1.366619020700454712e-03 4.650266766548156738e-01 1.128303408622741699e+00 4.694988019764423370e-03 9.508449584245681763e-03 1.366619020700454712e-03 4.650266766548156738e-01 1.128303408622741699e+00
5.000000000000000000e+02 4.263600800186395645e-03 1.033803354948759079e-02 2.410818822681903839e-03 4.618310630321502686e-01 1.124698996543884277e+00 4.263600800186395645e-03 1.033803354948759079e-02 2.410818822681903839e-03 4.618310630321502686e-01 1.124698996543884277e+00
6.000000000000000000e+02 5.917804315686225891e-03 1.305285934358835220e-02 3.390354570001363754e-03 4.554071426391601562e-01 1.115715742111206055e+00 5.917804315686225891e-03 1.305285934358835220e-02 3.390354570001363754e-03 4.554071426391601562e-01 1.115715742111206055e+00
7.000000000000000000e+02 5.519258789718151093e-03 1.409759558737277985e-02 5.113824736326932907e-03 4.511274099349975586e-01 1.107318162918090820e+00 5.519258789718151093e-03 1.409759558737277985e-02 5.113824736326932907e-03 4.511274099349975586e-01 1.107318162918090820e+00
8.000000000000000000e+02 4.362136591225862503e-03 1.405980065464973450e-02 8.709813468158245087e-03 4.499629437923431396e-01 1.097739219665527344e+00 4.362136591225862503e-03 1.405980065464973450e-02 8.709813468158245087e-03 4.499629437923431396e-01 1.097739219665527344e+00
9.000000000000000000e+02 5.586641840636730194e-03 1.421848312020301819e-02 1.145557127892971039e-02 4.429656565189361572e-01 1.079525589942932129e+00 5.586641840636730194e-03 1.421848312020301819e-02 1.145557127892971039e-02 4.429656565189361572e-01 1.079525589942932129e+00
1.000000000000000000e+03 7.149901241064071655e-03 1.567924208939075470e-02 1.355103962123394012e-02 4.391248822212219238e-01 1.061167001724243164e+00 7.149901241064071655e-03 1.567924208939075470e-02 1.355103962123394012e-02 4.391248822212219238e-01 1.061167001724243164e+00
1.100000000000000000e+03 9.170160628855228424e-03 1.725435815751552582e-02 1.478463411331176758e-02 4.361017644405364990e-01 1.042639374732971191e+00 9.170160628855228424e-03 1.725435815751552582e-02 1.478463411331176758e-02 4.361017644405364990e-01 1.042639374732971191e+00
1.200000000000000000e+03 1.258971914649009705e-02 2.262447588145732880e-02 1.687488518655300140e-02 4.359451830387115479e-01 1.023376345634460449e+00 1.258971914649009705e-02 2.262447588145732880e-02 1.687488518655300140e-02 4.359451830387115479e-01 1.023376345634460449e+00
1.300000000000000000e+03 1.318247709423303604e-02 2.324639260768890381e-02 1.699576899409294128e-02 4.367594718933105469e-01 1.005864262580871582e+00 1.318247709423303604e-02 2.324639260768890381e-02 1.699576899409294128e-02 4.367594718933105469e-01 1.005864262580871582e+00
1.400000000000000000e+03 1.202407572418451309e-02 2.233286388218402863e-02 1.945015043020248413e-02 4.217036068439483643e-01 9.916761517524719238e-01 1.202407572418451309e-02 2.233286388218402863e-02 1.945015043020248413e-02 4.217036068439483643e-01 9.916761517524719238e-01
1.500000000000000000e+03 1.190187688916921616e-02 2.243282273411750793e-02 1.828824728727340698e-02 4.185230135917663574e-01 9.838798046112060547e-01 1.190187688916921616e-02 2.243282273411750793e-02 1.828824728727340698e-02 4.185230135917663574e-01 9.838798046112060547e-01
1.600000000000000000e+03 1.144692767411470413e-02 2.180755324661731720e-02 2.037380263209342957e-02 4.074206650257110596e-01 9.711927175521850586e-01 1.144692767411470413e-02 2.180755324661731720e-02 2.037380263209342957e-02 4.074206650257110596e-01 9.711927175521850586e-01
1.700000000000000000e+03 1.431279256939888000e-02 2.809301763772964478e-02 2.083755657076835632e-02 4.070141315460205078e-01 9.269148707389831543e-01 1.431279256939888000e-02 2.809301763772964478e-02 2.083755657076835632e-02 4.070141315460205078e-01 9.269148707389831543e-01
1.800000000000000000e+03 1.803229749202728271e-02 3.935622423887252808e-02 3.463879227638244629e-02 4.138014912605285645e-01 9.271869659423828125e-01 1.803229749202728271e-02 3.935622423887252808e-02 3.463879227638244629e-02 4.138014912605285645e-01 9.271869659423828125e-01
1.900000000000000000e+03 1.614739000797271729e-02 2.414856664836406708e-02 2.471437305212020874e-02 3.977876007556915283e-01 9.704248905181884766e-01 1.614739000797271729e-02 2.414856664836406708e-02 2.471437305212020874e-02 3.977876007556915283e-01 9.704248905181884766e-01
2.000000000000000000e+03 1.479407586157321930e-02 2.890481799840927124e-02 2.698425203561782837e-02 3.660234510898590088e-01 8.337480425834655762e-01 1.479407586157321930e-02 2.890481799840927124e-02 2.698425203561782837e-02 3.660234510898590088e-01 8.337480425834655762e-01
2.100000000000000000e+03 1.654999703168869019e-02 3.143488243222236633e-02 3.049537166953086853e-02 3.638495504856109619e-01 8.045824170112609863e-01 1.654999703168869019e-02 3.143488243222236633e-02 3.049537166953086853e-02 3.638495504856109619e-01 8.045824170112609863e-01
2.200000000000000000e+03 1.710244826972484589e-02 2.950590103864669800e-02 3.020838648080825806e-02 3.530066013336181641e-01 7.731282114982604980e-01 1.710244826972484589e-02 2.950590103864669800e-02 3.020838648080825806e-02 3.530066013336181641e-01 7.731282114982604980e-01
2.300000000000000000e+03 1.790750585496425629e-02 2.811252139508724213e-02 2.989705093204975128e-02 3.315408527851104736e-01 7.363110184669494629e-01 1.790750585496425629e-02 2.811252139508724213e-02 2.989705093204975128e-02 3.315408527851104736e-01 7.363110184669494629e-01
2.400000000000000000e+03 1.866614818572998047e-02 2.485648356378078461e-02 4.075474292039871216e-02 3.147829174995422363e-01 6.995610594749450684e-01 1.866614818572998047e-02 2.485648356378078461e-02 4.075474292039871216e-02 3.147829174995422363e-01 6.995610594749450684e-01
2.500000000000000000e+03 1.914723217487335205e-02 2.893892675638198853e-02 3.570913895964622498e-02 3.055332005023956299e-01 6.674221158027648926e-01 1.914723217487335205e-02 2.893892675638198853e-02 3.570913895964622498e-02 3.055332005023956299e-01 6.674221158027648926e-01
2.600000000000000000e+03 2.392932586371898651e-02 3.556801006197929382e-02 5.384461581707000732e-02 3.707673549652099609e-01 7.646847963333129883e-01 2.392932586371898651e-02 3.556801006197929382e-02 5.384461581707000732e-02 3.707673549652099609e-01 7.646847963333129883e-01
2.700000000000000000e+03 2.016028016805648804e-02 2.954935096204280853e-02 4.844333231449127197e-02 3.159475922584533691e-01 6.651866436004638672e-01 2.016028016805648804e-02 2.954935096204280853e-02 4.844333231449127197e-02 3.159475922584533691e-01 6.651866436004638672e-01
2.800000000000000000e+03 2.423460967838764191e-02 3.800510987639427185e-02 5.002337321639060974e-02 3.662111759185791016e-01 7.571002840995788574e-01 2.423460967838764191e-02 3.800510987639427185e-02 5.002337321639060974e-02 3.662111759185791016e-01 7.571002840995788574e-01
2.900000000000000000e+03 2.299075201153755188e-02 3.871139883995056152e-02 5.234860256314277649e-02 3.363303542137145996e-01 7.103943824768066406e-01 2.299075201153755188e-02 3.871139883995056152e-02 5.234860256314277649e-02 3.363303542137145996e-01 7.103943824768066406e-01
3.000000000000000000e+03 2.019293047487735748e-02 2.898520044982433319e-02 3.934881091117858887e-02 2.639547586441040039e-01 5.601624846458435059e-01 2.019293047487735748e-02 2.898520044982433319e-02 3.934881091117858887e-02 2.639547586441040039e-01 5.601624846458435059e-01
3.100000000000000000e+03 2.346562407910823822e-02 3.810524940490722656e-02 5.276725441217422485e-02 2.735360860824584961e-01 6.360688209533691406e-01 2.346562407910823822e-02 3.810524940490722656e-02 5.276725441217422485e-02 2.735360860824584961e-01 6.360688209533691406e-01
3.200000000000000000e+03 2.678127586841583252e-02 3.978287801146507263e-02 5.241058766841888428e-02 2.965650558471679688e-01 7.029328942298889160e-01 2.678127586841583252e-02 3.978287801146507263e-02 5.241058766841888428e-02 2.965650558471679688e-01 7.029328942298889160e-01
3.300000000000000000e+03 2.385120466351509094e-02 3.547621145844459534e-02 4.363824054598808289e-02 2.671783566474914551e-01 6.100378632545471191e-01 2.385120466351509094e-02 3.547621145844459534e-02 4.363824054598808289e-02 2.671783566474914551e-01 6.100378632545471191e-01
3.400000000000000000e+03 2.114757150411605835e-02 3.316003456711769104e-02 4.566791653633117676e-02 2.355266809463500977e-01 5.457392334938049316e-01 2.114757150411605835e-02 3.316003456711769104e-02 4.566791653633117676e-02 2.355266809463500977e-01 5.457392334938049316e-01
3.500000000000000000e+03 2.188364043831825256e-02 3.142308443784713745e-02 4.201819002628326416e-02 2.113869786262512207e-01 4.661636054515838623e-01 2.188364043831825256e-02 3.142308443784713745e-02 4.201819002628326416e-02 2.113869786262512207e-01 4.661636054515838623e-01
3.600000000000000000e+03 2.158272266387939453e-02 3.171227127313613892e-02 4.203365370631217957e-02 2.044916749000549316e-01 4.442708194255828857e-01 2.158272266387939453e-02 3.171227127313613892e-02 4.203365370631217957e-02 2.044916749000549316e-01 4.442708194255828857e-01
3.700000000000000000e+03 2.182380110025405884e-02 3.145715594291687012e-02 3.990019112825393677e-02 2.049113810062408447e-01 4.549510478973388672e-01 2.182380110025405884e-02 3.145715594291687012e-02 3.990019112825393677e-02 2.049113810062408447e-01 4.549510478973388672e-01
3.800000000000000000e+03 2.649971097707748413e-02 4.246773570775985718e-02 5.359952151775360107e-02 2.756194174289703369e-01 6.402582526206970215e-01 2.649971097707748413e-02 4.246773570775985718e-02 5.359952151775360107e-02 2.756194174289703369e-01 6.402582526206970215e-01
3.900000000000000000e+03 2.454768680036067963e-02 4.020821675658226013e-02 5.365911498665809631e-02 2.303452789783477783e-01 5.064982175827026367e-01 2.454768680036067963e-02 4.020821675658226013e-02 5.365911498665809631e-02 2.303452789783477783e-01 5.064982175827026367e-01
4.000000000000000000e+03 2.288951352238655090e-02 3.365438058972358704e-02 3.587678074836730957e-02 1.810053139925003052e-01 3.805925846099853516e-01 2.288951352238655090e-02 3.365438058972358704e-02 3.587678074836730957e-02 1.810053139925003052e-01 3.805925846099853516e-01
4.100000000000000000e+03 2.515699341893196106e-02 3.035396151244640350e-02 4.196817427873611450e-02 1.854328364133834839e-01 3.663790822029113770e-01 2.515699341893196106e-02 3.035396151244640350e-02 4.196817427873611450e-02 1.854328364133834839e-01 3.663790822029113770e-01
4.200000000000000000e+03 3.021349944174289703e-02 3.489277884364128113e-02 5.207049846649169922e-02 2.534861862659454346e-01 4.759322106838226318e-01 3.021349944174289703e-02 3.489277884364128113e-02 5.207049846649169922e-02 2.534861862659454346e-01 4.759322106838226318e-01
4.300000000000000000e+03 2.091821283102035522e-02 3.159084916114807129e-02 3.530730679631233215e-02 1.668918132781982422e-01 3.480496704578399658e-01 2.091821283102035522e-02 3.159084916114807129e-02 3.530730679631233215e-02 1.668918132781982422e-01 3.480496704578399658e-01
4.400000000000000000e+03 2.253358997404575348e-02 3.396730497479438782e-02 3.481096401810646057e-02 1.626766324043273926e-01 3.428162932395935059e-01 2.253358997404575348e-02 3.396730497479438782e-02 3.481096401810646057e-02 1.626766324043273926e-01 3.428162932395935059e-01
4.500000000000000000e+03 3.241169080138206482e-02 3.874488547444343567e-02 5.381523072719573975e-02 2.878527641296386719e-01 5.396012067794799805e-01 3.241169080138206482e-02 3.874488547444343567e-02 5.381523072719573975e-02 2.878527641296386719e-01 5.396012067794799805e-01
4.600000000000000000e+03 3.226716816425323486e-02 4.107023403048515320e-02 5.539431422948837280e-02 2.515551745891571045e-01 5.503593087196350098e-01 3.226716816425323486e-02 4.107023403048515320e-02 5.539431422948837280e-02 2.515551745891571045e-01 5.503593087196350098e-01
4.700000000000000000e+03 2.775742113590240479e-02 3.955663368105888367e-02 4.907642304897308350e-02 2.480890899896621704e-01 4.777357280254364014e-01 2.775742113590240479e-02 3.955663368105888367e-02 4.907642304897308350e-02 2.480890899896621704e-01 4.777357280254364014e-01
4.800000000000000000e+03 2.903883904218673706e-02 3.930450603365898132e-02 5.085873231291770935e-02 2.306627631187438965e-01 5.005505681037902832e-01 2.903883904218673706e-02 3.930450603365898132e-02 5.085873231291770935e-02 2.306627631187438965e-01 5.005505681037902832e-01
4.900000000000000000e+03 2.915652096271514893e-02 3.661988675594329834e-02 4.881294071674346924e-02 2.532296180725097656e-01 4.729267954826354980e-01 2.915652096271514893e-02 3.661988675594329834e-02 4.881294071674346924e-02 2.532296180725097656e-01 4.729267954826354980e-01
5.000000000000000000e+03 2.089479751884937286e-02 2.696041017770767212e-02 3.465683013200759888e-02 1.374851465225219727e-01 2.651993930339813232e-01 2.089479751884937286e-02 2.696041017770767212e-02 3.465683013200759888e-02 1.374851465225219727e-01 2.651993930339813232e-01
5.100000000000000000e+03 2.790440618991851807e-02 4.321812465786933899e-02 5.065194517374038696e-02 2.498837560415267944e-01 5.502088665962219238e-01 2.790440618991851807e-02 4.321812465786933899e-02 5.065194517374038696e-02 2.498837560415267944e-01 5.502088665962219238e-01
5.200000000000000000e+03 2.672709152102470398e-02 3.637981414794921875e-02 4.870605468750000000e-02 2.100251466035842896e-01 4.476868212223052979e-01 2.672709152102470398e-02 3.637981414794921875e-02 4.870605468750000000e-02 2.100251466035842896e-01 4.476868212223052979e-01
5.300000000000000000e+03 2.889182791113853455e-02 3.760107606649398804e-02 5.407599359750747681e-02 2.265041470527648926e-01 4.849622249603271484e-01 2.889182791113853455e-02 3.760107606649398804e-02 5.407599359750747681e-02 2.265041470527648926e-01 4.849622249603271484e-01
5.400000000000000000e+03 2.525395341217517853e-02 3.016212955117225647e-02 4.032389819622039795e-02 1.820223331451416016e-01 3.235717713832855225e-01 2.525395341217517853e-02 3.016212955117225647e-02 4.032389819622039795e-02 1.820223331451416016e-01 3.235717713832855225e-01
5.500000000000000000e+03 2.835338562726974487e-02 2.991820499300956726e-02 4.409855976700782776e-02 1.486321240663528442e-01 2.737788856029510498e-01 2.835338562726974487e-02 2.991820499300956726e-02 4.409855976700782776e-02 1.486321240663528442e-01 2.737788856029510498e-01
5.600000000000000000e+03 2.065497450530529022e-02 2.656451985239982605e-02 3.528958186507225037e-02 1.301834881305694580e-01 2.350188344717025757e-01 2.065497450530529022e-02 2.656451985239982605e-02 3.528958186507225037e-02 1.301834881305694580e-01 2.350188344717025757e-01
5.700000000000000000e+03 2.104410156607627869e-02 2.980794385075569153e-02 5.280350521206855774e-02 1.729227900505065918e-01 3.281445801258087158e-01 2.104410156607627869e-02 2.980794385075569153e-02 5.280350521206855774e-02 1.729227900505065918e-01 3.281445801258087158e-01
5.800000000000000000e+03 2.306918054819107056e-02 2.831956930458545685e-02 3.692974895238876343e-02 1.939050406217575073e-01 3.429058790206909180e-01 2.306918054819107056e-02 2.831956930458545685e-02 3.692974895238876343e-02 1.939050406217575073e-01 3.429058790206909180e-01
5.900000000000000000e+03 2.166952565312385559e-02 3.200812265276908875e-02 3.548269346356391907e-02 1.769836544990539551e-01 3.726036250591278076e-01 2.166952565312385559e-02 3.200812265276908875e-02 3.548269346356391907e-02 1.769836544990539551e-01 3.726036250591278076e-01
6.000000000000000000e+03 1.782495528459548950e-02 2.764103561639785767e-02 3.094881214201450348e-02 1.095298454165458679e-01 2.098545879125595093e-01 1.782495528459548950e-02 2.764103561639785767e-02 3.094881214201450348e-02 1.095298454165458679e-01 2.098545879125595093e-01
6.100000000000000000e+03 1.884887740015983582e-02 2.283672057092189789e-02 3.328612819314002991e-02 1.082860901951789856e-01 1.990038305521011353e-01 1.884887740015983582e-02 2.283672057092189789e-02 3.328612819314002991e-02 1.082860901951789856e-01 1.990038305521011353e-01
6.200000000000000000e+03 1.736866310238838196e-02 2.498943172395229340e-02 3.034849092364311218e-02 1.140081435441970825e-01 2.064564824104309082e-01 1.736866310238838196e-02 2.498943172395229340e-02 3.034849092364311218e-02 1.140081435441970825e-01 2.064564824104309082e-01
6.300000000000000000e+03 2.345949225127696991e-02 3.200805559754371643e-02 4.024385288357734680e-02 2.104774713516235352e-01 3.910583555698394775e-01 2.345949225127696991e-02 3.200805559754371643e-02 4.024385288357734680e-02 2.104774713516235352e-01 3.910583555698394775e-01
6.400000000000000000e+03 1.699862629175186157e-02 2.568343654274940491e-02 3.020421415567398071e-02 1.068134605884552002e-01 2.053395658731460571e-01 1.699862629175186157e-02 2.568343654274940491e-02 3.020421415567398071e-02 1.068134605884552002e-01 2.053395658731460571e-01
6.500000000000000000e+03 1.816639862954616547e-02 3.698398917913436890e-02 3.992598876357078552e-02 1.236613467335700989e-01 2.325374186038970947e-01 1.816639862954616547e-02 3.698398917913436890e-02 3.992598876357078552e-02 1.236613467335700989e-01 2.325374186038970947e-01
6.600000000000000000e+03 1.637866348028182983e-02 2.311292104423046112e-02 2.807091176509857178e-02 9.969843178987503052e-02 1.842950433492660522e-01 1.637866348028182983e-02 2.311292104423046112e-02 2.807091176509857178e-02 9.969843178987503052e-02 1.842950433492660522e-01
6.700000000000000000e+03 1.659699156880378723e-02 2.235071174800395966e-02 2.879387699067592621e-02 9.934069961309432983e-02 1.812001615762710571e-01 1.659699156880378723e-02 2.235071174800395966e-02 2.879387699067592621e-02 9.934069961309432983e-02 1.812001615762710571e-01
6.800000000000000000e+03 1.884817890822887421e-02 2.557604759931564331e-02 3.342669829726219177e-02 1.417791992425918579e-01 2.491623908281326294e-01 1.884817890822887421e-02 2.557604759931564331e-02 3.342669829726219177e-02 1.417791992425918579e-01 2.491623908281326294e-01
6.900000000000000000e+03 3.099854663014411926e-02 5.178306251764297485e-02 6.598305702209472656e-02 3.631921708583831787e-01 8.405598402023315430e-01 3.099854663014411926e-02 5.178306251764297485e-02 6.598305702209472656e-02 3.631921708583831787e-01 8.405598402023315430e-01
7.000000000000000000e+03 2.421788126230239868e-02 3.206994011998176575e-02 3.945833817124366760e-02 2.129469960927963257e-01 3.894341588020324707e-01 2.421788126230239868e-02 3.206994011998176575e-02 3.945833817124366760e-02 2.129469960927963257e-01 3.894341588020324707e-01
7.100000000000000000e+03 3.044454008340835571e-02 5.182997137308120728e-02 6.606083363294601440e-02 3.290379643440246582e-01 7.644559144973754883e-01 3.044454008340835571e-02 5.182997137308120728e-02 6.606083363294601440e-02 3.290379643440246582e-01 7.644559144973754883e-01
7.200000000000000000e+03 1.619112677872180939e-02 2.189357765018939972e-02 2.649299055337905884e-02 1.013590395450592041e-01 1.781817823648452759e-01 1.619112677872180939e-02 2.189357765018939972e-02 2.649299055337905884e-02 1.013590395450592041e-01 1.781817823648452759e-01
7.300000000000000000e+03 2.207264490425586700e-02 3.540373221039772034e-02 3.711073100566864014e-02 2.056597173213958740e-01 4.479852914810180664e-01 2.207264490425586700e-02 3.540373221039772034e-02 3.711073100566864014e-02 2.056597173213958740e-01 4.479852914810180664e-01
7.400000000000000000e+03 1.848452351987361908e-02 2.463483065366744995e-02 3.068422339856624603e-02 1.310211718082427979e-01 2.319066226482391357e-01 1.848452351987361908e-02 2.463483065366744995e-02 3.068422339856624603e-02 1.310211718082427979e-01 2.319066226482391357e-01
7.500000000000000000e+03 1.586973294615745544e-02 2.398170717060565948e-02 2.664375491440296173e-02 8.805727213621139526e-02 1.634414941072463989e-01 1.586973294615745544e-02 2.398170717060565948e-02 2.664375491440296173e-02 8.805727213621139526e-02 1.634414941072463989e-01
7.600000000000000000e+03 2.451118081808090210e-02 3.660363331437110901e-02 5.300235748291015625e-02 9.654456377029418945e-02 1.745876073837280273e-01 2.451118081808090210e-02 3.660363331437110901e-02 5.300235748291015625e-02 9.654456377029418945e-02 1.745876073837280273e-01
7.700000000000000000e+03 1.813302934169769287e-02 2.151437848806381226e-02 3.017437644302845001e-02 9.216973930597305298e-02 1.631856113672256470e-01 1.813302934169769287e-02 2.151437848806381226e-02 3.017437644302845001e-02 9.216973930597305298e-02 1.631856113672256470e-01
7.800000000000000000e+03 1.613891310989856720e-02 2.104680612683296204e-02 2.626093849539756775e-02 8.716963231563568115e-02 1.604961603879928589e-01 1.613891310989856720e-02 2.104680612683296204e-02 2.626093849539756775e-02 8.716963231563568115e-02 1.604961603879928589e-01
7.900000000000000000e+03 1.753365993499755859e-02 2.378432266414165497e-02 3.001094423234462738e-02 1.138761714100837708e-01 1.930414289236068726e-01 1.753365993499755859e-02 2.378432266414165497e-02 3.001094423234462738e-02 1.138761714100837708e-01 1.930414289236068726e-01
8.000000000000000000e+03 1.672792062163352966e-02 2.209215424954891205e-02 2.766798995435237885e-02 9.693005681037902832e-02 1.898887008428573608e-01 1.672792062163352966e-02 2.209215424954891205e-02 2.766798995435237885e-02 9.693005681037902832e-02 1.898887008428573608e-01
8.100000000000000000e+03 2.183413691818714142e-02 2.769119292497634888e-02 4.072302207350730896e-02 1.257690489292144775e-01 2.668955624103546143e-01 2.183413691818714142e-02 2.769119292497634888e-02 4.072302207350730896e-02 1.257690489292144775e-01 2.668955624103546143e-01
8.200000000000000000e+03 1.670753210783004761e-02 1.981214806437492371e-02 2.780754119157791138e-02 8.277096599340438843e-02 1.460005789995193481e-01 1.670753210783004761e-02 1.981214806437492371e-02 2.780754119157791138e-02 8.277096599340438843e-02 1.460005789995193481e-01
8.300000000000000000e+03 1.583993993699550629e-02 2.753077261149883270e-02 2.695377543568611145e-02 9.960695356130599976e-02 2.068098187446594238e-01 1.583993993699550629e-02 2.753077261149883270e-02 2.695377543568611145e-02 9.960695356130599976e-02 2.068098187446594238e-01
8.400000000000000000e+03 1.490011811256408691e-02 2.148747444152832031e-02 2.477275393903255463e-02 8.245975524187088013e-02 1.451950967311859131e-01 1.490011811256408691e-02 2.148747444152832031e-02 2.477275393903255463e-02 8.245975524187088013e-02 1.451950967311859131e-01
8.500000000000000000e+03 1.535528339445590973e-02 2.610305324196815491e-02 2.438681386411190033e-02 9.862425178289413452e-02 2.008888572454452515e-01 1.535528339445590973e-02 2.610305324196815491e-02 2.438681386411190033e-02 9.862425178289413452e-02 2.008888572454452515e-01
8.600000000000000000e+03 1.446448173373937607e-02 2.101378887891769409e-02 2.183772623538970947e-02 9.687837213277816772e-02 1.698758900165557861e-01 1.446448173373937607e-02 2.101378887891769409e-02 2.183772623538970947e-02 9.687837213277816772e-02 1.698758900165557861e-01
8.700000000000000000e+03 1.646820828318595886e-02 2.657106332480907440e-02 2.691014297306537628e-02 1.264908462762832642e-01 2.235990911722183228e-01 1.646820828318595886e-02 2.657106332480907440e-02 2.691014297306537628e-02 1.264908462762832642e-01 2.235990911722183228e-01
8.800000000000000000e+03 1.388221234083175659e-02 1.978009566664695740e-02 2.108361199498176575e-02 7.717823237180709839e-02 1.426231116056442261e-01 1.388221234083175659e-02 1.978009566664695740e-02 2.108361199498176575e-02 7.717823237180709839e-02 1.426231116056442261e-01
8.900000000000000000e+03 1.676244661211967468e-02 2.710248157382011414e-02 2.463472820818424225e-02 1.224269792437553406e-01 2.582525610923767090e-01 1.676244661211967468e-02 2.710248157382011414e-02 2.463472820818424225e-02 1.224269792437553406e-01 2.582525610923767090e-01
9.000000000000000000e+03 1.417407486587762833e-02 2.104621939361095428e-02 2.068677358329296112e-02 8.007326722145080566e-02 1.553653478622436523e-01 1.417407486587762833e-02 2.104621939361095428e-02 2.068677358329296112e-02 8.007326722145080566e-02 1.553653478622436523e-01
9.100000000000000000e+03 1.346314884722232819e-02 1.872406899929046631e-02 2.079033851623535156e-02 7.238652557134628296e-02 1.283009797334671021e-01 1.346314884722232819e-02 1.872406899929046631e-02 2.079033851623535156e-02 7.238652557134628296e-02 1.283009797334671021e-01
9.200000000000000000e+03 1.381576061248779297e-02 2.029863744974136353e-02 1.994729600846767426e-02 7.396142184734344482e-02 1.398396342992782593e-01 1.381576061248779297e-02 2.029863744974136353e-02 1.994729600846767426e-02 7.396142184734344482e-02 1.398396342992782593e-01
9.300000000000000000e+03 2.058686502277851105e-02 3.307672590017318726e-02 3.363099321722984314e-02 2.043096125125885010e-01 4.581257998943328857e-01 2.058686502277851105e-02 3.307672590017318726e-02 3.363099321722984314e-02 2.043096125125885010e-01 4.581257998943328857e-01
9.400000000000000000e+03 2.026837319135665894e-02 3.095200471580028534e-02 3.374040499329566956e-02 1.864196509122848511e-01 3.582772314548492432e-01 2.026837319135665894e-02 3.095200471580028534e-02 3.374040499329566956e-02 1.864196509122848511e-01 3.582772314548492432e-01
9.500000000000000000e+03 1.874293014407157898e-02 1.833708025515079498e-02 3.138750791549682617e-02 7.291997969150543213e-02 1.263083964586257935e-01 1.874293014407157898e-02 1.833708025515079498e-02 3.138750791549682617e-02 7.291997969150543213e-02 1.263083964586257935e-01
9.600000000000000000e+03 1.755233108997344971e-02 2.543464116752147675e-02 2.776120230555534363e-02 1.502215713262557983e-01 2.714287042617797852e-01 1.755233108997344971e-02 2.543464116752147675e-02 2.776120230555534363e-02 1.502215713262557983e-01 2.714287042617797852e-01
9.700000000000000000e+03 1.647517643868923187e-02 2.724965102970600128e-02 2.550151757895946503e-02 1.218455359339714050e-01 2.635659575462341309e-01 1.647517643868923187e-02 2.724965102970600128e-02 2.550151757895946503e-02 1.218455359339714050e-01 2.635659575462341309e-01
9.800000000000000000e+03 1.361136510968208313e-02 1.759491115808486938e-02 1.917647570371627808e-02 6.797007471323013306e-02 1.214448511600494385e-01 1.361136510968208313e-02 1.759491115808486938e-02 1.917647570371627808e-02 6.797007471323013306e-02 1.214448511600494385e-01
9.900000000000000000e+03 1.483203191310167313e-02 2.282681502401828766e-02 2.465535141527652740e-02 6.925372779369354248e-02 1.248316615819931030e-01 1.483203191310167313e-02 2.282681502401828766e-02 2.465535141527652740e-02 6.925372779369354248e-02 1.248316615819931030e-01
1.000000000000000000e+04 2.177813090384006500e-02 3.424965962767601013e-02 3.821937739849090576e-02 2.297249436378479004e-01 5.149200558662414551e-01 2.177813090384006500e-02 3.424965962767601013e-02 3.821937739849090576e-02 2.297249436378479004e-01 5.149200558662414551e-01
1.000000000000000000e+04 2.177813090384006500e-02 3.424965962767601013e-02 3.821937739849090576e-02 2.297249436378479004e-01 5.149200558662414551e-01 2.177813090384006500e-02 3.424965962767601013e-02 3.821937739849090576e-02 2.297249436378479004e-01 5.149200558662414551e-01
1.010000000000000000e+04 1.211476325988769531e-02 1.827376894652843475e-02 1.958750560879707336e-02 6.922332197427749634e-02 1.232491582632064819e-01 1.211476325988769531e-02 1.827376894652843475e-02 1.958750560879707336e-02 6.922332197427749634e-02 1.232491582632064819e-01
1.020000000000000000e+04 1.231912616640329361e-02 1.737647689878940582e-02 1.717775873839855194e-02 6.400037556886672974e-02 1.107113957405090332e-01 1.231912616640329361e-02 1.737647689878940582e-02 1.717775873839855194e-02 6.400037556886672974e-02 1.107113957405090332e-01
1.030000000000000000e+04 1.466142851859331131e-02 2.171221747994422913e-02 2.140745148062705994e-02 1.017681062221527100e-01 1.765762567520141602e-01 1.466142851859331131e-02 2.171221747994422913e-02 2.140745148062705994e-02 1.017681062221527100e-01 1.765762567520141602e-01
1.040000000000000000e+04 1.509114168584346771e-02 2.252934500575065613e-02 2.067389711737632751e-02 9.236944466829299927e-02 1.874559223651885986e-01 1.509114168584346771e-02 2.252934500575065613e-02 2.067389711737632751e-02 9.236944466829299927e-02 1.874559223651885986e-01
1.050000000000000000e+04 1.273421011865139008e-02 1.770718581974506378e-02 1.718948036432266235e-02 6.098027899861335754e-02 1.016302779316902161e-01 1.273421011865139008e-02 1.770718581974506378e-02 1.718948036432266235e-02 6.098027899861335754e-02 1.016302779316902161e-01
1.060000000000000000e+04 1.353555452078580856e-02 1.858779229223728180e-02 1.842141896486282349e-02 6.853915750980377197e-02 1.096038296818733215e-01 1.353555452078580856e-02 1.858779229223728180e-02 1.842141896486282349e-02 6.853915750980377197e-02 1.096038296818733215e-01
1.070000000000000000e+04 1.416211761534214020e-02 2.032770588994026184e-02 1.939720846712589264e-02 7.709433138370513916e-02 1.246237829327583313e-01 1.416211761534214020e-02 2.032770588994026184e-02 1.939720846712589264e-02 7.709433138370513916e-02 1.246237829327583313e-01
1.080000000000000000e+04 1.501083280891180038e-02 2.178342826664447784e-02 2.128108590841293335e-02 8.603537082672119141e-02 1.402627676725387573e-01 1.501083280891180038e-02 2.178342826664447784e-02 2.128108590841293335e-02 8.603537082672119141e-02 1.402627676725387573e-01
1.090000000000000000e+04 1.352896913886070251e-02 1.795441843569278717e-02 1.842764206230640411e-02 6.244645267724990845e-02 9.839413315057754517e-02 1.352896913886070251e-02 1.795441843569278717e-02 1.842764206230640411e-02 6.244645267724990845e-02 9.839413315057754517e-02
1.100000000000000000e+04 1.280034705996513367e-02 1.782934740185737610e-02 1.682879216969013214e-02 5.599270015954971313e-02 9.339794516563415527e-02 1.280034705996513367e-02 1.782934740185737610e-02 1.682879216969013214e-02 5.599270015954971313e-02 9.339794516563415527e-02
1.110000000000000000e+04 1.312904153019189835e-02 1.769200339913368225e-02 1.733899675309658051e-02 5.751215294003486633e-02 9.960897266864776611e-02 1.312904153019189835e-02 1.769200339913368225e-02 1.733899675309658051e-02 5.751215294003486633e-02 9.960897266864776611e-02
1.120000000000000000e+04 1.329289283603429794e-02 1.787166856229305267e-02 1.795151084661483765e-02 5.917283520102500916e-02 1.050846576690673828e-01 1.329289283603429794e-02 1.787166856229305267e-02 1.795151084661483765e-02 5.917283520102500916e-02 1.050846576690673828e-01
1.130000000000000000e+04 1.560098212212324142e-02 2.416584268212318420e-02 2.204814180731773376e-02 9.498065710067749023e-02 1.577922701835632324e-01 1.560098212212324142e-02 2.416584268212318420e-02 2.204814180731773376e-02 9.498065710067749023e-02 1.577922701835632324e-01
1.140000000000000000e+04 1.301967538893222809e-02 1.681211218237876892e-02 1.733453571796417236e-02 5.478847399353981018e-02 8.733256161212921143e-02 1.301967538893222809e-02 1.681211218237876892e-02 1.733453571796417236e-02 5.478847399353981018e-02 8.733256161212921143e-02
1.150000000000000000e+04 1.292813196778297424e-02 1.818519271910190582e-02 1.749840378761291504e-02 5.739573389291763306e-02 1.029778569936752319e-01 1.292813196778297424e-02 1.818519271910190582e-02 1.749840378761291504e-02 5.739573389291763306e-02 1.029778569936752319e-01
1.160000000000000000e+04 1.398338936269283295e-02 2.102948725223541260e-02 1.957069709897041321e-02 7.150519639253616333e-02 1.386608630418777466e-01 1.398338936269283295e-02 2.102948725223541260e-02 1.957069709897041321e-02 7.150519639253616333e-02 1.386608630418777466e-01
1.170000000000000000e+04 1.342823728919029236e-02 1.882136054337024689e-02 1.812248863279819489e-02 5.687935277819633484e-02 9.217435866594314575e-02 1.342823728919029236e-02 1.882136054337024689e-02 1.812248863279819489e-02 5.687935277819633484e-02 9.217435866594314575e-02
1.180000000000000000e+04 1.574336364865303040e-02 2.455674111843109131e-02 2.263768762350082397e-02 9.369362145662307739e-02 1.538831442594528198e-01 1.574336364865303040e-02 2.455674111843109131e-02 2.263768762350082397e-02 9.369362145662307739e-02 1.538831442594528198e-01
1.190000000000000000e+04 1.339061930775642395e-02 1.952399313449859619e-02 1.766029372811317444e-02 6.584115326404571533e-02 1.036441475152969360e-01 1.339061930775642395e-02 1.952399313449859619e-02 1.766029372811317444e-02 6.584115326404571533e-02 1.036441475152969360e-01
1.200000000000000000e+04 1.261311769485473633e-02 1.699303649365901947e-02 1.624548807740211487e-02 5.400982871651649475e-02 8.339107036590576172e-02 1.261311769485473633e-02 1.699303649365901947e-02 1.624548807740211487e-02 5.400982871651649475e-02 8.339107036590576172e-02
1.210000000000000000e+04 1.235810481011867523e-02 1.616128161549568176e-02 1.567138172686100006e-02 5.090123787522315979e-02 8.002281188964843750e-02 1.235810481011867523e-02 1.616128161549568176e-02 1.567138172686100006e-02 5.090123787522315979e-02 8.002281188964843750e-02
1.220000000000000000e+04 1.224036701023578644e-02 1.658323965966701508e-02 1.558544766157865524e-02 4.995793104171752930e-02 8.275767415761947632e-02 1.224036701023578644e-02 1.658323965966701508e-02 1.558544766157865524e-02 4.995793104171752930e-02 8.275767415761947632e-02
1.230000000000000000e+04 1.301885209977626801e-02 1.910865306854248047e-02 1.860344223678112030e-02 5.717630684375762939e-02 1.054241508245468140e-01 1.301885209977626801e-02 1.910865306854248047e-02 1.860344223678112030e-02 5.717630684375762939e-02 1.054241508245468140e-01
1.240000000000000000e+04 1.350759156048297882e-02 1.986091397702693939e-02 1.886127516627311707e-02 6.670705974102020264e-02 1.274964064359664917e-01 1.350759156048297882e-02 1.986091397702693939e-02 1.886127516627311707e-02 6.670705974102020264e-02 1.274964064359664917e-01
1.250000000000000000e+04 1.463857199996709824e-02 2.055728994309902191e-02 2.078717760741710663e-02 7.308643311262130737e-02 1.407766789197921753e-01 1.463857199996709824e-02 2.055728994309902191e-02 2.078717760741710663e-02 7.308643311262130737e-02 1.407766789197921753e-01
1.260000000000000000e+04 1.405355427414178848e-02 1.932263560593128204e-02 1.974611356854438782e-02 6.709755212068557739e-02 1.270158737897872925e-01 1.405355427414178848e-02 1.932263560593128204e-02 1.974611356854438782e-02 6.709755212068557739e-02 1.270158737897872925e-01
1.270000000000000000e+04 1.359231211245059967e-02 1.717780530452728271e-02 1.870098151266574860e-02 5.743030458688735962e-02 1.020204648375511169e-01 1.359231211245059967e-02 1.717780530452728271e-02 1.870098151266574860e-02 5.743030458688735962e-02 1.020204648375511169e-01
1.280000000000000000e+04 1.204659137874841690e-02 1.593024656176567078e-02 1.507696136832237244e-02 4.910603910684585571e-02 8.300053328275680542e-02 1.204659137874841690e-02 1.593024656176567078e-02 1.507696136832237244e-02 4.910603910684585571e-02 8.300053328275680542e-02
1.290000000000000000e+04 1.242069713771343231e-02 1.750720664858818054e-02 1.613556221127510071e-02 5.411482974886894226e-02 9.754005074501037598e-02 1.242069713771343231e-02 1.750720664858818054e-02 1.613556221127510071e-02 5.411482974886894226e-02 9.754005074501037598e-02
1.300000000000000000e+04 1.222974341362714767e-02 1.693168096244335175e-02 1.556370034813880920e-02 5.193383619189262390e-02 9.202196449041366577e-02 1.222974341362714767e-02 1.693168096244335175e-02 1.556370034813880920e-02 5.193383619189262390e-02 9.202196449041366577e-02
1.310000000000000000e+04 1.294304616749286652e-02 1.603819243609905243e-02 1.733837090432643890e-02 5.200077593326568604e-02 8.957092463970184326e-02 1.294304616749286652e-02 1.603819243609905243e-02 1.733837090432643890e-02 5.200077593326568604e-02 8.957092463970184326e-02
1.320000000000000000e+04 1.204759813845157623e-02 1.637298800051212311e-02 1.532161980867385864e-02 4.988484829664230347e-02 8.743434399366378784e-02 1.204759813845157623e-02 1.637298800051212311e-02 1.532161980867385864e-02 4.988484829664230347e-02 8.743434399366378784e-02
1.330000000000000000e+04 1.320979464799165726e-02 1.927656121551990509e-02 1.797926239669322968e-02 6.412865966558456421e-02 1.228583678603172302e-01 1.320979464799165726e-02 1.927656121551990509e-02 1.797926239669322968e-02 6.412865966558456421e-02 1.228583678603172302e-01
1.340000000000000000e+04 1.417526230216026306e-02 1.859786733984947205e-02 1.999942213296890259e-02 6.613744795322418213e-02 1.253771185874938965e-01 1.417526230216026306e-02 1.859786733984947205e-02 1.999942213296890259e-02 6.613744795322418213e-02 1.253771185874938965e-01
1.350000000000000000e+04 1.409937627613544464e-02 2.057386189699172974e-02 1.972630620002746582e-02 7.519559562206268311e-02 1.484090834856033325e-01 1.409937627613544464e-02 2.057386189699172974e-02 1.972630620002746582e-02 7.519559562206268311e-02 1.484090834856033325e-01
1.360000000000000000e+04 1.295910868793725967e-02 1.509209908545017242e-02 1.801726222038269043e-02 4.686465486884117126e-02 7.565242052078247070e-02 1.295910868793725967e-02 1.509209908545017242e-02 1.801726222038269043e-02 4.686465486884117126e-02 7.565242052078247070e-02
1.370000000000000000e+04 1.312827970832586288e-02 1.655818335711956024e-02 1.960018835961818695e-02 5.345968902111053467e-02 8.002584427595138550e-02 1.312827970832586288e-02 1.655818335711956024e-02 1.960018835961818695e-02 5.345968902111053467e-02 8.002584427595138550e-02
1.380000000000000000e+04 1.173962932080030441e-02 1.578772254288196564e-02 1.411180756986141205e-02 5.033790692687034607e-02 7.779243588447570801e-02 1.173962932080030441e-02 1.578772254288196564e-02 1.411180756986141205e-02 5.033790692687034607e-02 7.779243588447570801e-02
1.390000000000000000e+04 1.336313504725694656e-02 2.039454877376556396e-02 1.828157901763916016e-02 7.628707587718963623e-02 1.269440054893493652e-01 1.336313504725694656e-02 2.039454877376556396e-02 1.828157901763916016e-02 7.628707587718963623e-02 1.269440054893493652e-01
1.400000000000000000e+04 1.132307574152946472e-02 1.455115899443626404e-02 1.316808257251977921e-02 4.449492692947387695e-02 6.852551549673080444e-02 1.132307574152946472e-02 1.455115899443626404e-02 1.316808257251977921e-02 4.449492692947387695e-02 6.852551549673080444e-02
1.410000000000000000e+04 1.216553896665573120e-02 1.414294634014368057e-02 1.632268913090229034e-02 4.281974211335182190e-02 6.780046224594116211e-02 1.216553896665573120e-02 1.414294634014368057e-02 1.632268913090229034e-02 4.281974211335182190e-02 6.780046224594116211e-02
1.420000000000000000e+04 1.141829602420330048e-02 1.395838242024183273e-02 1.392627228051424026e-02 4.311666265130043030e-02 7.149405032396316528e-02 1.141829602420330048e-02 1.395838242024183273e-02 1.392627228051424026e-02 4.311666265130043030e-02 7.149405032396316528e-02
1.430000000000000000e+04 1.289936341345310211e-02 1.887087896466255188e-02 1.764154806733131409e-02 6.252016872167587280e-02 1.216491535305976868e-01 1.289936341345310211e-02 1.887087896466255188e-02 1.764154806733131409e-02 6.252016872167587280e-02 1.216491535305976868e-01
1.440000000000000000e+04 1.261808630079030991e-02 1.628992892801761627e-02 1.662959158420562744e-02 5.682527273893356323e-02 1.060394346714019775e-01 1.261808630079030991e-02 1.628992892801761627e-02 1.662959158420562744e-02 5.682527273893356323e-02 1.060394346714019775e-01
1.450000000000000000e+04 1.160002313554286957e-02 1.507524773478507996e-02 1.392674818634986877e-02 4.357697442173957825e-02 6.768072396516799927e-02 1.160002313554286957e-02 1.507524773478507996e-02 1.392674818634986877e-02 4.357697442173957825e-02 6.768072396516799927e-02
1.460000000000000000e+04 1.308847218751907349e-02 1.963388547301292419e-02 1.779263466596603394e-02 7.451812922954559326e-02 1.257671564817428589e-01 1.308847218751907349e-02 1.963388547301292419e-02 1.779263466596603394e-02 7.451812922954559326e-02 1.257671564817428589e-01
1.470000000000000000e+04 1.097394432872533798e-02 1.360716577619314194e-02 1.248297654092311859e-02 4.203351587057113647e-02 6.467468291521072388e-02 1.097394432872533798e-02 1.360716577619314194e-02 1.248297654092311859e-02 4.203351587057113647e-02 6.467468291521072388e-02
1.480000000000000000e+04 1.099281571805477142e-02 1.314437109977006912e-02 1.326850429177284241e-02 3.958431258797645569e-02 6.447348743677139282e-02 1.099281571805477142e-02 1.314437109977006912e-02 1.326850429177284241e-02 3.958431258797645569e-02 6.447348743677139282e-02
1.490000000000000000e+04 1.296442281454801559e-02 1.746159046888351440e-02 1.755408942699432373e-02 6.300540268421173096e-02 1.227096542716026306e-01 1.296442281454801559e-02 1.746159046888351440e-02 1.755408942699432373e-02 6.300540268421173096e-02 1.227096542716026306e-01
1.500000000000000000e+04 1.390184648334980011e-02 2.142844162881374359e-02 2.223251760005950928e-02 6.784388422966003418e-02 1.359824836254119873e-01 1.390184648334980011e-02 2.142844162881374359e-02 2.223251760005950928e-02 6.784388422966003418e-02 1.359824836254119873e-01
1.510000000000000000e+04 1.187052577733993530e-02 1.492189988493919373e-02 1.630630344152450562e-02 4.983692988753318787e-02 7.738167047500610352e-02 1.187052577733993530e-02 1.492189988493919373e-02 1.630630344152450562e-02 4.983692988753318787e-02 7.738167047500610352e-02
1.520000000000000000e+04 1.250790711492300034e-02 1.813162676990032196e-02 1.618842035531997681e-02 6.906855851411819458e-02 1.176284477114677429e-01 1.250790711492300034e-02 1.813162676990032196e-02 1.618842035531997681e-02 6.906855851411819458e-02 1.176284477114677429e-01
1.530000000000000000e+04 1.274560485035181046e-02 1.815856993198394775e-02 1.597173698246479034e-02 6.707677990198135376e-02 1.155197322368621826e-01 1.274560485035181046e-02 1.815856993198394775e-02 1.597173698246479034e-02 6.707677990198135376e-02 1.155197322368621826e-01
1.540000000000000000e+04 1.281142700463533401e-02 1.712114550173282623e-02 1.602146215736865997e-02 5.782752111554145813e-02 9.806441515684127808e-02 1.281142700463533401e-02 1.712114550173282623e-02 1.602146215736865997e-02 5.782752111554145813e-02 9.806441515684127808e-02
1.550000000000000000e+04 1.129466854035854340e-02 1.388628035783767700e-02 1.308232080191373825e-02 4.176417365670204163e-02 6.620347499847412109e-02 1.129466854035854340e-02 1.388628035783767700e-02 1.308232080191373825e-02 4.176417365670204163e-02 6.620347499847412109e-02
1.560000000000000000e+04 1.055233925580978394e-02 1.218166574835777283e-02 1.264481991529464722e-02 3.640406951308250427e-02 5.599694326519966125e-02 1.055233925580978394e-02 1.218166574835777283e-02 1.264481991529464722e-02 3.640406951308250427e-02 5.599694326519966125e-02
1.570000000000000000e+04 1.094993390142917633e-02 1.284015458077192307e-02 1.375519018620252609e-02 4.020290449261665344e-02 6.871761381626129150e-02 1.094993390142917633e-02 1.284015458077192307e-02 1.375519018620252609e-02 4.020290449261665344e-02 6.871761381626129150e-02
1.580000000000000000e+04 1.121655572205781937e-02 1.505604106932878494e-02 1.463156659156084061e-02 4.717583209276199341e-02 8.851498365402221680e-02 1.121655572205781937e-02 1.505604106932878494e-02 1.463156659156084061e-02 4.717583209276199341e-02 8.851498365402221680e-02
1.590000000000000000e+04 1.267283037304878235e-02 1.859650574624538422e-02 1.827094331383705139e-02 6.375863403081893921e-02 1.274798363447189331e-01 1.267283037304878235e-02 1.859650574624538422e-02 1.827094331383705139e-02 6.375863403081893921e-02 1.274798363447189331e-01
1.600000000000000000e+04 1.327368151396512985e-02 1.762744970619678497e-02 1.867450214922428131e-02 6.880262494087219238e-02 1.359107196331024170e-01 1.327368151396512985e-02 1.762744970619678497e-02 1.867450214922428131e-02 6.880262494087219238e-02 1.359107196331024170e-01
1.610000000000000000e+04 1.150528900325298309e-02 1.364635210484266281e-02 1.489531155675649643e-02 4.648069664835929871e-02 8.364161849021911621e-02 1.150528900325298309e-02 1.364635210484266281e-02 1.489531155675649643e-02 4.648069664835929871e-02 8.364161849021911621e-02
1.620000000000000000e+04 1.058222167193889618e-02 1.268028095364570618e-02 1.236403547227382660e-02 3.501274809241294861e-02 5.554856732487678528e-02 1.058222167193889618e-02 1.268028095364570618e-02 1.236403547227382660e-02 3.501274809241294861e-02 5.554856732487678528e-02
1.630000000000000000e+04 1.089683175086975098e-02 1.396512147039175034e-02 1.277047116309404373e-02 4.733370617032051086e-02 7.641729712486267090e-02 1.089683175086975098e-02 1.396512147039175034e-02 1.277047116309404373e-02 4.733370617032051086e-02 7.641729712486267090e-02
1.640000000000000000e+04 1.218026783317327499e-02 1.633977890014648438e-02 1.781168766319751740e-02 6.050256267189979553e-02 1.002983078360557556e-01 1.218026783317327499e-02 1.633977890014648438e-02 1.781168766319751740e-02 6.050256267189979553e-02 1.002983078360557556e-01
1.650000000000000000e+04 1.148140802979469299e-02 1.543142274022102356e-02 1.363139972090721130e-02 5.727601796388626099e-02 9.790285676717758179e-02 1.148140802979469299e-02 1.543142274022102356e-02 1.363139972090721130e-02 5.727601796388626099e-02 9.790285676717758179e-02
1.660000000000000000e+04 1.102435123175382614e-02 1.313626021146774292e-02 1.273638010025024414e-02 3.919441625475883484e-02 6.287182867527008057e-02 1.102435123175382614e-02 1.313626021146774292e-02 1.273638010025024414e-02 3.919441625475883484e-02 6.287182867527008057e-02
1.670000000000000000e+04 1.010007597506046295e-02 1.142212375998497009e-02 1.223316043615341187e-02 3.421306610107421875e-02 5.505383014678955078e-02 1.010007597506046295e-02 1.142212375998497009e-02 1.223316043615341187e-02 3.421306610107421875e-02 5.505383014678955078e-02
1.680000000000000000e+04 1.039461884647607803e-02 1.271474361419677734e-02 1.275644171983003616e-02 4.170788824558258057e-02 7.586148381233215332e-02 1.039461884647607803e-02 1.271474361419677734e-02 1.275644171983003616e-02 4.170788824558258057e-02 7.586148381233215332e-02
1.690000000000000000e+04 1.177200116217136383e-02 1.673631370067596436e-02 1.711915805935859680e-02 5.497298017144203186e-02 1.086776331067085266e-01 1.177200116217136383e-02 1.673631370067596436e-02 1.711915805935859680e-02 5.497298017144203186e-02 1.086776331067085266e-01
1.700000000000000000e+04 1.222370006144046783e-02 1.686277985572814941e-02 1.664460264146327972e-02 6.603361666202545166e-02 1.321555227041244507e-01 1.222370006144046783e-02 1.686277985572814941e-02 1.664460264146327972e-02 6.603361666202545166e-02 1.321555227041244507e-01
1.710000000000000000e+04 1.161391660571098328e-02 1.376745011657476425e-02 1.600948162376880646e-02 4.796249046921730042e-02 8.815378695726394653e-02 1.161391660571098328e-02 1.376745011657476425e-02 1.600948162376880646e-02 4.796249046921730042e-02 8.815378695726394653e-02
1.720000000000000000e+04 9.920399636030197144e-03 1.159806456416845322e-02 1.127267163246870041e-02 3.235849365592002869e-02 5.167574435472488403e-02 9.920399636030197144e-03 1.159806456416845322e-02 1.127267163246870041e-02 3.235849365592002869e-02 5.167574435472488403e-02
1.730000000000000000e+04 1.047670561820268631e-02 1.319284923374652863e-02 1.208362355828285217e-02 4.428620263934135437e-02 7.226000726222991943e-02 1.047670561820268631e-02 1.319284923374652863e-02 1.208362355828285217e-02 4.428620263934135437e-02 7.226000726222991943e-02
1.740000000000000000e+04 1.168997772037982941e-02 1.545774471014738083e-02 1.698191463947296143e-02 5.778658762574195862e-02 9.686809033155441284e-02 1.168997772037982941e-02 1.545774471014738083e-02 1.698191463947296143e-02 5.778658762574195862e-02 9.686809033155441284e-02
1.750000000000000000e+04 1.116171386092901230e-02 1.487592700868844986e-02 1.304960623383522034e-02 5.653817579150199890e-02 9.826987981796264648e-02 1.116171386092901230e-02 1.487592700868844986e-02 1.304960623383522034e-02 5.653817579150199890e-02 9.826987981796264648e-02
1.760000000000000000e+04 1.062700245529413223e-02 1.237226743251085281e-02 1.216363161802291870e-02 3.691342845559120178e-02 5.960324406623840332e-02 1.062700245529413223e-02 1.237226743251085281e-02 1.216363161802291870e-02 3.691342845559120178e-02 5.960324406623840332e-02
1.770000000000000000e+04 9.789052419364452362e-03 1.095586549490690231e-02 1.221867837011814117e-02 3.306594118475914001e-02 5.437516048550605774e-02 9.789052419364452362e-03 1.095586549490690231e-02 1.221867837011814117e-02 3.306594118475914001e-02 5.437516048550605774e-02
1.780000000000000000e+04 9.997415356338024139e-03 1.262675039470195770e-02 1.237240713089704514e-02 4.243833944201469421e-02 7.955617457628250122e-02 9.997415356338024139e-03 1.262675039470195770e-02 1.237240713089704514e-02 4.243833944201469421e-02 7.955617457628250122e-02
1.790000000000000000e+04 1.164629962295293808e-02 1.666660793125629425e-02 1.728717051446437836e-02 5.704126879572868347e-02 1.142848208546638489e-01 1.164629962295293808e-02 1.666660793125629425e-02 1.728717051446437836e-02 5.704126879572868347e-02 1.142848208546638489e-01
1.800000000000000000e+04 1.168333273380994797e-02 1.513375062495470047e-02 1.621486246585845947e-02 5.903036147356033325e-02 1.157159879803657532e-01 1.168333273380994797e-02 1.513375062495470047e-02 1.621486246585845947e-02 5.903036147356033325e-02 1.157159879803657532e-01
1.810000000000000000e+04 9.689072147011756897e-03 1.110788248479366302e-02 1.155571453273296356e-02 3.468116372823715210e-02 5.938940495252609253e-02 9.689072147011756897e-03 1.110788248479366302e-02 1.155571453273296356e-02 3.468116372823715210e-02 5.938940495252609253e-02
1.820000000000000000e+04 1.013804599642753601e-02 1.217991113662719727e-02 1.185158267617225647e-02 3.608518466353416443e-02 5.827252939343452454e-02 1.013804599642753601e-02 1.217991113662719727e-02 1.185158267617225647e-02 3.608518466353416443e-02 5.827252939343452454e-02
1.830000000000000000e+04 1.071655470877885818e-02 1.367158629000186920e-02 1.423468347638845444e-02 5.087522789835929871e-02 8.493353426456451416e-02 1.071655470877885818e-02 1.367158629000186920e-02 1.423468347638845444e-02 5.087522789835929871e-02 8.493353426456451416e-02
1.840000000000000000e+04 1.095119025558233261e-02 1.492535322904586792e-02 1.356099359691143036e-02 5.914339423179626465e-02 1.040644198656082153e-01 1.095119025558233261e-02 1.492535322904586792e-02 1.356099359691143036e-02 5.914339423179626465e-02 1.040644198656082153e-01
1.850000000000000000e+04 1.089400425553321838e-02 1.275393459945917130e-02 1.274435780942440033e-02 4.074466601014137268e-02 6.828885525465011597e-02 1.089400425553321838e-02 1.275393459945917130e-02 1.274435780942440033e-02 4.074466601014137268e-02 6.828885525465011597e-02
1.860000000000000000e+04 9.522551670670509338e-03 1.056574378162622452e-02 1.217511389404535294e-02 3.192722424864768982e-02 5.291521549224853516e-02 9.522551670670509338e-03 1.056574378162622452e-02 1.217511389404535294e-02 3.192722424864768982e-02 5.291521549224853516e-02
1.870000000000000000e+04 1.000378094613552094e-02 1.337723992764949799e-02 1.316958200186491013e-02 4.535003751516342163e-02 8.785716444253921509e-02 1.000378094613552094e-02 1.337723992764949799e-02 1.316958200186491013e-02 4.535003751516342163e-02 8.785716444253921509e-02
1.880000000000000000e+04 1.101213786751031876e-02 1.533320173621177673e-02 1.518391259014606476e-02 5.845863744616508484e-02 1.170701384544372559e-01 1.101213786751031876e-02 1.533320173621177673e-02 1.518391259014606476e-02 5.845863744616508484e-02 1.170701384544372559e-01
1.890000000000000000e+04 1.003213133662939072e-02 1.158467028290033340e-02 1.327469106763601303e-02 3.735983371734619141e-02 6.586891412734985352e-02 1.003213133662939072e-02 1.158467028290033340e-02 1.327469106763601303e-02 3.735983371734619141e-02 6.586891412734985352e-02
1.900000000000000000e+04 9.865259751677513123e-03 1.172725204378366470e-02 1.154602319002151489e-02 3.513771668076515198e-02 5.710050463676452637e-02 9.865259751677513123e-03 1.172725204378366470e-02 1.154602319002151489e-02 3.513771668076515198e-02 5.710050463676452637e-02
1.910000000000000000e+04 1.082302443683147430e-02 1.394140254706144333e-02 1.527998968958854675e-02 5.274755507707595825e-02 8.951589465141296387e-02 1.082302443683147430e-02 1.394140254706144333e-02 1.527998968958854675e-02 5.274755507707595825e-02 8.951589465141296387e-02
1.920000000000000000e+04 1.110873464494943619e-02 1.430813688784837723e-02 1.295116171240806580e-02 5.377182736992835999e-02 9.607835114002227783e-02 1.110873464494943619e-02 1.430813688784837723e-02 1.295116171240806580e-02 5.377182736992835999e-02 9.607835114002227783e-02
1.930000000000000000e+04 8.906914852559566498e-03 9.782344102859497070e-03 1.010559592396020889e-02 2.890514582395553589e-02 4.601525887846946716e-02 8.906914852559566498e-03 9.782344102859497070e-03 1.010559592396020889e-02 2.890514582395553589e-02 4.601525887846946716e-02
1.940000000000000000e+04 9.607373736798763275e-03 1.268175337463617325e-02 1.238571386784315109e-02 4.368681460618972778e-02 8.450209349393844604e-02 9.607373736798763275e-03 1.268175337463617325e-02 1.238571386784315109e-02 4.368681460618972778e-02 8.450209349393844604e-02
1.950000000000000000e+04 1.064187567681074142e-02 1.452089287340641022e-02 1.443531271070241928e-02 5.687754228711128235e-02 1.134046539664268494e-01 1.064187567681074142e-02 1.452089287340641022e-02 1.443531271070241928e-02 5.687754228711128235e-02 1.134046539664268494e-01
1.960000000000000000e+04 8.791551925241947174e-03 9.806817397475242615e-03 9.792437776923179626e-03 2.890975959599018097e-02 4.713867232203483582e-02 8.791551925241947174e-03 9.806817397475242615e-03 9.792437776923179626e-03 2.890975959599018097e-02 4.713867232203483582e-02
1.970000000000000000e+04 9.656393900513648987e-03 1.193833071738481522e-02 1.117536798119544983e-02 4.312009364366531372e-02 7.250534743070602417e-02 9.656393900513648987e-03 1.193833071738481522e-02 1.117536798119544983e-02 4.312009364366531372e-02 7.250534743070602417e-02
1.980000000000000000e+04 1.045855041593313217e-02 1.408771052956581116e-02 1.268272195011377335e-02 5.689719319343566895e-02 1.018205583095550537e-01 1.045855041593313217e-02 1.408771052956581116e-02 1.268272195011377335e-02 5.689719319343566895e-02 1.018205583095550537e-01
1.990000000000000000e+04 8.898065425455570221e-03 9.785601869225502014e-03 9.362938813865184784e-03 2.919613569974899292e-02 4.639156907796859741e-02 8.898065425455570221e-03 9.785601869225502014e-03 9.362938813865184784e-03 2.919613569974899292e-02 4.639156907796859741e-02
2.000000000000000000e+04 9.308462031185626984e-03 1.213933154940605164e-02 1.181581988930702209e-02 4.219708219170570374e-02 8.138005435466766357e-02 9.308462031185626984e-03 1.213933154940605164e-02 1.181581988930702209e-02 4.219708219170570374e-02 8.138005435466766357e-02
2.000000000000000000e+04 9.308462031185626984e-03 1.213933154940605164e-02 1.181581988930702209e-02 4.219708219170570374e-02 8.138005435466766357e-02 9.308462031185626984e-03 1.213933154940605164e-02 1.181581988930702209e-02 4.219708219170570374e-02 8.138005435466766357e-02
2.010000000000000000e+04 8.380618877708911896e-03 9.166034869849681854e-03 8.882522583007812500e-03 2.775491029024124146e-02 4.420601949095726013e-02 8.380618877708911896e-03 9.166034869849681854e-03 8.882522583007812500e-03 2.775491029024124146e-02 4.420601949095726013e-02
2.020000000000000000e+04 8.414234966039657593e-03 9.220313280820846558e-03 8.739809505641460419e-03 2.745636925101280212e-02 4.347051680088043213e-02 8.414234966039657593e-03 9.220313280820846558e-03 8.739809505641460419e-03 2.745636925101280212e-02 4.347051680088043213e-02
2.030000000000000000e+04 8.441244252026081085e-03 9.273268282413482666e-03 8.742219768464565277e-03 2.724609337747097015e-02 4.296811297535896301e-02 8.441244252026081085e-03 9.273268282413482666e-03 8.742219768464565277e-03 2.724609337747097015e-02 4.296811297535896301e-02
2.040000000000000000e+04 8.454537950456142426e-03 9.308751672506332397e-03 8.757564239203929901e-03 2.706809528172016144e-02 4.257744550704956055e-02 8.454537950456142426e-03 9.308751672506332397e-03 8.757564239203929901e-03 2.706809528172016144e-02 4.257744550704956055e-02
2.050000000000000000e+04 8.463894948363304138e-03 9.333641268312931061e-03 8.773088455200195312e-03 2.690467983484268188e-02 4.224464297294616699e-02 8.463894948363304138e-03 9.333641268312931061e-03 8.773088455200195312e-03 2.690467983484268188e-02 4.224464297294616699e-02
2.060000000000000000e+04 8.471345528960227966e-03 9.352525696158409119e-03 8.784024976193904877e-03 2.674664929509162903e-02 4.194612428545951843e-02 8.471345528960227966e-03 9.352525696158409119e-03 8.784024976193904877e-03 2.674664929509162903e-02 4.194612428545951843e-02
2.070000000000000000e+04 8.476588875055313110e-03 9.367664344608783722e-03 8.788232691586017609e-03 2.659129723906517029e-02 4.166875407099723816e-02 8.476588875055313110e-03 9.367664344608783722e-03 8.788232691586017609e-03 2.659129723906517029e-02 4.166875407099723816e-02
2.080000000000000000e+04 8.478952571749687195e-03 9.379488416016101837e-03 8.786111138761043549e-03 2.643603459000587463e-02 4.140657559037208557e-02 8.478952571749687195e-03 9.379488416016101837e-03 8.786111138761043549e-03 2.643603459000587463e-02 4.140657559037208557e-02
2.090000000000000000e+04 8.478508330881595612e-03 9.387952275574207306e-03 8.778276853263378143e-03 2.628121338784694672e-02 4.115290194749832153e-02 8.478508330881595612e-03 9.387952275574207306e-03 8.778276853263378143e-03 2.628121338784694672e-02 4.115290194749832153e-02
2.100000000000000000e+04 8.475312031805515289e-03 9.392629377543926239e-03 8.765314705669879913e-03 2.612615376710891724e-02 4.090529307723045349e-02 8.475312031805515289e-03 9.392629377543926239e-03 8.765314705669879913e-03 2.612615376710891724e-02 4.090529307723045349e-02
2.110000000000000000e+04 8.469489403069019318e-03 9.393010288476943970e-03 8.747955784201622009e-03 2.597053162753582001e-02 4.066139832139015198e-02 8.469489403069019318e-03 9.393010288476943970e-03 8.747955784201622009e-03 2.597053162753582001e-02 4.066139832139015198e-02
2.120000000000000000e+04 8.461372926831245422e-03 9.389259852468967438e-03 8.726409636437892914e-03 2.581411600112915039e-02 4.041929170489311218e-02 8.461372926831245422e-03 9.389259852468967438e-03 8.726409636437892914e-03 2.581411600112915039e-02 4.041929170489311218e-02
2.130000000000000000e+04 8.451116271317005157e-03 9.380910545587539673e-03 8.701053448021411896e-03 2.565645053982734680e-02 4.017739742994308472e-02 8.451116271317005157e-03 9.380910545587539673e-03 8.701053448021411896e-03 2.565645053982734680e-02 4.017739742994308472e-02
2.140000000000000000e+04 8.467791602015495300e-03 9.396894834935665131e-03 8.664428256452083588e-03 2.562427707016468048e-02 3.995803743600845337e-02 8.467791602015495300e-03 9.396894834935665131e-03 8.664428256452083588e-03 2.562427707016468048e-02 3.995803743600845337e-02
2.150000000000000000e+04 8.413881994783878326e-03 9.322036057710647583e-03 8.621076121926307678e-03 2.537812851369380951e-02 3.977344930171966553e-02 8.413881994783878326e-03 9.322036057710647583e-03 8.621076121926307678e-03 2.537812851369380951e-02 3.977344930171966553e-02
2.160000000000000000e+04 8.473014459013938904e-03 9.402314200997352600e-03 8.625712245702743530e-03 2.559964917600154877e-02 3.980174288153648376e-02 8.473014459013938904e-03 9.402314200997352600e-03 8.625712245702743530e-03 2.559964917600154877e-02 3.980174288153648376e-02
2.170000000000000000e+04 8.380689658224582672e-03 9.273665025830268860e-03 8.558237925171852112e-03 2.508544921875000000e-02 3.933724015951156616e-02 8.380689658224582672e-03 9.273665025830268860e-03 8.558237925171852112e-03 2.508544921875000000e-02 3.933724015951156616e-02
2.180000000000000000e+04 8.319780230522155762e-03 9.239944629371166229e-03 8.545596152544021606e-03 2.496506646275520325e-02 3.955803811550140381e-02 8.319780230522155762e-03 9.239944629371166229e-03 8.545596152544021606e-03 2.496506646275520325e-02 3.955803811550140381e-02
2.190000000000000000e+04 8.576784282922744751e-03 1.073365192860364914e-02 1.008055824786424637e-02 2.889194712042808533e-02 5.036117509007453918e-02 8.576784282922744751e-03 1.073365192860364914e-02 1.008055824786424637e-02 2.889194712042808533e-02 5.036117509007453918e-02
2.200000000000000000e+04 8.298138156533241272e-03 9.204511530697345734e-03 8.493124507367610931e-03 2.463412657380104065e-02 3.899443149566650391e-02 8.298138156533241272e-03 9.204511530697345734e-03 8.493124507367610931e-03 2.463412657380104065e-02 3.899443149566650391e-02
2.210000000000000000e+04 8.403890766203403473e-03 9.281719103455543518e-03 8.494274690747261047e-03 2.512752637267112732e-02 3.906217589974403381e-02 8.403890766203403473e-03 9.281719103455543518e-03 8.494274690747261047e-03 2.512752637267112732e-02 3.906217589974403381e-02
2.220000000000000000e+04 8.484679274260997772e-03 1.055566035211086273e-02 9.930851869285106659e-03 2.817710116505622864e-02 4.899393022060394287e-02 8.484679274260997772e-03 1.055566035211086273e-02 9.930851869285106659e-03 2.817710116505622864e-02 4.899393022060394287e-02
2.230000000000000000e+04 8.362034335732460022e-03 9.191825054585933685e-03 8.426650427281856537e-03 2.490307204425334930e-02 3.879897296428680420e-02 8.362034335732460022e-03 9.191825054585933685e-03 8.426650427281856537e-03 2.490307204425334930e-02 3.879897296428680420e-02
2.240000000000000000e+04 8.544977754354476929e-03 1.093472912907600403e-02 1.034404244273900986e-02 2.924927137792110443e-02 5.171050131320953369e-02 8.544977754354476929e-03 1.093472912907600403e-02 1.034404244273900986e-02 2.924927137792110443e-02 5.171050131320953369e-02
2.250000000000000000e+04 8.168058469891548157e-03 9.160622023046016693e-03 8.471092209219932556e-03 2.417373657226562500e-02 3.917992487549781799e-02 8.168058469891548157e-03 9.160622023046016693e-03 8.471092209219932556e-03 2.417373657226562500e-02 3.917992487549781799e-02
2.260000000000000000e+04 8.287127129733562469e-03 9.065398015081882477e-03 8.297899737954139709e-03 2.453215047717094421e-02 3.831890225410461426e-02 8.287127129733562469e-03 9.065398015081882477e-03 8.297899737954139709e-03 2.453215047717094421e-02 3.831890225410461426e-02
2.270000000000000000e+04 8.114621043205261230e-03 9.014663286507129669e-03 8.351219817996025085e-03 2.388539537787437439e-02 3.849343210458755493e-02 8.114621043205261230e-03 9.014663286507129669e-03 8.351219817996025085e-03 2.388539537787437439e-02 3.849343210458755493e-02
2.280000000000000000e+04 8.166261948645114899e-03 8.823487907648086548e-03 8.172300644218921661e-03 2.375725656747817993e-02 3.719586506485939026e-02 8.166261948645114899e-03 8.823487907648086548e-03 8.172300644218921661e-03 2.375725656747817993e-02 3.719586506485939026e-02
2.290000000000000000e+04 8.198568597435951233e-03 8.867497555911540985e-03 8.214441128075122833e-03 2.390176989138126373e-02 3.728752955794334412e-02 8.198568597435951233e-03 8.867497555911540985e-03 8.214441128075122833e-03 2.390176989138126373e-02 3.728752955794334412e-02
2.300000000000000000e+04 8.147046901285648346e-03 8.784939534962177277e-03 8.083133958280086517e-03 2.363079413771629333e-02 3.703602775931358337e-02 8.147046901285648346e-03 8.784939534962177277e-03 8.083133958280086517e-03 2.363079413771629333e-02 3.703602775931358337e-02
2.310000000000000000e+04 8.105700835585594177e-03 9.163710288703441620e-03 8.967454545199871063e-03 2.429590933024883270e-02 3.982965648174285889e-02 8.105700835585594177e-03 9.163710288703441620e-03 8.967454545199871063e-03 2.429590933024883270e-02 3.982965648174285889e-02
2.320000000000000000e+04 8.242111653089523315e-03 8.997291326522827148e-03 8.240972645580768585e-03 2.419755980372428894e-02 3.788633272051811218e-02 8.242111653089523315e-03 8.997291326522827148e-03 8.240972645580768585e-03 2.419755980372428894e-02 3.788633272051811218e-02
2.330000000000000000e+04 7.965784519910812378e-03 8.932241238653659821e-03 8.443143218755722046e-03 2.361310459673404694e-02 3.874504193663597107e-02 7.965784519910812378e-03 8.932241238653659821e-03 8.443143218755722046e-03 2.361310459673404694e-02 3.874504193663597107e-02
2.340000000000000000e+04 8.163963444530963898e-03 8.821400813758373260e-03 8.123358711600303650e-03 2.371379919350147247e-02 3.715418279170989990e-02 8.163963444530963898e-03 8.821400813758373260e-03 8.123358711600303650e-03 2.371379919350147247e-02 3.715418279170989990e-02
2.350000000000000000e+04 7.955106906592845917e-03 8.404714055359363556e-03 7.965407334268093109e-03 2.268464304506778717e-02 3.588986024260520935e-02 7.955106906592845917e-03 8.404714055359363556e-03 7.965407334268093109e-03 2.268464304506778717e-02 3.588986024260520935e-02
2.360000000000000000e+04 7.927951402962207794e-03 8.410316891968250275e-03 7.906578481197357178e-03 2.254904992878437042e-02 3.563075512647628784e-02 7.927951402962207794e-03 8.410316891968250275e-03 7.906578481197357178e-03 2.254904992878437042e-02 3.563075512647628784e-02
2.370000000000000000e+04 7.884491235017776489e-03 8.401197381317615509e-03 7.840593345463275909e-03 2.235141210258007050e-02 3.565274924039840698e-02 7.884491235017776489e-03 8.401197381317615509e-03 7.840593345463275909e-03 2.235141210258007050e-02 3.565274924039840698e-02
2.380000000000000000e+04 7.919120602309703827e-03 8.334199897944927216e-03 7.776109501719474792e-03 2.235454507172107697e-02 3.539698570966720581e-02 7.919120602309703827e-03 8.334199897944927216e-03 7.776109501719474792e-03 2.235454507172107697e-02 3.539698570966720581e-02
2.390000000000000000e+04 7.829341106116771698e-03 8.262729272246360779e-03 7.819367572665214539e-03 2.216299064457416534e-02 3.526242822408676147e-02 7.829341106116771698e-03 8.262729272246360779e-03 7.819367572665214539e-03 2.216299064457416534e-02 3.526242822408676147e-02
2.400000000000000000e+04 7.908624596893787384e-03 8.309710770845413208e-03 7.750570774078369141e-03 2.234932407736778259e-02 3.525520861148834229e-02 7.908624596893787384e-03 8.309710770845413208e-03 7.750570774078369141e-03 2.234932407736778259e-02 3.525520861148834229e-02
2.410000000000000000e+04 7.899830117821693420e-03 8.288354612886905670e-03 7.720215711742639542e-03 2.214676328003406525e-02 3.503187745809555054e-02 7.899830117821693420e-03 8.288354612886905670e-03 7.720215711742639542e-03 2.214676328003406525e-02 3.503187745809555054e-02
2.420000000000000000e+04 8.160775527358055115e-03 8.904511108994483948e-03 8.302228525280952454e-03 2.411229908466339111e-02 3.830960020422935486e-02 8.160775527358055115e-03 8.904511108994483948e-03 8.302228525280952454e-03 2.411229908466339111e-02 3.830960020422935486e-02
2.430000000000000000e+04 8.048568852245807648e-03 8.627203293144702911e-03 8.154451847076416016e-03 2.341134846210479736e-02 3.695652633905410767e-02 8.048568852245807648e-03 8.627203293144702911e-03 8.154451847076416016e-03 2.341134846210479736e-02 3.695652633905410767e-02
2.440000000000000000e+04 7.846128195524215698e-03 8.175706490874290466e-03 7.765090558677911758e-03 2.213199809193611145e-02 3.488016873598098755e-02 7.846128195524215698e-03 8.175706490874290466e-03 7.765090558677911758e-03 2.213199809193611145e-02 3.488016873598098755e-02
2.450000000000000000e+04 7.720522116869688034e-03 7.982688024640083313e-03 7.690588943660259247e-03 2.153479494154453278e-02 3.413395211100578308e-02 7.720522116869688034e-03 7.982688024640083313e-03 7.690588943660259247e-03 2.153479494154453278e-02 3.413395211100578308e-02
2.460000000000000000e+04 7.844012230634689331e-03 8.177158422768115997e-03 7.686756085604429245e-03 2.196930721402168274e-02 3.471871837973594666e-02 7.844012230634689331e-03 8.177158422768115997e-03 7.686756085604429245e-03 2.196930721402168274e-02 3.471871837973594666e-02
2.470000000000000000e+04 7.823034189641475677e-03 8.122427389025688171e-03 7.646826561540365219e-03 2.185645513236522675e-02 3.461384400725364685e-02 7.823034189641475677e-03 8.122427389025688171e-03 7.646826561540365219e-03 2.185645513236522675e-02 3.461384400725364685e-02
2.480000000000000000e+04 7.590479683130979538e-03 7.925845682621002197e-03 7.680255919694900513e-03 2.129307016730308533e-02 3.427538648247718811e-02 7.590479683130979538e-03 7.925845682621002197e-03 7.680255919694900513e-03 2.129307016730308533e-02 3.427538648247718811e-02
2.490000000000000000e+04 7.713127881288528442e-03 7.955806329846382141e-03 7.519812788814306259e-03 2.131995745003223419e-02 3.380141407251358032e-02 7.713127881288528442e-03 7.955806329846382141e-03 7.519812788814306259e-03 2.131995745003223419e-02 3.380141407251358032e-02
2.500000000000000000e+04 7.602410390973091125e-03 7.803861517459154129e-03 7.435616105794906616e-03 2.094694785773754120e-02 3.338292241096496582e-02 7.602410390973091125e-03 7.803861517459154129e-03 7.435616105794906616e-03 2.094694785773754120e-02 3.338292241096496582e-02
2.510000000000000000e+04 7.862376980483531952e-03 8.291051723062992096e-03 7.827519439160823822e-03 2.221767790615558624e-02 3.525742515921592712e-02 7.862376980483531952e-03 8.291051723062992096e-03 7.827519439160823822e-03 2.221767790615558624e-02 3.525742515921592712e-02
2.520000000000000000e+04 7.958230562508106232e-03 8.578880690038204193e-03 8.081978186964988708e-03 2.285068854689598083e-02 3.640393167734146118e-02 7.958230562508106232e-03 8.578880690038204193e-03 8.081978186964988708e-03 2.285068854689598083e-02 3.640393167734146118e-02
2.530000000000000000e+04 7.530101574957370758e-03 8.538215421140193939e-03 8.237239904701709747e-03 2.218025550246238708e-02 3.757125511765480042e-02 7.530101574957370758e-03 8.538215421140193939e-03 8.237239904701709747e-03 2.218025550246238708e-02 3.757125511765480042e-02
2.540000000000000000e+04 7.594234775751829147e-03 7.693329360336065292e-03 7.372485473752021790e-03 2.081497572362422943e-02 3.317437320947647095e-02 7.594234775751829147e-03 7.693329360336065292e-03 7.372485473752021790e-03 2.081497572362422943e-02 3.317437320947647095e-02
2.550000000000000000e+04 7.420986890792846680e-03 7.827223278582096100e-03 7.536111865192651749e-03 2.075074613094329834e-02 3.413227200508117676e-02 7.420986890792846680e-03 7.827223278582096100e-03 7.536111865192651749e-03 2.075074613094329834e-02 3.413227200508117676e-02
2.560000000000000000e+04 7.379555609077215195e-03 7.811423391103744507e-03 7.549072615802288055e-03 2.076221816241741180e-02 3.407833352684974670e-02 7.379555609077215195e-03 7.811423391103744507e-03 7.549072615802288055e-03 2.076221816241741180e-02 3.407833352684974670e-02
2.570000000000000000e+04 7.369739934802055359e-03 7.739154621958732605e-03 7.479586638510227203e-03 2.055686526000499725e-02 3.368079289793968201e-02 7.369739934802055359e-03 7.739154621958732605e-03 7.479586638510227203e-03 2.055686526000499725e-02 3.368079289793968201e-02
2.580000000000000000e+04 7.343212142586708069e-03 7.565401960164308548e-03 7.358824834227561951e-03 2.030537277460098267e-02 3.293083235621452332e-02 7.343212142586708069e-03 7.565401960164308548e-03 7.358824834227561951e-03 2.030537277460098267e-02 3.293083235621452332e-02
2.590000000000000000e+04 7.429180201143026352e-03 7.488645147532224655e-03 7.196810096502304077e-03 2.017045952379703522e-02 3.221216797828674316e-02 7.429180201143026352e-03 7.488645147532224655e-03 7.196810096502304077e-03 2.017045952379703522e-02 3.221216797828674316e-02
2.600000000000000000e+04 7.850243709981441498e-03 8.414754644036293030e-03 8.139665238559246063e-03 2.261423878371715546e-02 3.621597960591316223e-02 7.850243709981441498e-03 8.414754644036293030e-03 8.139665238559246063e-03 2.261423878371715546e-02 3.621597960591316223e-02
2.610000000000000000e+04 7.591250352561473846e-03 7.772888056933879852e-03 7.475247606635093689e-03 2.084822393953800201e-02 3.327846154570579529e-02 7.591250352561473846e-03 7.772888056933879852e-03 7.475247606635093689e-03 2.084822393953800201e-02 3.327846154570579529e-02
2.620000000000000000e+04 7.275380659848451614e-03 7.340875919908285141e-03 7.157956250011920929e-03 1.984658092260360718e-02 3.192585334181785583e-02 7.275380659848451614e-03 7.340875919908285141e-03 7.157956250011920929e-03 1.984658092260360718e-02 3.192585334181785583e-02
2.630000000000000000e+04 7.267669308930635452e-03 7.354274857789278030e-03 7.110319100320339203e-03 1.970966346561908722e-02 3.184006735682487488e-02 7.267669308930635452e-03 7.354274857789278030e-03 7.110319100320339203e-03 1.970966346561908722e-02 3.184006735682487488e-02
2.640000000000000000e+04 7.513183169066905975e-03 7.671130821108818054e-03 7.480397354811429977e-03 2.076585404574871063e-02 3.300867229700088501e-02 7.513183169066905975e-03 7.671130821108818054e-03 7.480397354811429977e-03 2.076585404574871063e-02 3.300867229700088501e-02
2.650000000000000000e+04 7.719698362052440643e-03 8.285134099423885345e-03 8.019154891371726990e-03 2.201594412326812744e-02 3.528709337115287781e-02 7.719698362052440643e-03 8.285134099423885345e-03 8.019154891371726990e-03 2.201594412326812744e-02 3.528709337115287781e-02
2.660000000000000000e+04 7.151548285037279129e-03 7.548575289547443390e-03 7.400284521281719208e-03 2.007270790636539459e-02 3.315996006131172180e-02 7.151548285037279129e-03 7.548575289547443390e-03 7.400284521281719208e-03 2.007270790636539459e-02 3.315996006131172180e-02
2.670000000000000000e+04 7.267738692462444305e-03 7.239778526127338409e-03 7.033393252640962601e-03 1.955684274435043335e-02 3.127295151352882385e-02 7.267738692462444305e-03 7.239778526127338409e-03 7.033393252640962601e-03 1.955684274435043335e-02 3.127295151352882385e-02
2.680000000000000000e+04 7.701899856328964233e-03 8.261944167315959930e-03 7.979230023920536041e-03 2.193463779985904694e-02 3.535244241356849670e-02 7.701899856328964233e-03 8.261944167315959930e-03 7.979230023920536041e-03 2.193463779985904694e-02 3.535244241356849670e-02
2.690000000000000000e+04 7.243895437568426132e-03 7.209122646600008011e-03 7.022564299404621124e-03 1.954354345798492432e-02 3.119087405502796173e-02 7.243895437568426132e-03 7.209122646600008011e-03 7.022564299404621124e-03 1.954354345798492432e-02 3.119087405502796173e-02
2.700000000000000000e+04 7.088038139045238495e-03 7.071096450090408325e-03 7.014300674200057983e-03 1.923198625445365906e-02 3.091533109545707703e-02 7.088038139045238495e-03 7.071096450090408325e-03 7.014300674200057983e-03 1.923198625445365906e-02 3.091533109545707703e-02
2.710000000000000000e+04 7.446073461323976517e-03 7.686427328735589981e-03 7.559499703347682953e-03 2.075685188174247742e-02 3.312418982386589050e-02 7.446073461323976517e-03 7.686427328735589981e-03 7.559499703347682953e-03 2.075685188174247742e-02 3.312418982386589050e-02
2.720000000000000000e+04 7.133489940315485001e-03 7.032451685518026352e-03 6.953594740480184555e-03 1.926490478217601776e-02 3.067201375961303711e-02 7.133489940315485001e-03 7.032451685518026352e-03 6.953594740480184555e-03 1.926490478217601776e-02 3.067201375961303711e-02
2.730000000000000000e+04 7.223303895443677902e-03 7.183284964412450790e-03 7.218924351036548615e-03 1.963249221444129944e-02 3.110262937843799591e-02 7.223303895443677902e-03 7.183284964412450790e-03 7.218924351036548615e-03 1.963249221444129944e-02 3.110262937843799591e-02
2.740000000000000000e+04 6.963590160012245178e-03 7.244254928082227707e-03 7.195575628429651260e-03 1.948091201484203339e-02 3.214633837342262268e-02 6.963590160012245178e-03 7.244254928082227707e-03 7.195575628429651260e-03 1.948091201484203339e-02 3.214633837342262268e-02
2.750000000000000000e+04 6.962844636291265488e-03 6.940211169421672821e-03 6.933494936674833298e-03 1.892224699258804321e-02 3.047545626759529114e-02 6.962844636291265488e-03 6.940211169421672821e-03 6.933494936674833298e-03 1.892224699258804321e-02 3.047545626759529114e-02
2.760000000000000000e+04 6.924669723957777023e-03 7.296330761164426804e-03 7.219549268484115601e-03 1.947558671236038208e-02 3.225422278046607971e-02 6.924669723957777023e-03 7.296330761164426804e-03 7.219549268484115601e-03 1.947558671236038208e-02 3.225422278046607971e-02
2.770000000000000000e+04 6.896485108882188797e-03 7.135242689400911331e-03 7.075202651321887970e-03 1.918162219226360321e-02 3.152711316943168640e-02 6.896485108882188797e-03 7.135242689400911331e-03 7.075202651321887970e-03 1.918162219226360321e-02 3.152711316943168640e-02
2.780000000000000000e+04 6.892027799040079117e-03 7.358061149716377258e-03 7.289652712643146515e-03 1.955478265881538391e-02 3.254360333085060120e-02 6.892027799040079117e-03 7.358061149716377258e-03 7.289652712643146515e-03 1.955478265881538391e-02 3.254360333085060120e-02
2.790000000000000000e+04 6.908791139721870422e-03 6.782518699765205383e-03 6.709121633321046829e-03 1.858642883598804474e-02 2.976697497069835663e-02 6.908791139721870422e-03 6.782518699765205383e-03 6.709121633321046829e-03 1.858642883598804474e-02 2.976697497069835663e-02
2.800000000000000000e+04 7.084906101226806641e-03 7.057781796902418137e-03 6.967939902096986771e-03 1.921655982732772827e-02 3.059090487658977509e-02 7.084906101226806641e-03 7.057781796902418137e-03 6.967939902096986771e-03 1.921655982732772827e-02 3.059090487658977509e-02
2.810000000000000000e+04 6.821619812399148941e-03 6.751963868737220764e-03 6.808598060160875320e-03 1.857599802315235138e-02 2.980762906372547150e-02 6.821619812399148941e-03 6.751963868737220764e-03 6.808598060160875320e-03 1.857599802315235138e-02 2.980762906372547150e-02
2.820000000000000000e+04 6.909936200827360153e-03 6.764525081962347031e-03 6.683283485472202301e-03 1.852490752935409546e-02 2.954090759158134460e-02 6.909936200827360153e-03 6.764525081962347031e-03 6.683283485472202301e-03 1.852490752935409546e-02 2.954090759158134460e-02
2.830000000000000000e+04 7.298882119357585907e-03 7.692145649343729019e-03 7.667714264243841171e-03 2.065242826938629150e-02 3.318693488836288452e-02 7.298882119357585907e-03 7.692145649343729019e-03 7.667714264243841171e-03 2.065242826938629150e-02 3.318693488836288452e-02
2.840000000000000000e+04 6.970262154936790466e-03 6.898313760757446289e-03 6.821783725172281265e-03 1.882923580706119537e-02 2.998650446534156799e-02 6.970262154936790466e-03 6.898313760757446289e-03 6.821783725172281265e-03 1.882923580706119537e-02 2.998650446534156799e-02
2.850000000000000000e+04 6.963284686207771301e-03 6.884130183607339859e-03 6.880890112370252609e-03 1.893038116395473480e-02 3.006360493600368500e-02 6.963284686207771301e-03 6.884130183607339859e-03 6.880890112370252609e-03 1.893038116395473480e-02 3.006360493600368500e-02
2.860000000000000000e+04 6.716483738273382187e-03 6.622655782848596573e-03 6.605952978134155273e-03 1.820402219891548157e-02 2.921725809574127197e-02 6.716483738273382187e-03 6.622655782848596573e-03 6.605952978134155273e-03 1.820402219891548157e-02 2.921725809574127197e-02
2.870000000000000000e+04 6.936013698577880859e-03 6.844770163297653198e-03 6.843931507319211960e-03 1.889786496758460999e-02 3.004542924463748932e-02 6.936013698577880859e-03 6.844770163297653198e-03 6.843931507319211960e-03 1.889786496758460999e-02 3.004542924463748932e-02
2.880000000000000000e+04 6.664620712399482727e-03 6.592686753720045090e-03 6.562207359820604324e-03 1.810267195105552673e-02 2.916270308196544647e-02 6.664620712399482727e-03 6.592686753720045090e-03 6.562207359820604324e-03 1.810267195105552673e-02 2.916270308196544647e-02
2.890000000000000000e+04 6.684711668640375137e-03 6.523623596876859665e-03 6.490079220384359360e-03 1.798636093735694885e-02 2.869878709316253662e-02 6.684711668640375137e-03 6.523623596876859665e-03 6.490079220384359360e-03 1.798636093735694885e-02 2.869878709316253662e-02
2.900000000000000000e+04 6.689528003334999084e-03 6.504206452518701553e-03 6.469916086643934250e-03 1.797885820269584656e-02 2.859888039529323578e-02 6.689528003334999084e-03 6.504206452518701553e-03 6.469916086643934250e-03 1.797885820269584656e-02 2.859888039529323578e-02
2.910000000000000000e+04 6.630533840507268906e-03 7.148289587348699570e-03 7.167962379753589630e-03 1.906524784862995148e-02 3.173660486936569214e-02 6.630533840507268906e-03 7.148289587348699570e-03 7.167962379753589630e-03 1.906524784862995148e-02 3.173660486936569214e-02
2.920000000000000000e+04 6.693630944937467575e-03 7.675521541386842728e-03 7.716612424701452255e-03 2.002625726163387299e-02 3.402972966432571411e-02 6.693630944937467575e-03 7.675521541386842728e-03 7.716612424701452255e-03 2.002625726163387299e-02 3.402972966432571411e-02
2.930000000000000000e+04 6.571992766112089157e-03 6.535320077091455460e-03 6.726102903485298157e-03 1.803375035524368286e-02 2.891720458865165710e-02 6.571992766112089157e-03 6.535320077091455460e-03 6.726102903485298157e-03 1.803375035524368286e-02 2.891720458865165710e-02
2.940000000000000000e+04 6.531944964081048965e-03 6.626361049711704254e-03 6.620807107537984848e-03 1.808584667742252350e-02 2.938264049589633942e-02 6.531944964081048965e-03 6.626361049711704254e-03 6.620807107537984848e-03 1.808584667742252350e-02 2.938264049589633942e-02
2.950000000000000000e+04 6.649442948400974274e-03 6.466682069003582001e-03 6.456197705119848251e-03 1.790758222341537476e-02 2.834904007613658905e-02 6.649442948400974274e-03 6.466682069003582001e-03 6.456197705119848251e-03 1.790758222341537476e-02 2.834904007613658905e-02
2.960000000000000000e+04 6.726238876581192017e-03 6.627185270190238953e-03 6.617393344640731812e-03 1.826206967234611511e-02 2.893469668924808502e-02 6.726238876581192017e-03 6.627185270190238953e-03 6.617393344640731812e-03 1.826206967234611511e-02 2.893469668924808502e-02
2.970000000000000000e+04 6.683924235403537750e-03 6.575796753168106079e-03 6.542938761413097382e-03 1.807730458676815033e-02 2.861484512686729431e-02 6.683924235403537750e-03 6.575796753168106079e-03 6.542938761413097382e-03 1.807730458676815033e-02 2.861484512686729431e-02
2.980000000000000000e+04 6.445655133575201035e-03 6.571052130311727524e-03 6.546746008098125458e-03 1.794070936739444733e-02 2.911507338285446167e-02 6.445655133575201035e-03 6.571052130311727524e-03 6.546746008098125458e-03 1.794070936739444733e-02 2.911507338285446167e-02
2.990000000000000000e+04 6.463397759944200516e-03 6.309705786406993866e-03 6.263103336095809937e-03 1.745810732245445251e-02 2.788392081856727600e-02 6.463397759944200516e-03 6.309705786406993866e-03 6.263103336095809937e-03 1.745810732245445251e-02 2.788392081856727600e-02
3.000000000000000000e+04 6.422095932066440582e-03 6.653998047113418579e-03 6.647145375609397888e-03 1.807782053947448730e-02 2.957934513688087463e-02 6.422095932066440582e-03 6.653998047113418579e-03 6.647145375609397888e-03 1.807782053947448730e-02 2.957934513688087463e-02
