# step, loss_train, loss_test, metrics_test
0.000000000000000000e+00 2.709203585982322693e-02 1.744750142097473145e+00 1.389077425003051758e+00 2.539204433560371399e-03 7.812913656234741211e-01 2.526006847620010376e-02 1.744750142097473145e+00 1.389077425003051758e+00 2.539204433560371399e-03 7.812913656234741211e-01
1.000000000000000000e+03 5.441470537334680557e-03 1.214729901403188705e-02 6.339821964502334595e-03 3.512766957283020020e-02 2.916189283132553101e-02 4.301333799958229065e-03 1.214729901403188705e-02 6.339821964502334595e-03 3.512766957283020020e-02 2.916189283132553101e-02
2.000000000000000000e+03 3.283847589045763016e-03 7.469055708497762680e-03 6.065970752388238907e-03 2.393301203846931458e-02 3.077329322695732117e-02 2.172974869608879089e-03 7.469055708497762680e-03 6.065970752388238907e-03 2.393301203846931458e-02 3.077329322695732117e-02
3.000000000000000000e+03 2.251960802823305130e-03 3.721168497577309608e-03 3.606133628636598587e-03 3.975523635745048523e-03 2.007997967302799225e-02 2.068843692541122437e-03 3.721168497577309608e-03 3.606133628636598587e-03 3.975523635745048523e-03 2.007997967302799225e-02
4.000000000000000000e+03 1.880114781670272350e-03 1.618256792426109314e-03 2.277772407978773117e-03 3.153354628011584282e-03 1.421402208507061005e-02 1.743738306686282158e-03 1.618256792426109314e-03 2.277772407978773117e-03 3.153354628011584282e-03 1.421402208507061005e-02
5.000000000000000000e+03 1.143270172178745270e-03 7.152811158448457718e-04 8.659649756737053394e-04 1.612238469533622265e-03 1.119333226233720779e-02 1.050896360538899899e-03 7.152811158448457718e-04 8.659649756737053394e-04 1.612238469533622265e-03 1.119333226233720779e-02
6.000000000000000000e+03 6.005315110087394714e-03 5.401314701884984970e-04 5.037062219344079494e-04 1.057144021615386009e-03 1.063532847911119461e-02 6.163111887872219086e-03 5.401314701884984970e-04 5.037062219344079494e-04 1.057144021615386009e-03 1.063532847911119461e-02
7.000000000000000000e+03 1.759638660587370396e-03 4.180525138508528471e-04 4.688499320764094591e-04 8.782870718277990818e-04 1.027898304164409637e-02 1.884168479591608047e-03 4.180525138508528471e-04 4.688499320764094591e-04 8.782870718277990818e-04 1.027898304164409637e-02
8.000000000000000000e+03 1.140472944825887680e-02 3.825056191999465227e-04 4.693914670497179031e-04 1.071001403033733368e-03 9.965708479285240173e-03 1.072648633271455765e-02 3.825056191999465227e-04 4.693914670497179031e-04 1.071001403033733368e-03 9.965708479285240173e-03
9.000000000000000000e+03 1.174681237898766994e-03 3.517853619996458292e-04 4.322082677390426397e-04 7.384268683381378651e-04 1.009843032807111740e-02 1.245954888872802258e-03 3.517853619996458292e-04 4.322082677390426397e-04 7.384268683381378651e-04 1.009843032807111740e-02
1.000000000000000000e+04 3.364966833032667637e-04 3.538786841090768576e-04 4.150072927586734295e-04 7.371604442596435547e-04 9.978006593883037567e-03 3.779375983867794275e-04 3.538786841090768576e-04 4.150072927586734295e-04 7.371604442596435547e-04 9.978006593883037567e-03
1.100000000000000000e+04 2.912760828621685505e-04 3.453574026934802532e-04 3.982273919973522425e-04 7.073688902892172337e-04 9.956556372344493866e-03 3.239212383050471544e-04 3.453574026934802532e-04 3.982273919973522425e-04 7.073688902892172337e-04 9.956556372344493866e-03
1.200000000000000000e+04 2.724716614466160536e-04 3.407356562092900276e-04 3.814058145508170128e-04 6.872668163850903511e-04 9.932414628565311432e-03 2.870188909582793713e-04 3.407356562092900276e-04 3.814058145508170128e-04 6.872668163850903511e-04 9.932414628565311432e-03
1.300000000000000000e+04 6.840719142928719521e-04 3.413079539313912392e-04 3.672299499157816172e-04 6.881155422888696194e-04 9.885390289127826691e-03 6.127404049038887024e-04 3.413079539313912392e-04 3.672299499157816172e-04 6.881155422888696194e-04 9.885390289127826691e-03
1.400000000000000000e+04 3.987231175415217876e-04 3.549763350747525692e-04 3.538189339451491833e-04 6.243743118830025196e-04 9.881286881864070892e-03 4.460955387912690639e-04 3.549763350747525692e-04 3.538189339451491833e-04 6.243743118830025196e-04 9.881286881864070892e-03
1.500000000000000000e+04 4.348784277681261301e-04 3.283686237409710884e-04 3.373215731699019670e-04 6.576619343832135201e-04 9.883401915431022644e-03 3.838067641481757164e-04 3.283686237409710884e-04 3.373215731699019670e-04 6.576619343832135201e-04 9.883401915431022644e-03
1.600000000000000000e+04 1.026644371449947357e-03 3.198240010533481836e-04 3.365871962159872055e-04 5.931732594035565853e-04 9.908454492688179016e-03 8.921733824536204338e-04 3.198240010533481836e-04 3.365871962159872055e-04 5.931732594035565853e-04 9.908454492688179016e-03
1.700000000000000000e+04 2.466305857524275780e-03 3.387668402865529060e-04 3.302938130218535662e-04 6.739990785717964172e-04 9.794648736715316772e-03 2.272413577884435654e-03 3.387668402865529060e-04 3.302938130218535662e-04 6.739990785717964172e-04 9.794648736715316772e-03
1.800000000000000000e+04 1.557601935928687453e-04 3.276388742960989475e-04 3.297859802842140198e-04 5.657292786054313183e-04 9.829130023717880249e-03 1.753056130837649107e-04 3.276388742960989475e-04 3.297859802842140198e-04 5.657292786054313183e-04 9.829130023717880249e-03
1.900000000000000000e+04 1.963782269740477204e-04 3.348254249431192875e-04 3.268515283707529306e-04 5.540293641388416290e-04 9.797994978725910187e-03 2.146488113794475794e-04 3.348254249431192875e-04 3.268515283707529306e-04 5.540293641388416290e-04 9.797994978725910187e-03
2.000000000000000000e+04 2.666403539478778839e-03 3.334793727844953537e-04 3.442507877480238676e-04 4.934011958539485931e-04 9.901127777993679047e-03 2.574995392933487892e-03 3.334793727844953537e-04 3.442507877480238676e-04 4.934011958539485931e-04 9.901127777993679047e-03
2.100000000000000000e+04 1.779562880983576179e-04 3.275181225035339594e-04 3.147425013594329357e-04 5.282776546664535999e-04 9.791474789381027222e-03 1.828715467127040029e-04 3.275181225035339594e-04 3.147425013594329357e-04 5.282776546664535999e-04 9.791474789381027222e-03
2.200000000000000000e+04 1.480611826991662383e-04 3.283082041889429092e-04 3.189913986716419458e-04 5.124809686094522476e-04 9.781012311577796936e-03 1.682933943811804056e-04 3.283082041889429092e-04 3.189913986716419458e-04 5.124809686094522476e-04 9.781012311577796936e-03
2.300000000000000000e+04 6.781172123737633228e-04 3.029486688319593668e-04 3.098437446169555187e-04 5.794664612039923668e-04 9.774198755621910095e-03 5.927691236138343811e-04 3.029486688319593668e-04 3.098437446169555187e-04 5.794664612039923668e-04 9.774198755621910095e-03
2.400000000000000000e+04 1.275345857720822096e-04 3.171142598148435354e-04 3.143450012430548668e-04 4.856828891206532717e-04 9.793719276785850525e-03 1.506343251094222069e-04 3.171142598148435354e-04 3.143450012430548668e-04 4.856828891206532717e-04 9.793719276785850525e-03
2.500000000000000000e+04 9.045448387041687965e-04 3.868745698127895594e-04 2.808471617754548788e-04 4.357838188298046589e-04 9.884050115942955017e-03 8.864511037245392799e-04 3.868745698127895594e-04 2.808471617754548788e-04 4.357838188298046589e-04 9.884050115942955017e-03
2.600000000000000000e+04 7.061265641823410988e-04 3.074890992138534784e-04 3.037257120013237000e-04 5.408073775470256805e-04 9.753981605172157288e-03 6.497456342913210392e-04 3.074890992138534784e-04 3.037257120013237000e-04 5.408073775470256805e-04 9.753981605172157288e-03
2.700000000000000000e+04 1.464621891500428319e-04 3.058443544432520866e-04 3.105916257482022047e-04 4.771505191456526518e-04 9.765850380063056946e-03 1.598633243702352047e-04 3.058443544432520866e-04 3.105916257482022047e-04 4.771505191456526518e-04 9.765850380063056946e-03
2.800000000000000000e+04 2.106011670548468828e-04 3.098878660239279270e-04 3.163310757372528315e-04 4.594871425069868565e-04 9.824313223361968994e-03 1.880502386484295130e-04 3.098878660239279270e-04 3.163310757372528315e-04 4.594871425069868565e-04 9.824313223361968994e-03
2.900000000000000000e+04 2.029973693424835801e-04 3.022197342943400145e-04 2.991665678564459085e-04 4.934846074320375919e-04 9.757720865309238434e-03 1.904739910969510674e-04 3.022197342943400145e-04 2.991665678564459085e-04 4.934846074320375919e-04 9.757720865309238434e-03
3.000000000000000000e+04 9.161516936728730798e-05 2.967173059005290270e-04 3.060488088522106409e-04 4.743403987959027290e-04 9.760276414453983307e-03 9.204325760947540402e-05 2.967173059005290270e-04 3.060488088522106409e-04 4.743403987959027290e-04 9.760276414453983307e-03
3.100000000000000000e+04 7.180686952779069543e-05 3.076495486311614513e-04 3.059633309021592140e-04 4.560202069114893675e-04 9.751727804541587830e-03 8.917782542994245887e-05 3.076495486311614513e-04 3.059633309021592140e-04 4.560202069114893675e-04 9.751727804541587830e-03
3.200000000000000000e+04 6.913545075803995132e-05 3.044846234843134880e-04 3.051370440516620874e-04 4.504683311097323895e-04 9.754371829330921173e-03 8.602884190622717142e-05 3.044846234843134880e-04 3.051370440516620874e-04 4.504683311097323895e-04 9.754371829330921173e-03
3.300000000000000000e+04 6.721781101077795029e-04 3.548320382833480835e-04 3.226505650673061609e-04 3.988662792835384607e-04 9.741202928125858307e-03 5.099034169688820839e-04 3.548320382833480835e-04 3.226505650673061609e-04 3.988662792835384607e-04 9.741202928125858307e-03
3.400000000000000000e+04 2.727427927311509848e-04 2.967031614389270544e-04 2.933613723143935204e-04 4.803629417438060045e-04 9.725887328386306763e-03 2.551743527874350548e-04 2.967031614389270544e-04 2.933613723143935204e-04 4.803629417438060045e-04 9.725887328386306763e-03
3.500000000000000000e+04 4.663601284846663475e-04 3.157930332235991955e-04 3.106643271166831255e-04 4.375633143354207277e-04 9.759848006069660187e-03 4.128515138290822506e-04 3.157930332235991955e-04 3.106643271166831255e-04 4.375633143354207277e-04 9.759848006069660187e-03
3.600000000000000000e+04 8.097125682979822159e-04 2.851023455150425434e-04 2.880955871660262346e-04 4.859474720433354378e-04 9.786285459995269775e-03 7.227273890748620033e-04 2.851023455150425434e-04 2.880955871660262346e-04 4.859474720433354378e-04 9.786285459995269775e-03
3.700000000000000000e+04 2.508087491150945425e-04 2.995934919454157352e-04 2.959020785056054592e-04 4.614325589500367641e-04 9.712660685181617737e-03 2.424350095679983497e-04 2.995934919454157352e-04 2.959020785056054592e-04 4.614325589500367641e-04 9.712660685181617737e-03
3.800000000000000000e+04 6.121489219367504120e-03 3.979099856223911047e-04 3.471523523330688477e-04 3.790722694247961044e-04 9.791060350835323334e-03 5.846417509019374847e-03 3.979099856223911047e-04 3.471523523330688477e-04 3.790722694247961044e-04 9.791060350835323334e-03
3.900000000000000000e+04 1.099948713090270758e-04 2.969620109070092440e-04 2.946885360870510340e-04 4.339724837336689234e-04 9.720304980874061584e-03 1.234234368894249201e-04 2.969620109070092440e-04 2.946885360870510340e-04 4.339724837336689234e-04 9.720304980874061584e-03
4.000000000000000000e+04 8.878741064108908176e-04 2.707867824938148260e-04 3.178369079250842333e-04 4.259905836079269648e-04 9.740821085870265961e-03 8.193537942133843899e-04 2.707867824938148260e-04 3.178369079250842333e-04 4.259905836079269648e-04 9.740821085870265961e-03
4.100000000000000000e+04 2.128814579918980598e-03 3.085480129811912775e-04 2.933693176601082087e-04 4.623333516065031290e-04 9.731760248541831970e-03 1.873058266937732697e-03 3.085480129811912775e-04 2.933693176601082087e-04 4.623333516065031290e-04 9.731760248541831970e-03
4.200000000000000000e+04 1.356256310828030109e-03 2.929996699094772339e-04 2.922840649262070656e-04 4.377098230179399252e-04 9.709099307656288147e-03 1.247883425094187260e-03 2.929996699094772339e-04 2.922840649262070656e-04 4.377098230179399252e-04 9.709099307656288147e-03
4.300000000000000000e+04 1.193670323118567467e-04 2.968324406538158655e-04 2.959416015073657036e-04 3.987324016634374857e-04 9.747792966663837433e-03 1.336420245934277773e-04 2.968324406538158655e-04 2.959416015073657036e-04 3.987324016634374857e-04 9.747792966663837433e-03
4.400000000000000000e+04 4.675419186241924763e-04 2.806222764775156975e-04 3.017167618963867426e-04 4.328407230786979198e-04 9.752140380442142487e-03 4.305467300582677126e-04 2.806222764775156975e-04 3.017167618963867426e-04 4.328407230786979198e-04 9.752140380442142487e-03
4.500000000000000000e+04 1.921335060615092516e-04 2.749310515355318785e-04 2.844747505150735378e-04 4.470676067285239697e-04 9.701153263449668884e-03 1.712190278340131044e-04 2.749310515355318785e-04 2.844747505150735378e-04 4.470676067285239697e-04 9.701153263449668884e-03
4.600000000000000000e+04 1.394064311170950532e-04 2.611987292766571045e-04 2.872921759262681007e-04 4.342282190918922424e-04 9.724531322717666626e-03 1.270986685995012522e-04 2.611987292766571045e-04 2.872921759262681007e-04 4.342282190918922424e-04 9.724531322717666626e-03
4.700000000000000000e+04 4.236325912643224001e-04 3.119806351605802774e-04 3.110159304924309254e-04 3.549476386979222298e-04 9.745218791067600250e-03 4.158908850513398647e-04 3.119806351605802774e-04 3.110159304924309254e-04 3.549476386979222298e-04 9.745218791067600250e-03
4.800000000000000000e+04 1.262264995602890849e-04 2.771284780465066433e-04 2.866040449589490891e-04 4.240352136548608541e-04 9.680054150521755219e-03 1.432265999028459191e-04 2.771284780465066433e-04 2.866040449589490891e-04 4.240352136548608541e-04 9.680054150521755219e-03
4.900000000000000000e+04 7.054332672851160169e-05 2.759833587333559990e-04 2.845840353984385729e-04 3.974040446337312460e-04 9.726302698254585266e-03 8.616798004368320107e-05 2.759833587333559990e-04 2.845840353984385729e-04 3.974040446337312460e-04 9.726302698254585266e-03
5.000000000000000000e+04 1.107047195546329021e-03 3.117929445579648018e-04 2.974750532303005457e-04 3.204261593054980040e-04 9.775369428098201752e-03 1.069862744770944118e-03 3.117929445579648018e-04 2.974750532303005457e-04 3.204261593054980040e-04 9.775369428098201752e-03
5.100000000000000000e+04 1.273254310945048928e-04 2.948419714812189341e-04 2.856111968867480755e-04 3.525902284309267998e-04 9.733305312693119049e-03 1.295436522923409939e-04 2.948419714812189341e-04 2.856111968867480755e-04 3.525902284309267998e-04 9.733305312693119049e-03
5.200000000000000000e+04 2.486315497662872076e-04 2.512829669285565615e-04 2.796868502628058195e-04 4.132301255594938993e-04 9.750467725098133087e-03 2.173906832467764616e-04 2.512829669285565615e-04 2.796868502628058195e-04 4.132301255594938993e-04 9.750467725098133087e-03
5.300000000000000000e+04 2.419438213109970093e-03 3.088208322878926992e-04 3.054159460589289665e-04 3.223903186153620481e-04 9.785472415387630463e-03 2.385096158832311630e-03 3.088208322878926992e-04 3.054159460589289665e-04 3.223903186153620481e-04 9.785472415387630463e-03
5.400000000000000000e+04 8.347633993253111839e-04 2.661235630512237549e-04 2.807390410453081131e-04 4.224742297083139420e-04 9.687518700957298279e-03 7.604896090924739838e-04 2.661235630512237549e-04 2.807390410453081131e-04 4.224742297083139420e-04 9.687518700957298279e-03
5.500000000000000000e+04 1.610690087545663118e-04 2.565063477959483862e-04 2.745443489402532578e-04 4.111942544113844633e-04 9.672312997281551361e-03 1.744692126521840692e-04 2.565063477959483862e-04 2.745443489402532578e-04 4.111942544113844633e-04 9.672312997281551361e-03
5.600000000000000000e+04 1.539202639833092690e-04 2.641454047989100218e-04 2.792293089441955090e-04 3.719374653883278370e-04 9.704416617751121521e-03 1.658912515267729759e-04 2.641454047989100218e-04 2.792293089441955090e-04 3.719374653883278370e-04 9.704416617751121521e-03
5.700000000000000000e+04 7.419599569402635098e-05 2.570992219261825085e-04 2.817414642777293921e-04 3.743474953807890415e-04 9.700955823063850403e-03 1.037424226524308324e-04 2.570992219261825085e-04 2.817414642777293921e-04 3.743474953807890415e-04 9.700955823063850403e-03
5.800000000000000000e+04 5.976932588964700699e-04 3.159305779263377190e-04 2.837544889189302921e-04 2.769139246083796024e-04 9.817145764827728271e-03 4.552944737952202559e-04 3.159305779263377190e-04 2.837544889189302921e-04 2.769139246083796024e-04 9.817145764827728271e-03
5.900000000000000000e+04 1.050748862326145172e-03 2.957410761155188084e-04 2.643641491886228323e-04 3.156608145218342543e-04 9.744343347847461700e-03 8.858397486619651318e-04 2.957410761155188084e-04 2.643641491886228323e-04 3.156608145218342543e-04 9.744343347847461700e-03
6.000000000000000000e+04 1.576675713295117021e-04 2.787712728604674339e-04 2.771572617348283529e-04 3.328304446768015623e-04 9.697613306343555450e-03 1.594667701283469796e-04 2.787712728604674339e-04 2.771572617348283529e-04 3.328304446768015623e-04 9.697613306343555450e-03
6.100000000000000000e+04 5.949181286268867552e-05 2.438215451547876000e-04 2.766702673397958279e-04 3.674307954497635365e-04 9.698660112917423248e-03 8.764340600464493036e-05 2.438215451547876000e-04 2.766702673397958279e-04 3.674307954497635365e-04 9.698660112917423248e-03
6.200000000000000000e+04 6.576946907443925738e-05 2.403807156952098012e-04 2.771978324744850397e-04 3.664445248432457447e-04 9.694796055555343628e-03 9.513825352769345045e-05 2.403807156952098012e-04 2.771978324744850397e-04 3.664445248432457447e-04 9.694796055555343628e-03
6.300000000000000000e+04 5.905199577682651579e-05 2.314633020432665944e-04 2.759447670541703701e-04 3.764843277167528868e-04 9.692180901765823364e-03 8.423366671195253730e-05 2.314633020432665944e-04 2.759447670541703701e-04 3.764843277167528868e-04 9.692180901765823364e-03
6.400000000000000000e+04 8.424028783338144422e-05 2.335255412617698312e-04 2.720897318795323372e-04 3.662390809040516615e-04 9.704208001494407654e-03 9.910686640068888664e-05 2.335255412617698312e-04 2.720897318795323372e-04 3.662390809040516615e-04 9.704208001494407654e-03
6.500000000000000000e+04 8.222915348596870899e-04 1.739126309985294938e-04 2.619180886540561914e-04 4.902053042314946651e-04 9.658561088144779205e-03 6.608562543988227844e-04 1.739126309985294938e-04 2.619180886540561914e-04 4.902053042314946651e-04 9.658561088144779205e-03
6.600000000000000000e+04 2.993041707668453455e-04 2.312752621946856380e-04 2.631550305522978306e-04 3.638647322077304125e-04 9.714785963296890259e-03 2.609093207865953445e-04 2.312752621946856380e-04 2.631550305522978306e-04 3.638647322077304125e-04 9.714785963296890259e-03
6.700000000000000000e+04 5.988926277495920658e-04 2.214344131061807275e-04 2.852775796782225370e-04 3.613390726968646049e-04 9.691376239061355591e-03 5.248236120678484440e-04 2.214344131061807275e-04 2.852775796782225370e-04 3.613390726968646049e-04 9.691376239061355591e-03
6.800000000000000000e+04 2.737283357419073582e-04 2.058675163425505161e-04 2.805540279950946569e-04 3.935172862838953733e-04 9.653683751821517944e-03 2.778999332804232836e-04 2.058675163425505161e-04 2.805540279950946569e-04 3.935172862838953733e-04 9.653683751821517944e-03
6.900000000000000000e+04 8.962074934970587492e-05 2.309571282239630818e-04 2.766227116808295250e-04 3.644200915005058050e-04 9.654692374169826508e-03 1.177861267933622003e-04 2.309571282239630818e-04 2.766227116808295250e-04 3.644200915005058050e-04 9.654692374169826508e-03
7.000000000000000000e+04 4.912006552331149578e-04 2.235165593447163701e-04 2.739825577009469271e-04 3.118349704891443253e-04 9.774511680006980896e-03 4.366537905298173428e-04 2.235165593447163701e-04 2.739825577009469271e-04 3.118349704891443253e-04 9.774511680006980896e-03
7.100000000000000000e+04 6.528309313580393791e-05 2.080457343254238367e-04 2.724996302276849747e-04 3.634667373262345791e-04 9.700870141386985779e-03 8.297849853988736868e-05 2.080457343254238367e-04 2.724996302276849747e-04 3.634667373262345791e-04 9.700870141386985779e-03
7.200000000000000000e+04 3.661949012894183397e-04 1.796841097529977560e-04 2.613925316836684942e-04 4.374094423837959766e-04 9.658456780016422272e-03 3.165281377732753754e-04 1.796841097529977560e-04 2.613925316836684942e-04 4.374094423837959766e-04 9.658456780016422272e-03
7.300000000000000000e+04 1.113405916839838028e-03 1.713994133751839399e-04 2.504356962163001299e-04 4.770474042743444443e-04 9.667128324508666992e-03 9.927701903507113457e-04 1.713994133751839399e-04 2.504356962163001299e-04 4.770474042743444443e-04 9.667128324508666992e-03
7.400000000000000000e+04 6.886309711262583733e-05 2.019677631324157119e-04 2.683571947272866964e-04 3.674174076877534389e-04 9.680295363068580627e-03 8.598046406405046582e-05 2.019677631324157119e-04 2.683571947272866964e-04 3.674174076877534389e-04 9.680295363068580627e-03
7.500000000000000000e+04 1.202909159474074841e-03 1.872244465630501509e-04 2.431691100355237722e-04 4.301479784771800041e-04 9.695251472294330597e-03 1.084950403310358524e-03 1.872244465630501509e-04 2.431691100355237722e-04 4.301479784771800041e-04 9.695251472294330597e-03
7.600000000000000000e+04 5.693547427654266357e-05 2.049344184342771769e-04 2.708511019591242075e-04 3.525514039210975170e-04 9.675997309386730194e-03 8.293252903968095779e-05 2.049344184342771769e-04 2.708511019591242075e-04 3.525514039210975170e-04 9.675997309386730194e-03
7.700000000000000000e+04 3.736249636858701706e-04 2.289248077431693673e-04 2.709592517931014299e-04 3.031828964594751596e-04 9.707160294055938721e-03 3.243135288357734680e-04 2.289248077431693673e-04 2.709592517931014299e-04 3.031828964594751596e-04 9.707160294055938721e-03
7.800000000000000000e+04 1.913679006975144148e-04 2.392563037574291229e-04 2.693335118237882853e-04 2.886379952542483807e-04 9.690189734101295471e-03 1.784464111551642418e-04 2.392563037574291229e-04 2.693335118237882853e-04 2.886379952542483807e-04 9.690189734101295471e-03
7.900000000000000000e+04 1.320816081715747714e-04 2.208849764429032803e-04 2.696624433156102896e-04 3.137549501843750477e-04 9.682476520538330078e-03 1.444462832296267152e-04 2.208849764429032803e-04 2.696624433156102896e-04 3.137549501843750477e-04 9.682476520538330078e-03
8.000000000000000000e+04 9.569194662617519498e-05 2.091484784614294767e-04 2.675314899533987045e-04 3.243365790694952011e-04 9.686937555670738220e-03 1.195907680084928870e-04 2.091484784614294767e-04 2.675314899533987045e-04 3.243365790694952011e-04 9.686937555670738220e-03
8.100000000000000000e+04 6.469839718192815781e-05 1.936424378072842956e-04 2.727850805968046188e-04 3.501727478578686714e-04 9.669312275946140289e-03 9.795466030482202768e-05 1.936424378072842956e-04 2.727850805968046188e-04 3.501727478578686714e-04 9.669312275946140289e-03
8.200000000000000000e+04 6.671870505670085549e-05 1.891136053018271923e-04 2.671265101525932550e-04 3.477217978797852993e-04 9.691358543932437897e-03 9.295604832004755735e-05 1.891136053018271923e-04 2.671265101525932550e-04 3.477217978797852993e-04 9.691358543932437897e-03
8.300000000000000000e+04 8.714532305020838976e-05 1.884596276795491576e-04 2.636293647810816765e-04 3.594254085328429937e-04 9.656265377998352051e-03 1.204528889502398670e-04 1.884596276795491576e-04 2.636293647810816765e-04 3.594254085328429937e-04 9.656265377998352051e-03
8.400000000000000000e+04 1.670291385380551219e-04 2.028191229328513145e-04 2.725802187342196703e-04 3.384206793271005154e-04 9.638517163693904877e-03 1.889493141788989305e-04 2.028191229328513145e-04 2.725802187342196703e-04 3.384206793271005154e-04 9.638517163693904877e-03
8.500000000000000000e+04 7.174535858212038875e-05 1.957976346602663398e-04 2.724156656768172979e-04 3.246477281209081411e-04 9.669763036072254181e-03 1.078429850167594850e-04 1.957976346602663398e-04 2.724156656768172979e-04 3.246477281209081411e-04 9.669763036072254181e-03
8.600000000000000000e+04 3.790400223806500435e-04 1.791836402844637632e-04 2.729897096287459135e-04 3.751549229491502047e-04 9.586352854967117310e-03 3.969432727899402380e-04 1.791836402844637632e-04 2.729897096287459135e-04 3.751549229491502047e-04 9.586352854967117310e-03
8.700000000000000000e+04 7.369225204456597567e-05 1.793053379515185952e-04 2.743179502431303263e-04 3.411932266317307949e-04 9.666837751865386963e-03 1.151521282736212015e-04 1.793053379515185952e-04 2.743179502431303263e-04 3.411932266317307949e-04 9.666837751865386963e-03
8.800000000000000000e+04 1.890729414299130440e-03 1.410825207130983472e-04 2.249297976959496737e-04 4.596826329361647367e-04 9.681386873126029968e-03 1.499086851254105568e-03 1.410825207130983472e-04 2.249297976959496737e-04 4.596826329361647367e-04 9.681386873126029968e-03
8.900000000000000000e+04 1.461100298911333084e-03 1.618529495317488909e-04 2.451025939080864191e-04 4.029492556583136320e-04 9.702438488602638245e-03 1.362413400784134865e-03 1.618529495317488909e-04 2.451025939080864191e-04 4.029492556583136320e-04 9.702438488602638245e-03
9.000000000000000000e+04 1.077918350347317755e-04 1.775129785528406501e-04 2.751681895460933447e-04 3.449743089731782675e-04 9.641516953706741333e-03 1.527542917756363750e-04 1.775129785528406501e-04 2.751681895460933447e-04 3.449743089731782675e-04 9.641516953706741333e-03
9.100000000000000000e+04 4.548113502096384764e-04 2.026935108006000519e-04 2.645636850502341986e-04 2.611199452076107264e-04 9.785282425582408905e-03 3.659970825538039207e-04 2.026935108006000519e-04 2.645636850502341986e-04 2.611199452076107264e-04 9.785282425582408905e-03
9.200000000000000000e+04 4.372722760308533907e-04 2.207951038144528866e-04 2.733746950980275869e-04 2.998380805365741253e-04 9.642914868891239166e-03 4.145761486142873764e-04 2.207951038144528866e-04 2.733746950980275869e-04 2.998380805365741253e-04 9.642914868891239166e-03
9.300000000000000000e+04 1.136873543146066368e-04 1.914208114612847567e-04 2.695183502510190010e-04 3.004561003763228655e-04 9.706355631351470947e-03 1.573755289427936077e-04 1.914208114612847567e-04 2.695183502510190010e-04 3.004561003763228655e-04 9.706355631351470947e-03
9.400000000000000000e+04 5.007387953810393810e-04 2.268779935548081994e-04 2.802625822369009256e-04 2.531789359636604786e-04 9.715199470520019531e-03 4.462149518076330423e-04 2.268779935548081994e-04 2.802625822369009256e-04 2.531789359636604786e-04 9.715199470520019531e-03
9.500000000000000000e+04 3.065805940423160791e-04 2.068077446892857552e-04 2.619750739540904760e-04 3.013388486579060555e-04 9.651178494095802307e-03 3.126840456388890743e-04 2.068077446892857552e-04 2.619750739540904760e-04 3.013388486579060555e-04 9.651178494095802307e-03
9.600000000000000000e+04 1.001297496259212494e-04 1.784291089279577136e-04 2.718575706239789724e-04 3.305370337329804897e-04 9.659048169851303101e-03 1.373762788716703653e-04 1.784291089279577136e-04 2.718575706239789724e-04 3.305370337329804897e-04 9.659048169851303101e-03
9.700000000000000000e+04 1.544626429677009583e-04 1.692868827376514673e-04 2.730794367380440235e-04 3.597564355004578829e-04 9.598029777407646179e-03 1.980225933948531747e-04 1.692868827376514673e-04 2.730794367380440235e-04 3.597564355004578829e-04 9.598029777407646179e-03
9.800000000000000000e+04 2.054458891507238150e-04 1.383793278364464641e-04 2.729312982410192490e-04 4.030251002404838800e-04 9.606565348803997040e-03 2.214258711319416761e-04 1.383793278364464641e-04 2.729312982410192490e-04 4.030251002404838800e-04 9.606565348803997040e-03
9.900000000000000000e+04 8.578020788263529539e-05 1.777679281076416373e-04 2.670222602318972349e-04 3.159350890200585127e-04 9.659716859459877014e-03 1.488617854192852974e-04 1.777679281076416373e-04 2.670222602318972349e-04 3.159350890200585127e-04 9.659716859459877014e-03
1.000000000000000000e+05 8.028052252484485507e-05 1.670285419095307589e-04 2.716760209295898676e-04 3.394182422198355198e-04 9.624037891626358032e-03 1.479416532674804330e-04 1.670285419095307589e-04 2.716760209295898676e-04 3.394182422198355198e-04 9.624037891626358032e-03
