0 [0.0000e+00, 0.0000e+00]
100 [-9.1084e-03, -4.3523e-03]
200 [-1.6852e-02, -1.0117e-02]
300 [-2.5061e-02, -1.7192e-02]
400 [-2.2180e-02, -2.0667e-02]
500 [6.6549e-03, -1.7763e-02]
600 [4.5251e-02, -7.8846e-03]
700 [6.2927e-02, 2.9175e-02]
800 [7.5914e-02, 6.6681e-02]
900 [8.7241e-02, 9.4484e-02]
1000 [8.8145e-02, 9.4327e-02]
1100 [8.1513e-02, 7.2471e-02]
1200 [7.9676e-02, 6.8304e-02]
1300 [8.0920e-02, 7.1760e-02]
1400 [8.3637e-02, 8.0442e-02]
1500 [8.6931e-02, 9.0117e-02]
1600 [8.9918e-02, 9.5254e-02]
1700 [9.2609e-02, 9.6378e-02]
1800 [9.5521e-02, 9.7439e-02]
1900 [9.7645e-02, 9.8899e-02]
2000 [9.8304e-02, 9.9678e-02]
2100 [9.8443e-02, 9.9994e-02]
2200 [9.8487e-02, 1.0012e-01]
2300 [9.8533e-02, 1.0015e-01]
2400 [9.8600e-02, 1.0014e-01]
2500 [9.8689e-02, 1.0012e-01]
2600 [9.8790e-02, 1.0010e-01]
2700 [9.8898e-02, 1.0011e-01]
2800 [9.9008e-02, 1.0013e-01]
2900 [9.9115e-02, 1.0019e-01]
3000 [9.9218e-02, 1.0027e-01]
3100 [9.9317e-02, 1.0038e-01]
3200 [9.9409e-02, 1.0052e-01]
3300 [9.9493e-02, 1.0069e-01]
3400 [9.9576e-02, 1.0087e-01]
3500 [9.9652e-02, 1.0108e-01]
3600 [9.9724e-02, 1.0130e-01]
3700 [9.9793e-02, 1.0152e-01]
3800 [9.9859e-02, 1.0174e-01]
3900 [9.9916e-02, 1.0194e-01]
4000 [9.9960e-02, 1.0212e-01]
4100 [9.9990e-02, 1.0228e-01]
4200 [1.0000e-01, 1.0241e-01]
4300 [9.9983e-02, 1.0251e-01]
4400 [9.9954e-02, 1.0259e-01]
4500 [9.9877e-02, 1.0263e-01]
4600 [9.9794e-02, 1.0264e-01]
4700 [9.9669e-02, 1.0262e-01]
4800 [9.9538e-02, 1.0258e-01]
4900 [9.9399e-02, 1.0251e-01]
5000 [9.9252e-02, 1.0242e-01]
5100 [9.9120e-02, 1.0231e-01]
5200 [9.8993e-02, 1.0219e-01]
5300 [9.8892e-02, 1.0205e-01]
5400 [9.8809e-02, 1.0190e-01]
5500 [9.8750e-02, 1.0175e-01]
5600 [9.8714e-02, 1.0158e-01]
5700 [9.8699e-02, 1.0142e-01]
5800 [9.8703e-02, 1.0127e-01]
5900 [9.8717e-02, 1.0112e-01]
6000 [9.8730e-02, 1.0100e-01]
6100 [9.8763e-02, 1.0086e-01]
6200 [9.8790e-02, 1.0075e-01]
6300 [9.8814e-02, 1.0064e-01]
6400 [9.8839e-02, 1.0056e-01]
6500 [9.8867e-02, 1.0049e-01]
6600 [9.8893e-02, 1.0042e-01]
6700 [9.8918e-02, 1.0036e-01]
6800 [9.8949e-02, 1.0030e-01]
6900 [9.8971e-02, 1.0025e-01]
7000 [9.9013e-02, 1.0019e-01]
7100 [9.9022e-02, 1.0017e-01]
7200 [9.9052e-02, 1.0014e-01]
7300 [9.9076e-02, 1.0011e-01]
7400 [9.9102e-02, 1.0009e-01]
7500 [9.9150e-02, 1.0007e-01]
7600 [9.9156e-02, 1.0005e-01]
7700 [9.9181e-02, 1.0004e-01]
7800 [9.9212e-02, 1.0002e-01]
7900 [9.9238e-02, 1.0001e-01]
8000 [9.9265e-02, 1.0001e-01]
8100 [9.9310e-02, 1.0002e-01]
8200 [9.9297e-02, 1.0001e-01]
8300 [9.9348e-02, 9.9990e-02]
8400 [9.9375e-02, 9.9990e-02]
8500 [9.9408e-02, 9.9974e-02]
8600 [9.9425e-02, 9.9984e-02]
8700 [9.9459e-02, 9.9989e-02]
8800 [9.9486e-02, 9.9991e-02]
8900 [9.9489e-02, 1.0000e-01]
9000 [9.9541e-02, 9.9995e-02]
9100 [9.9566e-02, 9.9999e-02]
9200 [9.9593e-02, 1.0000e-01]
9300 [9.9625e-02, 1.0000e-01]
9400 [9.9642e-02, 1.0001e-01]
9500 [9.9671e-02, 1.0002e-01]
9600 [9.9692e-02, 1.0002e-01]
9700 [9.9717e-02, 1.0003e-01]
9800 [9.9737e-02, 1.0003e-01]
9900 [9.9763e-02, 1.0004e-01]
10000 [9.9784e-02, 1.0004e-01]
10100 [9.9808e-02, 1.0005e-01]
10200 [9.9817e-02, 1.0006e-01]
10300 [9.9853e-02, 1.0006e-01]
10400 [9.9871e-02, 1.0006e-01]
10500 [9.9894e-02, 1.0007e-01]
10600 [9.9910e-02, 1.0007e-01]
10700 [9.9929e-02, 1.0008e-01]
10800 [9.9952e-02, 1.0009e-01]
10900 [9.9965e-02, 1.0008e-01]
11000 [9.9984e-02, 1.0008e-01]
11100 [1.0000e-01, 1.0009e-01]
11200 [1.0002e-01, 1.0009e-01]
11300 [1.0003e-01, 1.0009e-01]
11400 [1.0005e-01, 1.0009e-01]
11500 [1.0007e-01, 1.0011e-01]
11600 [1.0008e-01, 1.0010e-01]
11700 [1.0009e-01, 1.0010e-01]
11800 [1.0011e-01, 1.0011e-01]
11900 [1.0012e-01, 1.0010e-01]
12000 [1.0014e-01, 1.0009e-01]
12100 [1.0015e-01, 1.0010e-01]
12200 [1.0016e-01, 1.0009e-01]
12300 [1.0017e-01, 1.0009e-01]
12400 [1.0018e-01, 1.0009e-01]
12500 [1.0019e-01, 1.0008e-01]
12600 [1.0021e-01, 1.0008e-01]
12700 [1.0023e-01, 1.0008e-01]
12800 [1.0023e-01, 1.0007e-01]
12900 [1.0024e-01, 1.0007e-01]
13000 [1.0023e-01, 1.0007e-01]
13100 [1.0026e-01, 1.0006e-01]
13200 [1.0027e-01, 1.0005e-01]
13300 [1.0028e-01, 1.0005e-01]
13400 [1.0029e-01, 1.0004e-01]
13500 [1.0030e-01, 1.0004e-01]
13600 [1.0030e-01, 1.0003e-01]
13700 [1.0031e-01, 1.0003e-01]
13800 [1.0032e-01, 1.0002e-01]
13900 [1.0031e-01, 1.0005e-01]
14000 [1.0034e-01, 1.0001e-01]
14100 [1.0034e-01, 1.0000e-01]
14200 [1.0034e-01, 1.0001e-01]
14300 [1.0036e-01, 9.9989e-02]
14400 [1.0036e-01, 9.9983e-02]
14500 [1.0037e-01, 9.9975e-02]
14600 [1.0038e-01, 9.9966e-02]
14700 [1.0039e-01, 9.9958e-02]
14800 [1.0039e-01, 9.9947e-02]
14900 [1.0040e-01, 9.9944e-02]
15000 [1.0040e-01, 9.9933e-02]
15100 [1.0042e-01, 9.9923e-02]
15200 [1.0039e-01, 9.9918e-02]
15300 [1.0042e-01, 9.9913e-02]
15400 [1.0043e-01, 9.9907e-02]
15500 [1.0043e-01, 9.9899e-02]
15600 [1.0045e-01, 9.9887e-02]
15700 [1.0044e-01, 9.9886e-02]
15800 [1.0045e-01, 9.9878e-02]
15900 [1.0045e-01, 9.9871e-02]
16000 [1.0046e-01, 9.9863e-02]
16100 [1.0045e-01, 9.9857e-02]
16200 [1.0047e-01, 9.9849e-02]
16300 [1.0047e-01, 9.9839e-02]
16400 [1.0046e-01, 9.9830e-02]
16500 [1.0048e-01, 9.9828e-02]
16600 [1.0049e-01, 9.9818e-02]
16700 [1.0049e-01, 9.9814e-02]
16800 [1.0049e-01, 9.9810e-02]
16900 [1.0050e-01, 9.9800e-02]
17000 [1.0050e-01, 9.9792e-02]
17100 [1.0050e-01, 9.9787e-02]
17200 [1.0050e-01, 9.9781e-02]
17300 [1.0051e-01, 9.9773e-02]
17400 [1.0051e-01, 9.9767e-02]
17500 [1.0052e-01, 9.9751e-02]
17600 [1.0050e-01, 9.9757e-02]
17700 [1.0052e-01, 9.9748e-02]
17800 [1.0052e-01, 9.9746e-02]
17900 [1.0053e-01, 9.9724e-02]
18000 [1.0053e-01, 9.9729e-02]
18100 [1.0053e-01, 9.9722e-02]
18200 [1.0053e-01, 9.9715e-02]
18300 [1.0054e-01, 9.9710e-02]
18400 [1.0054e-01, 9.9704e-02]
18500 [1.0054e-01, 9.9698e-02]
18600 [1.0055e-01, 9.9694e-02]
18700 [1.0054e-01, 9.9687e-02]
18800 [1.0055e-01, 9.9680e-02]
18900 [1.0054e-01, 9.9675e-02]
19000 [1.0055e-01, 9.9669e-02]
19100 [1.0056e-01, 9.9664e-02]
19200 [1.0055e-01, 9.9652e-02]
19300 [1.0055e-01, 9.9655e-02]
19400 [1.0054e-01, 9.9674e-02]
19500 [1.0057e-01, 9.9648e-02]
19600 [1.0056e-01, 9.9635e-02]
19700 [1.0056e-01, 9.9632e-02]
19800 [1.0056e-01, 9.9625e-02]
19900 [1.0056e-01, 9.9618e-02]
20000 [1.0056e-01, 9.9613e-02]
20100 [1.0057e-01, 9.9610e-02]
20200 [1.0057e-01, 9.9603e-02]
20300 [1.0057e-01, 9.9596e-02]
20400 [1.0057e-01, 9.9591e-02]
20500 [1.0058e-01, 9.9608e-02]
20600 [1.0057e-01, 9.9581e-02]
20700 [1.0057e-01, 9.9576e-02]
20800 [1.0057e-01, 9.9574e-02]
20900 [1.0057e-01, 9.9567e-02]
21000 [1.0057e-01, 9.9561e-02]
21100 [1.0057e-01, 9.9556e-02]
21200 [1.0057e-01, 9.9549e-02]
21300 [1.0057e-01, 9.9545e-02]
21400 [1.0058e-01, 9.9547e-02]
21500 [1.0056e-01, 9.9560e-02]
21600 [1.0058e-01, 9.9533e-02]
21700 [1.0057e-01, 9.9526e-02]
21800 [1.0056e-01, 9.9552e-02]
21900 [1.0058e-01, 9.9519e-02]
22000 [1.0057e-01, 9.9515e-02]
22100 [1.0058e-01, 9.9510e-02]
22200 [1.0058e-01, 9.9502e-02]
22300 [1.0060e-01, 9.9517e-02]
22400 [1.0058e-01, 9.9496e-02]
22500 [1.0058e-01, 9.9493e-02]
22600 [1.0058e-01, 9.9489e-02]
22700 [1.0058e-01, 9.9483e-02]
22800 [1.0058e-01, 9.9480e-02]
22900 [1.0058e-01, 9.9475e-02]
23000 [1.0058e-01, 9.9471e-02]
23100 [1.0058e-01, 9.9465e-02]
23200 [1.0058e-01, 9.9463e-02]
23300 [1.0055e-01, 9.9458e-02]
23400 [1.0058e-01, 9.9455e-02]
23500 [1.0058e-01, 9.9451e-02]
23600 [1.0058e-01, 9.9447e-02]
23700 [1.0058e-01, 9.9458e-02]
23800 [1.0058e-01, 9.9439e-02]
23900 [1.0058e-01, 9.9434e-02]
24000 [1.0059e-01, 9.9446e-02]
24100 [1.0059e-01, 9.9426e-02]
24200 [1.0058e-01, 9.9436e-02]
24300 [1.0058e-01, 9.9415e-02]
24400 [1.0058e-01, 9.9418e-02]
24500 [1.0058e-01, 9.9413e-02]
24600 [1.0059e-01, 9.9413e-02]
24700 [1.0058e-01, 9.9405e-02]
24800 [1.0058e-01, 9.9398e-02]
24900 [1.0059e-01, 9.9398e-02]
25000 [1.0059e-01, 9.9396e-02]
25100 [1.0058e-01, 9.9396e-02]
25200 [1.0057e-01, 9.9381e-02]
25300 [1.0058e-01, 9.9384e-02]
25400 [1.0058e-01, 9.9380e-02]
25500 [1.0058e-01, 9.9377e-02]
25600 [1.0058e-01, 9.9373e-02]
25700 [1.0057e-01, 9.9394e-02]
25800 [1.0060e-01, 9.9373e-02]
25900 [1.0058e-01, 9.9363e-02]
26000 [1.0059e-01, 9.9362e-02]
26100 [1.0058e-01, 9.9353e-02]
26200 [1.0060e-01, 9.9364e-02]
26300 [1.0059e-01, 9.9346e-02]
26400 [1.0057e-01, 9.9348e-02]
26500 [1.0058e-01, 9.9344e-02]
26600 [1.0058e-01, 9.9340e-02]
26700 [1.0058e-01, 9.9338e-02]
26800 [1.0058e-01, 9.9335e-02]
26900 [1.0058e-01, 9.9330e-02]
27000 [1.0058e-01, 9.9328e-02]
27100 [1.0059e-01, 9.9318e-02]
27200 [1.0057e-01, 9.9328e-02]
27300 [1.0058e-01, 9.9320e-02]
27400 [1.0058e-01, 9.9318e-02]
27500 [1.0058e-01, 9.9313e-02]
27600 [1.0059e-01, 9.9316e-02]
27700 [1.0058e-01, 9.9308e-02]
27800 [1.0058e-01, 9.9306e-02]
27900 [1.0058e-01, 9.9306e-02]
28000 [1.0058e-01, 9.9301e-02]
28100 [1.0058e-01, 9.9295e-02]
28200 [1.0058e-01, 9.9295e-02]
28300 [1.0058e-01, 9.9296e-02]
28400 [1.0058e-01, 9.9290e-02]
28500 [1.0058e-01, 9.9282e-02]
28600 [1.0058e-01, 9.9283e-02]
28700 [1.0058e-01, 9.9283e-02]
28800 [1.0058e-01, 9.9278e-02]
28900 [1.0058e-01, 9.9281e-02]
29000 [1.0058e-01, 9.9276e-02]
29100 [1.0058e-01, 9.9272e-02]
29200 [1.0058e-01, 9.9268e-02]
29300 [1.0058e-01, 9.9271e-02]
29400 [1.0058e-01, 9.9267e-02]
29500 [1.0058e-01, 9.9263e-02]
29600 [1.0058e-01, 9.9262e-02]
29700 [1.0058e-01, 9.9260e-02]
29800 [1.0058e-01, 9.9255e-02]
29900 [1.0058e-01, 9.9256e-02]
30000 [1.0058e-01, 9.9254e-02]
30100 [1.0058e-01, 9.9251e-02]
30200 [1.0057e-01, 9.9272e-02]
30300 [1.0058e-01, 9.9248e-02]
30400 [1.0058e-01, 9.9246e-02]
30500 [1.0058e-01, 9.9245e-02]
30600 [1.0058e-01, 9.9241e-02]
30700 [1.0058e-01, 9.9241e-02]
30800 [1.0059e-01, 9.9241e-02]
30900 [1.0058e-01, 9.9236e-02]
31000 [1.0056e-01, 9.9235e-02]
31100 [1.0058e-01, 9.9232e-02]
31200 [1.0057e-01, 9.9227e-02]
31300 [1.0058e-01, 9.9230e-02]
31400 [1.0058e-01, 9.9225e-02]
31500 [1.0058e-01, 9.9227e-02]
31600 [1.0058e-01, 9.9226e-02]
31700 [1.0058e-01, 9.9223e-02]
31800 [1.0058e-01, 9.9222e-02]
31900 [1.0058e-01, 9.9223e-02]
32000 [1.0058e-01, 9.9220e-02]
32100 [1.0058e-01, 9.9219e-02]
32200 [1.0058e-01, 9.9221e-02]
32300 [1.0057e-01, 9.9227e-02]
32400 [1.0058e-01, 9.9215e-02]
32500 [1.0058e-01, 9.9214e-02]
32600 [1.0058e-01, 9.9214e-02]
32700 [1.0059e-01, 9.9220e-02]
32800 [1.0058e-01, 9.9211e-02]
32900 [1.0058e-01, 9.9210e-02]
33000 [1.0058e-01, 9.9207e-02]
33100 [1.0058e-01, 9.9207e-02]
33200 [1.0058e-01, 9.9207e-02]
33300 [1.0058e-01, 9.9203e-02]
33400 [1.0058e-01, 9.9207e-02]
33500 [1.0058e-01, 9.9205e-02]
33600 [1.0058e-01, 9.9203e-02]
33700 [1.0058e-01, 9.9202e-02]
33800 [1.0059e-01, 9.9206e-02]
33900 [1.0058e-01, 9.9201e-02]
34000 [1.0056e-01, 9.9179e-02]
34100 [1.0057e-01, 9.9202e-02]
34200 [1.0058e-01, 9.9199e-02]
34300 [1.0055e-01, 9.9207e-02]
34400 [1.0058e-01, 9.9197e-02]
34500 [1.0058e-01, 9.9197e-02]
34600 [1.0058e-01, 9.9197e-02]
34700 [1.0057e-01, 9.9196e-02]
34800 [1.0056e-01, 9.9210e-02]
34900 [1.0057e-01, 9.9195e-02]
35000 [1.0057e-01, 9.9194e-02]
35100 [1.0059e-01, 9.9172e-02]
35200 [1.0057e-01, 9.9193e-02]
35300 [1.0057e-01, 9.9190e-02]
35400 [1.0057e-01, 9.9193e-02]
35500 [1.0057e-01, 9.9198e-02]
35600 [1.0057e-01, 9.9187e-02]
35700 [1.0057e-01, 9.9192e-02]
35800 [1.0058e-01, 9.9181e-02]
35900 [1.0057e-01, 9.9192e-02]
36000 [1.0057e-01, 9.9191e-02]
36100 [1.0057e-01, 9.9190e-02]
36200 [1.0057e-01, 9.9188e-02]
36300 [1.0057e-01, 9.9197e-02]
36400 [1.0057e-01, 9.9190e-02]
36500 [1.0057e-01, 9.9188e-02]
36600 [1.0057e-01, 9.9188e-02]
36700 [1.0057e-01, 9.9182e-02]
36800 [1.0057e-01, 9.9181e-02]
36900 [1.0057e-01, 9.9189e-02]
37000 [1.0056e-01, 9.9182e-02]
37100 [1.0057e-01, 9.9190e-02]
37200 [1.0057e-01, 9.9189e-02]
37300 [1.0058e-01, 9.9213e-02]
37400 [1.0057e-01, 9.9189e-02]
37500 [1.0057e-01, 9.9188e-02]
37600 [1.0058e-01, 9.9194e-02]
37700 [1.0057e-01, 9.9189e-02]
37800 [1.0056e-01, 9.9199e-02]
37900 [1.0057e-01, 9.9190e-02]
38000 [1.0057e-01, 9.9188e-02]
38100 [1.0057e-01, 9.9190e-02]
38200 [1.0057e-01, 9.9195e-02]
38300 [1.0057e-01, 9.9189e-02]
38400 [1.0059e-01, 9.9204e-02]
38500 [1.0057e-01, 9.9191e-02]
38600 [1.0057e-01, 9.9190e-02]
38700 [1.0056e-01, 9.9191e-02]
38800 [1.0055e-01, 9.9203e-02]
38900 [1.0056e-01, 9.9192e-02]
39000 [1.0056e-01, 9.9192e-02]
39100 [1.0056e-01, 9.9197e-02]
39200 [1.0056e-01, 9.9194e-02]
39300 [1.0058e-01, 9.9196e-02]
39400 [1.0056e-01, 9.9185e-02]
39500 [1.0056e-01, 9.9194e-02]
39600 [1.0055e-01, 9.9190e-02]
39700 [1.0056e-01, 9.9194e-02]
39800 [1.0056e-01, 9.9194e-02]
39900 [1.0055e-01, 9.9192e-02]
40000 [1.0056e-01, 9.9195e-02]
40100 [1.0056e-01, 9.9192e-02]
40200 [1.0056e-01, 9.9195e-02]
40300 [1.0056e-01, 9.9197e-02]
40400 [1.0055e-01, 9.9193e-02]
40500 [1.0056e-01, 9.9197e-02]
40600 [1.0056e-01, 9.9198e-02]
40700 [1.0055e-01, 9.9198e-02]
40800 [1.0055e-01, 9.9198e-02]
40900 [1.0054e-01, 9.9189e-02]
41000 [1.0055e-01, 9.9199e-02]
41100 [1.0055e-01, 9.9200e-02]
41200 [1.0054e-01, 9.9191e-02]
41300 [1.0055e-01, 9.9201e-02]
41400 [1.0054e-01, 9.9210e-02]
41500 [1.0055e-01, 9.9202e-02]
41600 [1.0055e-01, 9.9202e-02]
41700 [1.0055e-01, 9.9204e-02]
41800 [1.0055e-01, 9.9203e-02]
41900 [1.0055e-01, 9.9208e-02]
42000 [1.0055e-01, 9.9205e-02]
42100 [1.0053e-01, 9.9197e-02]
42200 [1.0055e-01, 9.9181e-02]
42300 [1.0055e-01, 9.9206e-02]
42400 [1.0054e-01, 9.9204e-02]
42500 [1.0054e-01, 9.9211e-02]
42600 [1.0054e-01, 9.9208e-02]
42700 [1.0054e-01, 9.9208e-02]
42800 [1.0054e-01, 9.9203e-02]
42900 [1.0054e-01, 9.9211e-02]
43000 [1.0054e-01, 9.9210e-02]
43100 [1.0054e-01, 9.9210e-02]
43200 [1.0054e-01, 9.9208e-02]
43300 [1.0055e-01, 9.9195e-02]
43400 [1.0054e-01, 9.9213e-02]
43500 [1.0054e-01, 9.9213e-02]
43600 [1.0053e-01, 9.9220e-02]
43700 [1.0054e-01, 9.9217e-02]
43800 [1.0054e-01, 9.9215e-02]
43900 [1.0053e-01, 9.9214e-02]
44000 [1.0053e-01, 9.9219e-02]
44100 [1.0053e-01, 9.9217e-02]
44200 [1.0053e-01, 9.9215e-02]
44300 [1.0053e-01, 9.9219e-02]
44400 [1.0053e-01, 9.9218e-02]
44500 [1.0053e-01, 9.9219e-02]
44600 [1.0053e-01, 9.9221e-02]
44700 [1.0052e-01, 9.9217e-02]
44800 [1.0051e-01, 9.9215e-02]
44900 [1.0053e-01, 9.9222e-02]
45000 [1.0053e-01, 9.9223e-02]
45100 [1.0053e-01, 9.9223e-02]
45200 [1.0053e-01, 9.9224e-02]
45300 [1.0052e-01, 9.9237e-02]
45400 [1.0053e-01, 9.9224e-02]
45500 [1.0054e-01, 9.9210e-02]
45600 [1.0052e-01, 9.9227e-02]
45700 [1.0052e-01, 9.9218e-02]
45800 [1.0052e-01, 9.9225e-02]
45900 [1.0051e-01, 9.9227e-02]
46000 [1.0052e-01, 9.9229e-02]
46100 [1.0051e-01, 9.9224e-02]
46200 [1.0052e-01, 9.9230e-02]
46300 [1.0051e-01, 9.9229e-02]
46400 [1.0052e-01, 9.9233e-02]
46500 [1.0052e-01, 9.9232e-02]
46600 [1.0051e-01, 9.9232e-02]
46700 [1.0051e-01, 9.9234e-02]
46800 [1.0051e-01, 9.9233e-02]
46900 [1.0050e-01, 9.9240e-02]
47000 [1.0051e-01, 9.9235e-02]
47100 [1.0051e-01, 9.9238e-02]
47200 [1.0051e-01, 9.9236e-02]
47300 [1.0051e-01, 9.9237e-02]
47400 [1.0050e-01, 9.9236e-02]
47500 [1.0051e-01, 9.9239e-02]
47600 [1.0051e-01, 9.9238e-02]
47700 [1.0051e-01, 9.9239e-02]
47800 [1.0051e-01, 9.9241e-02]
47900 [1.0050e-01, 9.9240e-02]
48000 [1.0051e-01, 9.9237e-02]
48100 [1.0050e-01, 9.9241e-02]
48200 [1.0050e-01, 9.9242e-02]
48300 [1.0050e-01, 9.9243e-02]
48400 [1.0050e-01, 9.9244e-02]
48500 [1.0050e-01, 9.9242e-02]
48600 [1.0050e-01, 9.9245e-02]
48700 [1.0050e-01, 9.9244e-02]
48800 [1.0050e-01, 9.9246e-02]
48900 [1.0050e-01, 9.9265e-02]
49000 [1.0049e-01, 9.9248e-02]
49100 [1.0049e-01, 9.9247e-02]
49200 [1.0049e-01, 9.9248e-02]
49300 [1.0050e-01, 9.9233e-02]
49400 [1.0048e-01, 9.9254e-02]
49500 [1.0049e-01, 9.9250e-02]
49600 [1.0051e-01, 9.9275e-02]
49700 [1.0049e-01, 9.9250e-02]
49800 [1.0049e-01, 9.9251e-02]
49900 [1.0048e-01, 9.9261e-02]
50000 [1.0048e-01, 9.9252e-02]
50100 [1.0049e-01, 9.9252e-02]
50200 [1.0047e-01, 9.9252e-02]
50300 [1.0048e-01, 9.9255e-02]
50400 [1.0048e-01, 9.9253e-02]
50500 [1.0048e-01, 9.9256e-02]
50600 [1.0048e-01, 9.9256e-02]
50700 [1.0047e-01, 9.9259e-02]
50800 [1.0049e-01, 9.9262e-02]
50900 [1.0049e-01, 9.9268e-02]
51000 [1.0048e-01, 9.9259e-02]
51100 [1.0047e-01, 9.9257e-02]
51200 [1.0048e-01, 9.9272e-02]
51300 [1.0047e-01, 9.9254e-02]
51400 [1.0047e-01, 9.9261e-02]
51500 [1.0046e-01, 9.9257e-02]
51600 [1.0046e-01, 9.9266e-02]
51700 [1.0047e-01, 9.9263e-02]
51800 [1.0047e-01, 9.9262e-02]
51900 [1.0047e-01, 9.9263e-02]
52000 [1.0046e-01, 9.9260e-02]
52100 [1.0048e-01, 9.9245e-02]
52200 [1.0046e-01, 9.9266e-02]
52300 [1.0046e-01, 9.9261e-02]
52400 [1.0046e-01, 9.9266e-02]
52500 [1.0046e-01, 9.9266e-02]
52600 [1.0046e-01, 9.9265e-02]
52700 [1.0046e-01, 9.9268e-02]
52800 [1.0046e-01, 9.9267e-02]
52900 [1.0046e-01, 9.9268e-02]
53000 [1.0046e-01, 9.9269e-02]
53100 [1.0046e-01, 9.9255e-02]
53200 [1.0046e-01, 9.9270e-02]
53300 [1.0046e-01, 9.9270e-02]
53400 [1.0046e-01, 9.9272e-02]
53500 [1.0045e-01, 9.9272e-02]
53600 [1.0045e-01, 9.9271e-02]
53700 [1.0045e-01, 9.9271e-02]
53800 [1.0045e-01, 9.9273e-02]
53900 [1.0045e-01, 9.9275e-02]
54000 [1.0045e-01, 9.9275e-02]
54100 [1.0045e-01, 9.9274e-02]
54200 [1.0046e-01, 9.9282e-02]
54300 [1.0045e-01, 9.9276e-02]
54400 [1.0045e-01, 9.9275e-02]
54500 [1.0045e-01, 9.9275e-02]
54600 [1.0044e-01, 9.9275e-02]
54700 [1.0044e-01, 9.9278e-02]
54800 [1.0046e-01, 9.9286e-02]
54900 [1.0044e-01, 9.9279e-02]
55000 [1.0044e-01, 9.9279e-02]
55100 [1.0044e-01, 9.9287e-02]
55200 [1.0044e-01, 9.9272e-02]
55300 [1.0044e-01, 9.9280e-02]
55400 [1.0043e-01, 9.9285e-02]
55500 [1.0044e-01, 9.9283e-02]
55600 [1.0044e-01, 9.9282e-02]
55700 [1.0044e-01, 9.9282e-02]
55800 [1.0044e-01, 9.9285e-02]
55900 [1.0043e-01, 9.9296e-02]
56000 [1.0043e-01, 9.9283e-02]
56100 [1.0044e-01, 9.9281e-02]
56200 [1.0043e-01, 9.9296e-02]
56300 [1.0043e-01, 9.9285e-02]
56400 [1.0043e-01, 9.9292e-02]
56500 [1.0043e-01, 9.9286e-02]
56600 [1.0043e-01, 9.9287e-02]
56700 [1.0042e-01, 9.9288e-02]
56800 [1.0043e-01, 9.9311e-02]
56900 [1.0043e-01, 9.9288e-02]
57000 [1.0043e-01, 9.9288e-02]
57100 [1.0043e-01, 9.9289e-02]
57200 [1.0043e-01, 9.9287e-02]
57300 [1.0042e-01, 9.9298e-02]
57400 [1.0042e-01, 9.9294e-02]
57500 [1.0042e-01, 9.9290e-02]
57600 [1.0042e-01, 9.9290e-02]
57700 [1.0042e-01, 9.9290e-02]
57800 [1.0042e-01, 9.9291e-02]
57900 [1.0042e-01, 9.9291e-02]
58000 [1.0042e-01, 9.9291e-02]
58100 [1.0042e-01, 9.9293e-02]
58200 [1.0042e-01, 9.9292e-02]
58300 [1.0040e-01, 9.9324e-02]
58400 [1.0042e-01, 9.9293e-02]
58500 [1.0042e-01, 9.9292e-02]
58600 [1.0042e-01, 9.9295e-02]
58700 [1.0042e-01, 9.9295e-02]
58800 [1.0041e-01, 9.9292e-02]
58900 [1.0042e-01, 9.9296e-02]
59000 [1.0041e-01, 9.9297e-02]
59100 [1.0041e-01, 9.9299e-02]
59200 [1.0041e-01, 9.9297e-02]
59300 [1.0041e-01, 9.9297e-02]
59400 [1.0041e-01, 9.9295e-02]
59500 [1.0041e-01, 9.9296e-02]
59600 [1.0043e-01, 9.9282e-02]
59700 [1.0039e-01, 9.9293e-02]
59800 [1.0041e-01, 9.9299e-02]
59900 [1.0041e-01, 9.9299e-02]
60000 [1.0041e-01, 9.9298e-02]
60100 [1.0041e-01, 9.9299e-02]
60200 [1.0041e-01, 9.9309e-02]
60300 [1.0041e-01, 9.9300e-02]
60400 [1.0040e-01, 9.9299e-02]
60500 [1.0041e-01, 9.9288e-02]
60600 [1.0040e-01, 9.9300e-02]
60700 [1.0040e-01, 9.9302e-02]
60800 [1.0039e-01, 9.9290e-02]
60900 [1.0040e-01, 9.9304e-02]
61000 [1.0040e-01, 9.9302e-02]
61100 [1.0040e-01, 9.9303e-02]
61200 [1.0040e-01, 9.9301e-02]
61300 [1.0040e-01, 9.9308e-02]
61400 [1.0040e-01, 9.9304e-02]
61500 [1.0041e-01, 9.9297e-02]
61600 [1.0039e-01, 9.9301e-02]
61700 [1.0039e-01, 9.9299e-02]
61800 [1.0040e-01, 9.9306e-02]
61900 [1.0039e-01, 9.9317e-02]
62000 [1.0040e-01, 9.9303e-02]
62100 [1.0039e-01, 9.9308e-02]
62200 [1.0039e-01, 9.9300e-02]
62300 [1.0041e-01, 9.9299e-02]
62400 [1.0039e-01, 9.9296e-02]
62500 [1.0039e-01, 9.9308e-02]
62600 [1.0039e-01, 9.9308e-02]
62700 [1.0039e-01, 9.9307e-02]
62800 [1.0039e-01, 9.9304e-02]
62900 [1.0039e-01, 9.9307e-02]
63000 [1.0039e-01, 9.9307e-02]
63100 [1.0037e-01, 9.9319e-02]
63200 [1.0040e-01, 9.9311e-02]
63300 [1.0039e-01, 9.9309e-02]
63400 [1.0039e-01, 9.9310e-02]
63500 [1.0038e-01, 9.9309e-02]
63600 [1.0038e-01, 9.9298e-02]
63700 [1.0038e-01, 9.9310e-02]
63800 [1.0038e-01, 9.9311e-02]
63900 [1.0039e-01, 9.9308e-02]
64000 [1.0038e-01, 9.9311e-02]
64100 [1.0038e-01, 9.9310e-02]
64200 [1.0038e-01, 9.9312e-02]
64300 [1.0038e-01, 9.9304e-02]
64400 [1.0038e-01, 9.9312e-02]
64500 [1.0038e-01, 9.9313e-02]
64600 [1.0038e-01, 9.9307e-02]
64700 [1.0037e-01, 9.9296e-02]
64800 [1.0038e-01, 9.9313e-02]
64900 [1.0038e-01, 9.9313e-02]
65000 [1.0038e-01, 9.9306e-02]
65100 [1.0037e-01, 9.9312e-02]
65200 [1.0037e-01, 9.9314e-02]
65300 [1.0038e-01, 9.9314e-02]
65400 [1.0037e-01, 9.9315e-02]
65500 [1.0037e-01, 9.9315e-02]
65600 [1.0037e-01, 9.9313e-02]
65700 [1.0037e-01, 9.9317e-02]
65800 [1.0037e-01, 9.9316e-02]
65900 [1.0037e-01, 9.9318e-02]
66000 [1.0037e-01, 9.9314e-02]
66100 [1.0037e-01, 9.9316e-02]
66200 [1.0038e-01, 9.9332e-02]
66300 [1.0037e-01, 9.9317e-02]
66400 [1.0037e-01, 9.9318e-02]
66500 [1.0037e-01, 9.9317e-02]
66600 [1.0037e-01, 9.9317e-02]
66700 [1.0037e-01, 9.9318e-02]
66800 [1.0036e-01, 9.9316e-02]
66900 [1.0037e-01, 9.9315e-02]
67000 [1.0037e-01, 9.9316e-02]
67100 [1.0036e-01, 9.9317e-02]
67200 [1.0036e-01, 9.9318e-02]
67300 [1.0036e-01, 9.9314e-02]
67400 [1.0036e-01, 9.9320e-02]
67500 [1.0036e-01, 9.9332e-02]
67600 [1.0037e-01, 9.9312e-02]
67700 [1.0036e-01, 9.9320e-02]
67800 [1.0036e-01, 9.9318e-02]
67900 [1.0036e-01, 9.9320e-02]
68000 [1.0036e-01, 9.9320e-02]
68100 [1.0036e-01, 9.9323e-02]
68200 [1.0036e-01, 9.9320e-02]
68300 [1.0036e-01, 9.9319e-02]
68400 [1.0036e-01, 9.9320e-02]
68500 [1.0036e-01, 9.9321e-02]
68600 [1.0036e-01, 9.9321e-02]
68700 [1.0035e-01, 9.9319e-02]
68800 [1.0036e-01, 9.9321e-02]
68900 [1.0036e-01, 9.9323e-02]
69000 [1.0037e-01, 9.9308e-02]
69100 [1.0032e-01, 9.9310e-02]
69200 [1.0035e-01, 9.9322e-02]
69300 [1.0035e-01, 9.9326e-02]
69400 [1.0035e-01, 9.9327e-02]
69500 [1.0035e-01, 9.9323e-02]
69600 [1.0035e-01, 9.9322e-02]
69700 [1.0034e-01, 9.9319e-02]
69800 [1.0035e-01, 9.9324e-02]
69900 [1.0034e-01, 9.9322e-02]
70000 [1.0035e-01, 9.9329e-02]
70100 [1.0035e-01, 9.9324e-02]
70200 [1.0034e-01, 9.9323e-02]
70300 [1.0036e-01, 9.9330e-02]
70400 [1.0035e-01, 9.9324e-02]
70500 [1.0034e-01, 9.9318e-02]
70600 [1.0035e-01, 9.9319e-02]
70700 [1.0035e-01, 9.9324e-02]
70800 [1.0036e-01, 9.9323e-02]
70900 [1.0034e-01, 9.9328e-02]
71000 [1.0034e-01, 9.9325e-02]
71100 [1.0034e-01, 9.9325e-02]
71200 [1.0034e-01, 9.9339e-02]
71300 [1.0034e-01, 9.9322e-02]
71400 [1.0034e-01, 9.9325e-02]
71500 [1.0033e-01, 9.9357e-02]
71600 [1.0036e-01, 9.9333e-02]
71700 [1.0034e-01, 9.9326e-02]
71800 [1.0034e-01, 9.9326e-02]
71900 [1.0035e-01, 9.9328e-02]
72000 [1.0034e-01, 9.9326e-02]
72100 [1.0034e-01, 9.9325e-02]
72200 [1.0033e-01, 9.9319e-02]
72300 [1.0034e-01, 9.9327e-02]
72400 [1.0034e-01, 9.9330e-02]
72500 [1.0033e-01, 9.9324e-02]
72600 [1.0034e-01, 9.9328e-02]
72700 [1.0033e-01, 9.9327e-02]
72800 [1.0034e-01, 9.9327e-02]
72900 [1.0034e-01, 9.9332e-02]
73000 [1.0033e-01, 9.9328e-02]
73100 [1.0033e-01, 9.9328e-02]
73200 [1.0035e-01, 9.9348e-02]
73300 [1.0033e-01, 9.9329e-02]
73400 [1.0033e-01, 9.9327e-02]
73500 [1.0035e-01, 9.9350e-02]
73600 [1.0033e-01, 9.9329e-02]
73700 [1.0033e-01, 9.9332e-02]
73800 [1.0033e-01, 9.9318e-02]
73900 [1.0033e-01, 9.9330e-02]
74000 [1.0033e-01, 9.9313e-02]
74100 [1.0033e-01, 9.9331e-02]
74200 [1.0033e-01, 9.9337e-02]
74300 [1.0033e-01, 9.9330e-02]
74400 [1.0033e-01, 9.9327e-02]
74500 [1.0033e-01, 9.9330e-02]
74600 [1.0033e-01, 9.9331e-02]
74700 [1.0032e-01, 9.9330e-02]
74800 [1.0033e-01, 9.9330e-02]
74900 [1.0031e-01, 9.9327e-02]
75000 [1.0032e-01, 9.9333e-02]
75100 [1.0032e-01, 9.9331e-02]
75200 [1.0032e-01, 9.9331e-02]
75300 [1.0032e-01, 9.9331e-02]
75400 [1.0032e-01, 9.9331e-02]
75500 [1.0032e-01, 9.9330e-02]
75600 [1.0032e-01, 9.9332e-02]
75700 [1.0032e-01, 9.9332e-02]
75800 [1.0032e-01, 9.9332e-02]
75900 [1.0033e-01, 9.9332e-02]
76000 [1.0032e-01, 9.9335e-02]
76100 [1.0032e-01, 9.9332e-02]
76200 [1.0032e-01, 9.9332e-02]
76300 [1.0032e-01, 9.9333e-02]
76400 [1.0031e-01, 9.9331e-02]
76500 [1.0033e-01, 9.9345e-02]
76600 [1.0032e-01, 9.9333e-02]
76700 [1.0033e-01, 9.9318e-02]
76800 [1.0032e-01, 9.9333e-02]
76900 [1.0032e-01, 9.9333e-02]
77000 [1.0031e-01, 9.9337e-02]
77100 [1.0031e-01, 9.9331e-02]
77200 [1.0031e-01, 9.9333e-02]
77300 [1.0032e-01, 9.9333e-02]
77400 [1.0033e-01, 9.9335e-02]
77500 [1.0031e-01, 9.9334e-02]
77600 [1.0031e-01, 9.9334e-02]
77700 [1.0032e-01, 9.9335e-02]
77800 [1.0031e-01, 9.9334e-02]
77900 [1.0031e-01, 9.9334e-02]
78000 [1.0031e-01, 9.9316e-02]
78100 [1.0031e-01, 9.9334e-02]
78200 [1.0031e-01, 9.9335e-02]
78300 [1.0031e-01, 9.9335e-02]
78400 [1.0031e-01, 9.9335e-02]
78500 [1.0031e-01, 9.9334e-02]
78600 [1.0031e-01, 9.9336e-02]
78700 [1.0033e-01, 9.9338e-02]
78800 [1.0031e-01, 9.9335e-02]
78900 [1.0031e-01, 9.9332e-02]
79000 [1.0030e-01, 9.9330e-02]
79100 [1.0031e-01, 9.9336e-02]
79200 [1.0031e-01, 9.9330e-02]
79300 [1.0031e-01, 9.9340e-02]
79400 [1.0031e-01, 9.9336e-02]
79500 [1.0031e-01, 9.9336e-02]
79600 [1.0031e-01, 9.9335e-02]
79700 [1.0030e-01, 9.9334e-02]
79800 [1.0031e-01, 9.9340e-02]
79900 [1.0032e-01, 9.9354e-02]
80000 [1.0030e-01, 9.9336e-02]
80100 [1.0031e-01, 9.9330e-02]
80200 [1.0030e-01, 9.9336e-02]
80300 [1.0030e-01, 9.9334e-02]
80400 [1.0029e-01, 9.9342e-02]
80500 [1.0030e-01, 9.9336e-02]
80600 [1.0030e-01, 9.9342e-02]
80700 [1.0031e-01, 9.9311e-02]
80800 [1.0028e-01, 9.9335e-02]
80900 [1.0030e-01, 9.9337e-02]
81000 [1.0030e-01, 9.9337e-02]
81100 [1.0030e-01, 9.9337e-02]
81200 [1.0030e-01, 9.9336e-02]
81300 [1.0030e-01, 9.9329e-02]
81400 [1.0030e-01, 9.9337e-02]
81500 [1.0029e-01, 9.9334e-02]
81600 [1.0030e-01, 9.9334e-02]
81700 [1.0030e-01, 9.9337e-02]
81800 [1.0030e-01, 9.9338e-02]
81900 [1.0030e-01, 9.9338e-02]
82000 [1.0030e-01, 9.9336e-02]
82100 [1.0029e-01, 9.9336e-02]
82200 [1.0030e-01, 9.9338e-02]
82300 [1.0029e-01, 9.9334e-02]
82400 [1.0030e-01, 9.9340e-02]
82500 [1.0029e-01, 9.9338e-02]
82600 [1.0029e-01, 9.9338e-02]
82700 [1.0029e-01, 9.9339e-02]
82800 [1.0029e-01, 9.9337e-02]
82900 [1.0029e-01, 9.9337e-02]
83000 [1.0028e-01, 9.9337e-02]
83100 [1.0029e-01, 9.9340e-02]
83200 [1.0029e-01, 9.9337e-02]
83300 [1.0029e-01, 9.9338e-02]
83400 [1.0029e-01, 9.9339e-02]
83500 [1.0030e-01, 9.9335e-02]
83600 [1.0029e-01, 9.9339e-02]
83700 [1.0029e-01, 9.9339e-02]
83800 [1.0029e-01, 9.9340e-02]
83900 [1.0029e-01, 9.9339e-02]
84000 [1.0029e-01, 9.9339e-02]
84100 [1.0029e-01, 9.9339e-02]
84200 [1.0029e-01, 9.9338e-02]
84300 [1.0029e-01, 9.9337e-02]
84400 [1.0029e-01, 9.9339e-02]
84500 [1.0029e-01, 9.9340e-02]
84600 [1.0029e-01, 9.9335e-02]
84700 [1.0026e-01, 9.9327e-02]
84800 [1.0029e-01, 9.9340e-02]
84900 [1.0029e-01, 9.9341e-02]
85000 [1.0029e-01, 9.9341e-02]
85100 [1.0029e-01, 9.9340e-02]
85200 [1.0028e-01, 9.9341e-02]
85300 [1.0028e-01, 9.9339e-02]
85400 [1.0028e-01, 9.9352e-02]
85500 [1.0028e-01, 9.9345e-02]
85600 [1.0028e-01, 9.9340e-02]
85700 [1.0028e-01, 9.9340e-02]
85800 [1.0028e-01, 9.9340e-02]
85900 [1.0028e-01, 9.9340e-02]
86000 [1.0028e-01, 9.9341e-02]
86100 [1.0028e-01, 9.9341e-02]
86200 [1.0029e-01, 9.9341e-02]
86300 [1.0028e-01, 9.9341e-02]
86400 [1.0028e-01, 9.9339e-02]
86500 [1.0029e-01, 9.9318e-02]
86600 [1.0026e-01, 9.9330e-02]
86700 [1.0028e-01, 9.9341e-02]
86800 [1.0028e-01, 9.9344e-02]
86900 [1.0028e-01, 9.9340e-02]
87000 [1.0028e-01, 9.9341e-02]
87100 [1.0028e-01, 9.9341e-02]
87200 [1.0028e-01, 9.9340e-02]
87300 [1.0028e-01, 9.9342e-02]
87400 [1.0028e-01, 9.9340e-02]
87500 [1.0027e-01, 9.9345e-02]
87600 [1.0028e-01, 9.9341e-02]
87700 [1.0027e-01, 9.9342e-02]
87800 [1.0028e-01, 9.9342e-02]
87900 [1.0028e-01, 9.9340e-02]
88000 [1.0028e-01, 9.9342e-02]
88100 [1.0027e-01, 9.9341e-02]
88200 [1.0027e-01, 9.9343e-02]
88300 [1.0027e-01, 9.9343e-02]
88400 [1.0027e-01, 9.9342e-02]
88500 [1.0028e-01, 9.9344e-02]
88600 [1.0027e-01, 9.9342e-02]
88700 [1.0025e-01, 9.9332e-02]
88800 [1.0027e-01, 9.9343e-02]
88900 [1.0027e-01, 9.9343e-02]
89000 [1.0027e-01, 9.9342e-02]
89100 [1.0027e-01, 9.9346e-02]
89200 [1.0027e-01, 9.9343e-02]
89300 [1.0027e-01, 9.9341e-02]
89400 [1.0027e-01, 9.9341e-02]
89500 [1.0027e-01, 9.9343e-02]
89600 [1.0027e-01, 9.9340e-02]
89700 [1.0027e-01, 9.9343e-02]
89800 [1.0027e-01, 9.9338e-02]
89900 [1.0026e-01, 9.9353e-02]
90000 [1.0028e-01, 9.9350e-02]
90100 [1.0027e-01, 9.9343e-02]
90200 [1.0027e-01, 9.9343e-02]
90300 [1.0027e-01, 9.9342e-02]
90400 [1.0025e-01, 9.9335e-02]
90500 [1.0027e-01, 9.9338e-02]
90600 [1.0027e-01, 9.9343e-02]
90700 [1.0026e-01, 9.9342e-02]
90800 [1.0027e-01, 9.9342e-02]
90900 [1.0028e-01, 9.9356e-02]
91000 [1.0026e-01, 9.9344e-02]
91100 [1.0027e-01, 9.9342e-02]
91200 [1.0026e-01, 9.9348e-02]
91300 [1.0026e-01, 9.9344e-02]
91400 [1.0026e-01, 9.9343e-02]
91500 [1.0027e-01, 9.9345e-02]
91600 [1.0026e-01, 9.9344e-02]
91700 [1.0027e-01, 9.9335e-02]
91800 [1.0029e-01, 9.9362e-02]
91900 [1.0026e-01, 9.9344e-02]
92000 [1.0026e-01, 9.9346e-02]
92100 [1.0024e-01, 9.9333e-02]
92200 [1.0026e-01, 9.9344e-02]
92300 [1.0027e-01, 9.9332e-02]
92400 [1.0026e-01, 9.9344e-02]
92500 [1.0028e-01, 9.9350e-02]
92600 [1.0026e-01, 9.9345e-02]
92700 [1.0026e-01, 9.9343e-02]
92800 [1.0026e-01, 9.9344e-02]
92900 [1.0026e-01, 9.9349e-02]
93000 [1.0024e-01, 9.9340e-02]
93100 [1.0026e-01, 9.9345e-02]
93200 [1.0026e-01, 9.9345e-02]
93300 [1.0026e-01, 9.9344e-02]
93400 [1.0026e-01, 9.9344e-02]
93500 [1.0026e-01, 9.9344e-02]
93600 [1.0026e-01, 9.9346e-02]
93700 [1.0026e-01, 9.9345e-02]
93800 [1.0025e-01, 9.9340e-02]
93900 [1.0024e-01, 9.9337e-02]
94000 [1.0025e-01, 9.9356e-02]
94100 [1.0025e-01, 9.9343e-02]
94200 [1.0025e-01, 9.9345e-02]
94300 [1.0026e-01, 9.9344e-02]
94400 [1.0025e-01, 9.9342e-02]
94500 [1.0025e-01, 9.9345e-02]
94600 [1.0025e-01, 9.9344e-02]
94700 [1.0026e-01, 9.9348e-02]
94800 [1.0026e-01, 9.9346e-02]
94900 [1.0025e-01, 9.9349e-02]
95000 [1.0025e-01, 9.9345e-02]
95100 [1.0025e-01, 9.9345e-02]
95200 [1.0026e-01, 9.9340e-02]
95300 [1.0025e-01, 9.9345e-02]
95400 [1.0025e-01, 9.9345e-02]
95500 [1.0025e-01, 9.9345e-02]
95600 [1.0026e-01, 9.9353e-02]
95700 [1.0025e-01, 9.9345e-02]
95800 [1.0025e-01, 9.9346e-02]
95900 [1.0025e-01, 9.9345e-02]
96000 [1.0025e-01, 9.9345e-02]
96100 [1.0023e-01, 9.9375e-02]
96200 [1.0025e-01, 9.9345e-02]
96300 [1.0025e-01, 9.9345e-02]
96400 [1.0025e-01, 9.9344e-02]
96500 [1.0024e-01, 9.9345e-02]
96600 [1.0024e-01, 9.9347e-02]
96700 [1.0025e-01, 9.9352e-02]
96800 [1.0025e-01, 9.9343e-02]
96900 [1.0025e-01, 9.9345e-02]
97000 [1.0025e-01, 9.9345e-02]
97100 [1.0024e-01, 9.9351e-02]
97200 [1.0025e-01, 9.9345e-02]
97300 [1.0024e-01, 9.9342e-02]
97400 [1.0024e-01, 9.9346e-02]
97500 [1.0025e-01, 9.9344e-02]
97600 [1.0027e-01, 9.9359e-02]
97700 [1.0024e-01, 9.9346e-02]
97800 [1.0024e-01, 9.9349e-02]
97900 [1.0024e-01, 9.9351e-02]
98000 [1.0024e-01, 9.9346e-02]
98100 [1.0024e-01, 9.9344e-02]
98200 [1.0024e-01, 9.9345e-02]
98300 [1.0022e-01, 9.9353e-02]
98400 [1.0024e-01, 9.9346e-02]
98500 [1.0024e-01, 9.9345e-02]
98600 [1.0024e-01, 9.9347e-02]
98700 [1.0024e-01, 9.9346e-02]
98800 [1.0024e-01, 9.9342e-02]
98900 [1.0024e-01, 9.9346e-02]
99000 [1.0024e-01, 9.9344e-02]
99100 [1.0025e-01, 9.9337e-02]
99200 [1.0024e-01, 9.9346e-02]
99300 [1.0024e-01, 9.9347e-02]
99400 [1.0024e-01, 9.9351e-02]
99500 [1.0024e-01, 9.9345e-02]
99600 [1.0024e-01, 9.9346e-02]
99700 [1.0024e-01, 9.9347e-02]
99800 [1.0024e-01, 9.9345e-02]
99900 [1.0024e-01, 9.9346e-02]
100000 [1.0024e-01, 9.9347e-02]
