# step, loss_train, loss_test, metrics_test
0.000000000000000000e+00 9.536428749561309814e-02 9.456853568553924561e-02 9.531943500041961670e-02 9.456853568553924561e-02
1.000000000000000000e+03 1.734542747726663947e-04 8.467298175673931837e-05 1.247745240107178688e-04 8.467298175673931837e-05
2.000000000000000000e+03 7.804690540069714189e-05 4.349929804448038340e-05 5.685201904270797968e-05 4.349929804448038340e-05
3.000000000000000000e+03 4.095926851732656360e-05 3.837509939330630004e-05 3.036230918951332569e-05 3.837509939330630004e-05
4.000000000000000000e+03 1.678669468674343079e-05 3.905184348695911467e-05 1.294947651331312954e-05 3.905184348695911467e-05
5.000000000000000000e+03 3.301327751614735462e-06 3.889881190843880177e-05 2.566193188613397069e-06 3.889881190843880177e-05
6.000000000000000000e+03 1.265353716917161364e-06 3.833472146652638912e-05 9.640286862122593448e-07 3.833472146652638912e-05
7.000000000000000000e+03 7.684892580073210411e-07 3.701314926729537547e-05 5.745961288994294591e-07 3.701314926729537547e-05
8.000000000000000000e+03 2.738844486884772778e-04 1.255173265235498548e-04 2.746922837104648352e-04 1.255173265235498548e-04
9.000000000000000000e+03 6.230003464224864729e-07 3.525041029206477106e-05 3.982882219588645967e-07 3.525041029206477106e-05
1.000000000000000000e+04 4.555233203973330092e-07 3.401396679691970348e-05 3.284683884885453153e-07 3.401396679691970348e-05
1.100000000000000000e+04 7.283562354132300243e-06 4.053106385981664062e-05 8.004773917491547763e-06 4.053106385981664062e-05
1.200000000000000000e+04 7.720847861492075026e-06 4.417436502990312874e-05 7.676276254642289132e-06 4.417436502990312874e-05
1.300000000000000000e+04 6.201728683663532138e-05 7.519988866988569498e-05 6.281355308601632714e-05 7.519988866988569498e-05
1.400000000000000000e+04 2.293350007676053792e-06 3.220126382075250149e-05 1.998437483052839525e-06 3.220126382075250149e-05
1.500000000000000000e+04 1.453971094633743633e-06 3.275626295362599194e-05 1.090064756681385916e-06 3.275626295362599194e-05
1.600000000000000000e+04 2.338712693017441779e-05 4.510473081609234214e-05 2.489311737008392811e-05 4.510473081609234214e-05
1.700000000000000000e+04 2.794930935579031939e-07 2.970245259348303080e-05 1.805435090318496805e-07 2.970245259348303080e-05
1.800000000000000000e+04 4.459878618945367634e-05 9.551531547913327813e-05 4.572079342324286699e-05 9.551531547913327813e-05
1.900000000000000000e+04 2.976876930915750563e-05 3.060191374970600009e-05 2.683464117581024766e-05 3.060191374970600009e-05
2.000000000000000000e+04 2.258348331451998092e-06 3.034459223272278905e-05 2.313560116817825474e-06 3.034459223272278905e-05
2.100000000000000000e+04 1.779595777406939305e-06 2.887457776523660868e-05 1.428492623745114543e-06 2.887457776523660868e-05
2.200000000000000000e+04 2.954941464849980548e-06 2.919679172919131815e-05 2.590852773209917359e-06 2.919679172919131815e-05
2.300000000000000000e+04 1.245601765731407795e-06 2.880263309634756297e-05 1.250214495485124644e-06 2.880263309634756297e-05
2.400000000000000000e+04 4.453958410977065796e-07 2.740454146987758577e-05 3.835652933048550040e-07 2.740454146987758577e-05
2.500000000000000000e+04 3.477007624042016687e-07 2.797011075017508119e-05 1.995057061776606133e-07 2.797011075017508119e-05
2.600000000000000000e+04 3.198127842551912181e-07 2.672572190931532532e-05 2.401319250111555448e-07 2.672572190931532532e-05
2.700000000000000000e+04 2.619865711039892631e-07 2.611450872791465372e-05 1.785941350362918456e-07 2.611450872791465372e-05
2.800000000000000000e+04 2.624202863898972282e-07 2.602171298349276185e-05 1.787539645192737225e-07 2.602171298349276185e-05
2.900000000000000000e+04 1.204151544698106591e-06 2.608363865874707699e-05 1.097795120585942641e-06 2.608363865874707699e-05
3.000000000000000000e+04 3.093600469128432451e-07 2.529359517211560160e-05 2.171259154692961602e-07 2.529359517211560160e-05
3.100000000000000000e+04 3.197658031695027603e-07 2.507821045583114028e-05 2.236669729427376296e-07 2.507821045583114028e-05
3.200000000000000000e+04 4.939334985465393402e-07 2.509253317839466035e-05 3.467476119567436399e-07 2.509253317839466035e-05
3.300000000000000000e+04 3.706273901116219349e-07 2.453686283843126148e-05 2.605162023883167421e-07 2.453686283843126148e-05
3.400000000000000000e+04 1.770463086359086446e-06 2.513357867428567261e-05 1.585567133588483557e-06 2.513357867428567261e-05
3.500000000000000000e+04 4.172851220118900528e-07 2.380158366577234119e-05 3.041639047296484932e-07 2.380158366577234119e-05
3.600000000000000000e+04 9.064008736459072679e-06 3.042672506126109511e-05 9.383143151353579015e-06 3.042672506126109511e-05
3.700000000000000000e+04 4.821054631065635476e-07 2.308259718120098114e-05 3.599346314331342001e-07 2.308259718120098114e-05
3.800000000000000000e+04 1.455473466194234788e-05 2.552773730712942779e-05 1.458581755287013948e-05 2.552773730712942779e-05
3.900000000000000000e+04 7.300252491404535249e-07 2.298278013768140227e-05 6.299457027125754394e-07 2.298278013768140227e-05
4.000000000000000000e+04 6.231550173652067315e-07 2.305941779923159629e-05 4.397656425680906978e-07 2.305941779923159629e-05
4.100000000000000000e+04 5.656655730490456335e-07 2.227473669336177409e-05 4.050708639624645002e-07 2.227473669336177409e-05
4.200000000000000000e+04 6.150282274575147312e-07 2.238625711470376700e-05 4.860567628384160344e-07 2.238625711470376700e-05
4.300000000000000000e+04 3.139054797429707833e-06 2.296706952620297670e-05 2.863623649318469688e-06 2.296706952620297670e-05
4.400000000000000000e+04 5.545022077058092691e-07 2.141170625691302121e-05 4.234525761148688616e-07 2.141170625691302121e-05
4.500000000000000000e+04 1.160589818027801812e-06 2.133681846316903830e-05 9.262481626137741841e-07 2.133681846316903830e-05
4.600000000000000000e+04 1.226865242642816156e-05 2.731005588429979980e-05 1.147504917753394693e-05 2.731005588429979980e-05
4.700000000000000000e+04 6.091889872550382279e-07 2.049630529654677957e-05 4.747240325286838925e-07 2.049630529654677957e-05
4.800000000000000000e+04 6.898282549627765547e-07 1.988981603062711656e-05 5.331676220521330833e-07 1.988981603062711656e-05
4.900000000000000000e+04 6.984863034631416667e-07 1.964274269994348288e-05 5.362343244996736757e-07 1.964274269994348288e-05
5.000000000000000000e+04 6.629186941609077621e-07 1.984058690140955150e-05 4.942181135447754059e-07 1.984058690140955150e-05
5.100000000000000000e+04 6.752477474947227165e-07 1.923767013067845255e-05 5.297814027471758891e-07 1.923767013067845255e-05
5.200000000000000000e+04 7.146600751184450928e-07 1.884289849840570241e-05 5.528016799871693365e-07 1.884289849840570241e-05
5.300000000000000000e+04 7.542099069723917637e-07 1.841851553763262928e-05 5.848392561347282026e-07 1.841851553763262928e-05
5.400000000000000000e+04 7.888286290835822001e-07 1.805781539587769657e-05 6.190029466779378708e-07 1.805781539587769657e-05
5.500000000000000000e+04 7.886040975790820085e-07 1.781449827831238508e-05 6.119549880168051459e-07 1.781449827831238508e-05
5.600000000000000000e+04 7.740038654446834698e-07 1.765776323736645281e-05 6.109545438448549248e-07 1.765776323736645281e-05
5.700000000000000000e+04 7.652130875612783711e-07 1.741652886266820133e-05 5.857766041117429268e-07 1.741652886266820133e-05
5.800000000000000000e+04 2.039599166892003268e-06 1.820848410716280341e-05 1.628562358746421523e-06 1.820848410716280341e-05
5.900000000000000000e+04 9.232656452695664484e-07 1.756878737069200724e-05 7.240647619255469181e-07 1.756878737069200724e-05
6.000000000000000000e+04 7.786410947119293269e-07 1.679749948380049318e-05 5.990195290905830916e-07 1.679749948380049318e-05
6.100000000000000000e+04 2.707422481762478128e-06 1.692174919298850000e-05 2.603434495540568605e-06 1.692174919298850000e-05
6.200000000000000000e+04 8.106790687634202186e-07 1.614044958841986954e-05 6.073572649256675504e-07 1.614044958841986954e-05
6.300000000000000000e+04 8.506998483426286839e-07 1.553351648908574134e-05 6.684848585791769437e-07 1.553351648908574134e-05
6.400000000000000000e+04 6.764179943274939433e-06 1.885631536424625665e-05 6.716101324855117127e-06 1.885631536424625665e-05
6.500000000000000000e+04 8.605069297118461691e-07 1.494107254984555766e-05 6.613422556256409734e-07 1.494107254984555766e-05
6.600000000000000000e+04 7.878114729464869015e-07 1.512676135462243110e-05 6.242108838705462404e-07 1.512676135462243110e-05
6.700000000000000000e+04 7.722006785115809180e-07 1.506064290879294276e-05 6.075152896301005967e-07 1.506064290879294276e-05
6.800000000000000000e+04 2.486189714545616880e-06 1.475094268243992701e-05 2.295263584528584033e-06 1.475094268243992701e-05
6.900000000000000000e+04 7.976306619639217388e-07 1.426721792086027563e-05 6.179864726618689019e-07 1.426721792086027563e-05
7.000000000000000000e+04 7.916002005003974773e-07 1.389416956953937188e-05 6.088616828492376953e-07 1.389416956953937188e-05
7.100000000000000000e+04 8.866365988069446757e-07 1.318237173109082505e-05 6.761151780665386468e-07 1.318237173109082505e-05
7.200000000000000000e+04 1.461065039620734751e-06 1.372187398374080658e-05 1.301065140069113113e-06 1.372187398374080658e-05
7.300000000000000000e+04 8.673735010233940557e-07 1.274050464417086914e-05 6.613521463805227540e-07 1.274050464417086914e-05
7.400000000000000000e+04 7.914501338746049441e-07 1.304929537582211196e-05 6.008052082506765146e-07 1.304929537582211196e-05
7.500000000000000000e+04 8.228013257394195534e-07 1.247836826223647222e-05 6.296255037341325078e-07 1.247836826223647222e-05
7.600000000000000000e+04 7.959976073834695853e-07 1.239585344592342153e-05 6.158909968689840753e-07 1.239585344592342153e-05
7.700000000000000000e+04 8.319245239363226574e-07 1.186909230455057696e-05 6.309346645139157772e-07 1.186909230455057696e-05
7.800000000000000000e+04 8.126028205879265442e-07 1.163837441708892584e-05 6.153160256872070022e-07 1.163837441708892584e-05
7.900000000000000000e+04 8.692557003087131307e-07 1.099352448363788426e-05 6.459535484282241669e-07 1.099352448363788426e-05
8.000000000000000000e+04 1.557091763970674947e-06 1.466513276682235301e-05 1.274142164220393170e-06 1.466513276682235301e-05
8.100000000000000000e+04 8.070641115409671329e-07 1.082043854694347829e-05 6.077014518268697429e-07 1.082043854694347829e-05
8.200000000000000000e+04 8.050808446569135413e-07 1.101734414987731725e-05 6.234910188140929677e-07 1.101734414987731725e-05
8.300000000000000000e+04 7.922711233732115943e-07 1.055321536114206538e-05 5.970311462988320272e-07 1.055321536114206538e-05
8.400000000000000000e+04 8.415753995905106422e-07 9.860918908088933676e-06 6.165442414385324810e-07 9.860918908088933676e-06
8.500000000000000000e+04 8.334682206623256207e-07 9.719577064970508218e-06 6.090345436859934125e-07 9.719577064970508218e-06
8.600000000000000000e+04 3.301088581793010235e-04 4.719742355518974364e-05 3.310358151793479919e-04 4.719742355518974364e-05
8.700000000000000000e+04 8.078375799414061476e-07 9.337389201391488314e-06 6.006686135151539929e-07 9.337389201391488314e-06
8.800000000000000000e+04 1.768774268384731840e-06 1.910805258376058191e-05 1.677507498243357986e-06 1.910805258376058191e-05
8.900000000000000000e+04 7.708444513809808996e-07 9.156452506431378424e-06 5.658060331370506901e-07 9.156452506431378424e-06
9.000000000000000000e+04 9.090805406231083907e-07 9.431981197849381715e-06 5.661338491336209700e-07 9.431981197849381715e-06
9.100000000000000000e+04 7.711757916695205495e-07 8.518832146364729851e-06 5.520745389731018804e-07 8.518832146364729851e-06
9.200000000000000000e+04 8.534385642633424141e-07 8.937746315496042371e-06 6.452618208641069941e-07 8.937746315496042371e-06
9.300000000000000000e+04 1.749045623000711203e-04 2.494057844160124660e-05 1.758463331498205662e-04 2.494057844160124660e-05
9.400000000000000000e+04 7.675697588638286106e-07 8.197577699320390821e-06 5.485097744895028882e-07 8.197577699320390821e-06
9.500000000000000000e+04 7.262220265147334430e-07 8.102913852781057358e-06 5.249365813142503612e-07 8.102913852781057358e-06
9.600000000000000000e+04 7.011123557276732754e-07 7.994699444680009037e-06 5.121324306855967734e-07 7.994699444680009037e-06
9.700000000000000000e+04 7.326946160901570693e-07 8.080201951088383794e-06 5.802125428999715950e-07 8.080201951088383794e-06
9.800000000000000000e+04 6.768084972463839222e-07 7.708049452048726380e-06 4.979328878107480705e-07 7.708049452048726380e-06
9.900000000000000000e+04 6.730915629304945469e-07 7.501966138079296798e-06 5.058176952843496110e-07 7.501966138079296798e-06
1.000000000000000000e+05 6.795867193432059139e-07 7.306654424610314891e-06 4.841959935220074840e-07 7.306654424610314891e-06
