# step, loss_train, loss_test, metrics_test
0.000000000000000000e+00 1.686393865384161472e-03 9.610687266103923321e-04 3.814553841948509216e-03 1.254289531707763672e+01 4.268888384103775024e-02 3.706249296665191650e-01 1.686393865384161472e-03 9.610687266103923321e-04 3.814553841948509216e-03 1.254289531707763672e+01 4.268888384103775024e-02 3.706249296665191650e-01
1.000000000000000000e+02 5.640834206133149564e-05 3.492968622595071793e-03 1.219238271005451679e-03 2.854416668415069580e-01 1.752932742238044739e-02 1.137023270130157471e-01 5.640834206133149564e-05 3.492968622595071793e-03 1.219238271005451679e-03 2.854416668415069580e-01 1.752932742238044739e-02 1.137023270130157471e-01
2.000000000000000000e+02 5.291023408062756062e-04 1.753534935414791107e-02 2.070997143164277077e-03 2.122921794652938843e-01 1.487872563302516937e-02 6.373763829469680786e-02 5.291023408062756062e-04 1.753534935414791107e-02 2.070997143164277077e-03 2.122921794652938843e-01 1.487872563302516937e-02 6.373763829469680786e-02
3.000000000000000000e+02 1.889094128273427486e-03 1.818294078111648560e-02 2.377084689214825630e-03 1.602885425090789795e-01 1.351728104054927826e-02 4.697561636567115784e-02 1.889094128273427486e-03 1.818294078111648560e-02 2.377084689214825630e-03 1.602885425090789795e-01 1.351728104054927826e-02 4.697561636567115784e-02
4.000000000000000000e+02 3.660597838461399078e-03 1.287088356912136078e-02 3.100358415395021439e-03 8.061626553535461426e-02 1.308843865990638733e-02 3.425189107656478882e-02 3.660597838461399078e-03 1.287088356912136078e-02 3.100358415395021439e-03 8.061626553535461426e-02 1.308843865990638733e-02 3.425189107656478882e-02
5.000000000000000000e+02 2.046402543783187866e-03 5.191159434616565704e-03 1.980608562007546425e-03 2.020934596657752991e-02 6.064788904041051865e-03 1.286477595567703247e-02 2.046402543783187866e-03 5.191159434616565704e-03 1.980608562007546425e-03 2.020934596657752991e-02 6.064788904041051865e-03 1.286477595567703247e-02
6.000000000000000000e+02 1.332533545792102814e-03 3.367160912603139877e-03 9.727276628836989403e-04 1.177725289016962051e-02 3.734510624781250954e-03 7.302715908735990524e-03 1.332533545792102814e-03 3.367160912603139877e-03 9.727276628836989403e-04 1.177725289016962051e-02 3.734510624781250954e-03 7.302715908735990524e-03
7.000000000000000000e+02 9.498732397332787514e-04 2.821704139932990074e-03 7.843910134397447109e-04 8.758611977100372314e-03 2.953148214146494865e-03 4.339378327131271362e-03 9.498732397332787514e-04 2.821704139932990074e-03 7.843910134397447109e-04 8.758611977100372314e-03 2.953148214146494865e-03 4.339378327131271362e-03
8.000000000000000000e+02 6.813707295805215836e-04 2.297922037541866302e-03 6.599547341465950012e-04 7.554994430392980576e-03 2.387948799878358841e-03 3.194842953234910965e-03 6.813707295805215836e-04 2.297922037541866302e-03 6.599547341465950012e-04 7.554994430392980576e-03 2.387948799878358841e-03 3.194842953234910965e-03
9.000000000000000000e+02 5.756169557571411133e-04 2.033822936937212944e-03 5.981301073916256428e-04 6.728088483214378357e-03 2.026557456701993942e-03 2.572172088548541069e-03 5.756169557571411133e-04 2.033822936937212944e-03 5.981301073916256428e-04 6.728088483214378357e-03 2.026557456701993942e-03 2.572172088548541069e-03
1.000000000000000000e+03 5.239027668721973896e-04 1.875468296930193901e-03 5.502651329152286053e-04 6.390200462192296982e-03 1.795556745491921902e-03 2.502719173207879066e-03 5.239027668721973896e-04 1.875468296930193901e-03 5.502651329152286053e-04 6.390200462192296982e-03 1.795556745491921902e-03 2.502719173207879066e-03
1.100000000000000000e+03 4.670898779295384884e-04 1.639251480810344219e-03 4.962960374541580677e-04 6.036096718162298203e-03 1.546485465951263905e-03 2.714949892833828926e-03 4.670898779295384884e-04 1.639251480810344219e-03 4.962960374541580677e-04 6.036096718162298203e-03 1.546485465951263905e-03 2.714949892833828926e-03
1.200000000000000000e+03 4.329082730691879988e-04 1.456827507354319096e-03 4.612876218743622303e-04 5.857048556208610535e-03 1.357601140625774860e-03 1.871590153314173222e-03 4.329082730691879988e-04 1.456827507354319096e-03 4.612876218743622303e-04 5.857048556208610535e-03 1.357601140625774860e-03 1.871590153314173222e-03
1.300000000000000000e+03 4.168336745351552963e-04 1.391725731082260609e-03 4.330625524744391441e-04 5.100608337670564651e-03 1.192759140394628048e-03 1.673901337198913097e-03 4.168336745351552963e-04 1.391725731082260609e-03 4.330625524744391441e-04 5.100608337670564651e-03 1.192759140394628048e-03 1.673901337198913097e-03
1.400000000000000000e+03 4.235048254486173391e-04 1.432291930541396141e-03 4.248659824952483177e-04 6.805123295634984970e-03 1.236850861459970474e-03 4.450953099876642227e-03 4.235048254486173391e-04 1.432291930541396141e-03 4.248659824952483177e-04 6.805123295634984970e-03 1.236850861459970474e-03 4.450953099876642227e-03
1.500000000000000000e+03 3.753471246454864740e-04 1.176554709672927856e-03 3.765468136407434940e-04 4.985551349818706512e-03 8.823348325677216053e-04 1.637093839235603809e-03 3.753471246454864740e-04 1.176554709672927856e-03 3.765468136407434940e-04 4.985551349818706512e-03 8.823348325677216053e-04 1.637093839235603809e-03
1.600000000000000000e+03 3.879231226164847612e-04 1.208942732773721218e-03 3.839588025584816933e-04 4.885513335466384888e-03 8.248139638453722000e-04 1.984652597457170486e-03 3.879231226164847612e-04 1.208942732773721218e-03 3.839588025584816933e-04 4.885513335466384888e-03 8.248139638453722000e-04 1.984652597457170486e-03
1.700000000000000000e+03 3.323600976727902889e-04 9.863784071058034897e-04 3.287436848040670156e-04 6.868797354400157928e-03 7.556617492809891701e-04 2.675853669643402100e-03 3.323600976727902889e-04 9.863784071058034897e-04 3.287436848040670156e-04 6.868797354400157928e-03 7.556617492809891701e-04 2.675853669643402100e-03
1.800000000000000000e+03 3.534436982590705156e-04 1.004402758553624153e-03 3.514321579132229090e-04 3.520584665238857269e-03 5.465812282636761665e-04 1.008857507258653641e-03 3.534436982590705156e-04 1.004402758553624153e-03 3.514321579132229090e-04 3.520584665238857269e-03 5.465812282636761665e-04 1.008857507258653641e-03
1.900000000000000000e+03 3.401470312383025885e-04 9.145612129941582680e-04 3.451869997661560774e-04 3.290929831564426422e-03 4.710492503363639116e-04 9.374346118420362473e-04 3.401470312383025885e-04 9.145612129941582680e-04 3.451869997661560774e-04 3.290929831564426422e-03 4.710492503363639116e-04 9.374346118420362473e-04
2.000000000000000000e+03 3.501305473037064075e-04 9.780337568372488022e-04 3.893974353559315205e-04 4.440964199602603912e-03 5.646454519592225552e-04 3.407201264053583145e-03 3.501305473037064075e-04 9.780337568372488022e-04 3.893974353559315205e-04 4.440964199602603912e-03 5.646454519592225552e-04 3.407201264053583145e-03
2.100000000000000000e+03 3.071821993216872215e-04 8.070419426076114178e-04 3.155169542878866196e-04 2.993298228830099106e-03 3.548591630533337593e-04 7.933596498332917690e-04 3.071821993216872215e-04 8.070419426076114178e-04 3.155169542878866196e-04 2.993298228830099106e-03 3.548591630533337593e-04 7.933596498332917690e-04
2.200000000000000000e+03 3.116762673016637564e-04 8.445836720056831837e-04 3.425684408284723759e-04 3.213729942217469215e-03 3.736277285497635603e-04 1.067781588062644005e-03 3.116762673016637564e-04 8.445836720056831837e-04 3.425684408284723759e-04 3.213729942217469215e-03 3.736277285497635603e-04 1.067781588062644005e-03
2.300000000000000000e+03 2.979750570375472307e-04 7.598650990985333920e-04 2.946962194982916117e-04 4.777875728905200958e-03 5.254110437817871571e-04 6.751958280801773071e-03 2.979750570375472307e-04 7.598650990985333920e-04 2.946962194982916117e-04 4.777875728905200958e-03 5.254110437817871571e-04 6.751958280801773071e-03
2.400000000000000000e+03 2.654616255313158035e-04 6.988372188061475754e-04 2.747637045104056597e-04 2.385327126830816269e-03 2.619379665702581406e-04 7.383660995401442051e-04 2.654616255313158035e-04 6.988372188061475754e-04 2.747637045104056597e-04 2.385327126830816269e-03 2.619379665702581406e-04 7.383660995401442051e-04
2.500000000000000000e+03 2.536372339818626642e-04 6.764159188605844975e-04 2.568830386735498905e-04 2.295704558491706848e-03 2.436195645714178681e-04 7.021802593953907490e-04 2.536372339818626642e-04 6.764159188605844975e-04 2.568830386735498905e-04 2.295704558491706848e-03 2.436195645714178681e-04 7.021802593953907490e-04
2.600000000000000000e+03 2.611008821986615658e-04 7.077506743371486664e-04 2.979562268592417240e-04 2.281575696542859077e-03 2.726106031332165003e-04 2.061468549072742462e-03 2.611008821986615658e-04 7.077506743371486664e-04 2.979562268592417240e-04 2.281575696542859077e-03 2.726106031332165003e-04 2.061468549072742462e-03
2.700000000000000000e+03 2.469549945089966059e-04 6.574623403139412403e-04 2.668905653990805149e-04 2.153307897970080376e-03 2.389533765381202102e-04 9.941430762410163879e-04 2.469549945089966059e-04 6.574623403139412403e-04 2.668905653990805149e-04 2.153307897970080376e-03 2.389533765381202102e-04 9.941430762410163879e-04
2.800000000000000000e+03 2.282091882079839706e-04 5.846289568580687046e-04 2.185699850087985396e-04 1.555668073706328869e-03 1.810860994737595320e-04 6.042415043339133263e-04 2.282091882079839706e-04 5.846289568580687046e-04 2.185699850087985396e-04 1.555668073706328869e-03 1.810860994737595320e-04 6.042415043339133263e-04
2.900000000000000000e+03 2.101218706229701638e-04 6.071334937587380409e-04 1.978400105144828558e-04 3.814768278971314430e-03 2.964698651339858770e-04 1.254460541531443596e-03 2.101218706229701638e-04 6.071334937587380409e-04 1.978400105144828558e-04 3.814768278971314430e-03 2.964698651339858770e-04 1.254460541531443596e-03
3.000000000000000000e+03 2.075209195027127862e-04 5.615272675640881062e-04 1.988678413908928633e-04 1.279944670386612415e-03 1.515767362434417009e-04 3.762395062949508429e-04 2.075209195027127862e-04 5.615272675640881062e-04 1.988678413908928633e-04 1.279944670386612415e-03 1.515767362434417009e-04 3.762395062949508429e-04
3.100000000000000000e+03 1.955353509401902556e-04 5.293303984217345715e-04 1.763778418535366654e-04 1.153109944425523281e-03 1.444434310542419553e-04 3.568306565284729004e-04 1.955353509401902556e-04 5.293303984217345715e-04 1.763778418535366654e-04 1.153109944425523281e-03 1.444434310542419553e-04 3.568306565284729004e-04
3.200000000000000000e+03 1.952109596459195018e-04 5.324539379216730595e-04 1.652004721108824015e-04 3.119492204859852791e-03 2.794907195493578911e-04 1.425063004717230797e-03 1.952109596459195018e-04 5.324539379216730595e-04 1.652004721108824015e-04 3.119492204859852791e-03 2.794907195493578911e-04 1.425063004717230797e-03
3.300000000000000000e+03 1.823690254241228104e-04 4.728897183667868376e-04 1.617200905457139015e-04 9.874732932075858116e-04 1.312898966716602445e-04 3.295062342658638954e-04 1.823690254241228104e-04 4.728897183667868376e-04 1.617200905457139015e-04 9.874732932075858116e-04 1.312898966716602445e-04 3.295062342658638954e-04
3.400000000000000000e+03 1.731450320221483707e-04 4.832892736885696650e-04 1.383493363391608000e-04 1.101599656976759434e-03 1.555920171085745096e-04 6.400187266990542412e-04 1.731450320221483707e-04 4.832892736885696650e-04 1.383493363391608000e-04 1.101599656976759434e-03 1.555920171085745096e-04 6.400187266990542412e-04
3.500000000000000000e+03 1.696012041065841913e-04 4.591273900587111712e-04 1.366674696328118443e-04 8.791392901912331581e-04 1.139597588917240500e-04 5.672738188877701759e-04 1.696012041065841913e-04 4.591273900587111712e-04 1.366674696328118443e-04 8.791392901912331581e-04 1.139597588917240500e-04 5.672738188877701759e-04
3.600000000000000000e+03 1.596398360561579466e-04 4.267438780516386032e-04 1.329912483924999833e-04 8.978198748081922531e-04 1.021781718009151518e-04 3.079735033679753542e-04 1.596398360561579466e-04 4.267438780516386032e-04 1.329912483924999833e-04 8.978198748081922531e-04 1.021781718009151518e-04 3.079735033679753542e-04
3.700000000000000000e+03 1.536291092634201050e-04 4.161167598795145750e-04 1.290625223191455007e-04 9.184508817270398140e-04 1.358010194962844253e-04 3.448018396738916636e-04 1.536291092634201050e-04 4.161167598795145750e-04 1.290625223191455007e-04 9.184508817270398140e-04 1.358010194962844253e-04 3.448018396738916636e-04
3.800000000000000000e+03 1.438941690139472485e-04 4.147598810959607363e-04 1.174182907561771572e-04 1.380043569952249527e-03 1.391236146446317434e-04 4.638998070731759071e-04 1.438941690139472485e-04 4.147598810959607363e-04 1.174182907561771572e-04 1.380043569952249527e-03 1.391236146446317434e-04 4.638998070731759071e-04
3.900000000000000000e+03 1.347588404314592481e-04 4.221880517434328794e-04 1.108806754928082228e-04 8.539071423001587391e-04 2.693637507036328316e-04 2.481370174791663885e-04 1.347588404314592481e-04 4.221880517434328794e-04 1.108806754928082228e-04 8.539071423001587391e-04 2.693637507036328316e-04 2.481370174791663885e-04
4.000000000000000000e+03 1.383725611958652735e-04 3.553211863618344069e-04 1.148197916336357594e-04 7.117778295651078224e-04 1.174986391561105847e-04 3.346328448969870806e-04 1.383725611958652735e-04 3.553211863618344069e-04 1.148197916336357594e-04 7.117778295651078224e-04 1.174986391561105847e-04 3.346328448969870806e-04
4.100000000000000000e+03 1.454705634387210011e-04 4.064340901095420122e-04 1.227208413183689117e-04 9.228055132552981377e-04 1.350576203549280763e-04 1.436398830264806747e-03 1.454705634387210011e-04 4.064340901095420122e-04 1.227208413183689117e-04 9.228055132552981377e-04 1.350576203549280763e-04 1.436398830264806747e-03
4.200000000000000000e+03 1.372767728753387928e-04 3.908657236024737358e-04 1.050305654644034803e-04 1.927912584505975246e-03 1.865171216195449233e-04 8.264612406492233276e-04 1.372767728753387928e-04 3.908657236024737358e-04 1.050305654644034803e-04 1.927912584505975246e-03 1.865171216195449233e-04 8.264612406492233276e-04
4.300000000000000000e+03 1.194829601445235312e-04 3.766459994949400425e-04 1.024517914629541337e-04 5.925035220570862293e-04 2.729744883254170418e-04 2.006642171181738377e-04 1.194829601445235312e-04 3.766459994949400425e-04 1.024517914629541337e-04 5.925035220570862293e-04 2.729744883254170418e-04 2.006642171181738377e-04
4.400000000000000000e+03 1.246059109689667821e-04 3.915963170584291220e-04 1.021458228933624923e-04 1.488786889240145683e-03 1.663267175899818540e-04 5.859681405127048492e-04 1.246059109689667821e-04 3.915963170584291220e-04 1.021458228933624923e-04 1.488786889240145683e-03 1.663267175899818540e-04 5.859681405127048492e-04
4.500000000000000000e+03 1.222312712343409657e-04 3.466318885330110788e-04 8.808251004666090012e-05 1.285715727135539055e-03 1.484122331021353602e-04 5.898831295780837536e-04 1.222312712343409657e-04 3.466318885330110788e-04 8.808251004666090012e-05 1.285715727135539055e-03 1.484122331021353602e-04 5.898831295780837536e-04
4.600000000000000000e+03 1.114296755986288190e-04 3.172620490659028292e-04 8.441152749583125114e-05 6.375023513101041317e-04 8.847563731251284480e-05 2.717281458899378777e-04 1.114296755986288190e-04 3.172620490659028292e-04 8.441152749583125114e-05 6.375023513101041317e-04 8.847563731251284480e-05 2.717281458899378777e-04
4.700000000000000000e+03 1.142960172728635371e-04 2.807079290505498648e-04 9.105807112064212561e-05 1.588565297424793243e-03 9.769793541636317968e-05 3.846994077321141958e-04 1.142960172728635371e-04 2.807079290505498648e-04 9.105807112064212561e-05 1.588565297424793243e-03 9.769793541636317968e-05 3.846994077321141958e-04
4.800000000000000000e+03 1.085133844753727317e-04 3.338708775117993355e-04 1.081434311345219612e-04 1.189296599477529526e-03 3.509408852551132441e-04 4.453060100786387920e-04 1.085133844753727317e-04 3.338708775117993355e-04 1.081434311345219612e-04 1.189296599477529526e-03 3.509408852551132441e-04 4.453060100786387920e-04
4.900000000000000000e+03 9.926480561261996627e-05 2.578604326117783785e-04 8.203579636756330729e-05 4.335398261900991201e-04 7.663606083951890469e-05 4.596671788021922112e-04 9.926480561261996627e-05 2.578604326117783785e-04 8.203579636756330729e-05 4.335398261900991201e-04 7.663606083951890469e-05 4.596671788021922112e-04
5.000000000000000000e+03 9.950043022399768233e-05 3.352993808221071959e-04 9.759711974766105413e-05 1.060286303982138634e-03 3.439519496168941259e-04 4.800174501724541187e-04 9.950043022399768233e-05 3.352993808221071959e-04 9.759711974766105413e-05 1.060286303982138634e-03 3.439519496168941259e-04 4.800174501724541187e-04
5.100000000000000000e+03 9.619205957278609276e-05 2.999065036419779062e-04 7.180772809078916907e-05 5.558300181291997433e-04 9.395515371579676867e-05 1.979973167181015015e-04 9.619205957278609276e-05 2.999065036419779062e-04 7.180772809078916907e-05 5.558300181291997433e-04 9.395515371579676867e-05 1.979973167181015015e-04
5.200000000000000000e+03 8.691436960361897945e-05 2.357886987738311291e-04 6.777255475753918290e-05 2.513063664082437754e-04 5.646795034408569336e-05 1.170754621853120625e-04 8.691436960361897945e-05 2.357886987738311291e-04 6.777255475753918290e-05 2.513063664082437754e-04 5.646795034408569336e-05 1.170754621853120625e-04
5.300000000000000000e+03 8.597371197538450360e-05 2.154293033527210355e-04 6.556094012921676040e-05 4.105805710423737764e-04 6.712887989124283195e-05 1.926994009409099817e-04 8.597371197538450360e-05 2.154293033527210355e-04 6.556094012921676040e-05 4.105805710423737764e-04 6.712887989124283195e-05 1.926994009409099817e-04
5.400000000000000000e+03 8.552365034120157361e-05 2.244821516796946526e-04 7.342041499214246869e-05 1.078893430531024933e-03 1.909685815917328000e-04 3.589825937524437904e-04 8.552365034120157361e-05 2.244821516796946526e-04 7.342041499214246869e-05 1.078893430531024933e-03 1.909685815917328000e-04 3.589825937524437904e-04
5.500000000000000000e+03 8.233707922045141459e-05 2.442956320010125637e-04 6.247866986086592078e-05 4.024041700176894665e-04 9.458245767746120691e-05 1.744487817632034421e-04 8.233707922045141459e-05 2.442956320010125637e-04 6.247866986086592078e-05 4.024041700176894665e-04 9.458245767746120691e-05 1.744487817632034421e-04
5.600000000000000000e+03 7.843156345188617706e-05 1.946172415046021342e-04 6.009881326463073492e-05 3.357205423526465893e-04 6.325731374090537429e-05 2.376749325776472688e-04 7.843156345188617706e-05 1.946172415046021342e-04 6.009881326463073492e-05 3.357205423526465893e-04 6.325731374090537429e-05 2.376749325776472688e-04
5.700000000000000000e+03 8.501289266860112548e-05 2.510150079615414143e-04 5.848029104527086020e-05 1.212519360706210136e-03 1.372008264297619462e-04 5.750309792347252369e-04 8.501289266860112548e-05 2.510150079615414143e-04 5.848029104527086020e-05 1.212519360706210136e-03 1.372008264297619462e-04 5.750309792347252369e-04
5.800000000000000000e+03 8.964502922026440501e-05 2.707683306653052568e-04 5.996852269163355231e-05 1.662049558945000172e-03 1.687503245193511248e-04 6.656319019384682178e-04 8.964502922026440501e-05 2.707683306653052568e-04 5.996852269163355231e-05 1.662049558945000172e-03 1.687503245193511248e-04 6.656319019384682178e-04
5.900000000000000000e+03 8.759638876654207706e-05 2.942053542938083410e-04 7.578316581202670932e-05 2.887662732973694801e-03 2.290755073772743344e-04 1.641498529352247715e-03 8.759638876654207706e-05 2.942053542938083410e-04 7.578316581202670932e-05 2.887662732973694801e-03 2.290755073772743344e-04 1.641498529352247715e-03
6.000000000000000000e+03 7.125840784283354878e-05 1.648606848903000355e-04 5.321142816683277488e-05 5.977014661766588688e-04 9.282580867875367403e-05 3.961432375945150852e-04 7.125840784283354878e-05 1.648606848903000355e-04 5.321142816683277488e-05 5.977014661766588688e-04 9.282580867875367403e-05 3.961432375945150852e-04
6.100000000000000000e+03 8.139062992995604873e-05 2.231913676951080561e-04 5.842445170856080949e-05 1.813951879739761353e-03 1.939171925187110901e-04 9.766842704266309738e-04 8.139062992995604873e-05 2.231913676951080561e-04 5.842445170856080949e-05 1.813951879739761353e-03 1.939171925187110901e-04 9.766842704266309738e-04
6.200000000000000000e+03 7.468329567927867174e-05 2.237065200461074710e-04 5.245835927780717611e-05 6.173877627588808537e-04 1.572241599205881357e-04 8.961042622104287148e-04 7.468329567927867174e-05 2.237065200461074710e-04 5.245835927780717611e-05 6.173877627588808537e-04 1.572241599205881357e-04 8.961042622104287148e-04
6.300000000000000000e+03 7.847534288885071874e-05 2.372317976551130414e-04 6.126766675151884556e-05 2.455467358231544495e-03 2.102848520735278726e-04 9.157562162727117538e-04 7.847534288885071874e-05 2.372317976551130414e-04 6.126766675151884556e-05 2.455467358231544495e-03 2.102848520735278726e-04 9.157562162727117538e-04
6.400000000000000000e+03 5.764257730334065855e-05 1.551217137603089213e-04 4.584822818287648261e-05 2.477777597960084677e-04 6.873020174680277705e-05 1.637189125176519156e-04 5.764257730334065855e-05 1.551217137603089213e-04 4.584822818287648261e-05 2.477777597960084677e-04 6.873020174680277705e-05 1.637189125176519156e-04
6.500000000000000000e+03 7.006433588685467839e-05 1.664501760387793183e-04 5.031649561715312302e-05 1.454535173252224922e-03 1.709222997305914760e-04 6.376686505973339081e-04 7.006433588685467839e-05 1.664501760387793183e-04 5.031649561715312302e-05 1.454535173252224922e-03 1.709222997305914760e-04 6.376686505973339081e-04
6.600000000000000000e+03 5.371696897782385349e-05 1.554738701088353992e-04 4.657266617869026959e-05 4.060744540765881538e-04 6.170540291350334883e-05 1.391551631968468428e-04 5.371696897782385349e-05 1.554738701088353992e-04 4.657266617869026959e-05 4.060744540765881538e-04 6.170540291350334883e-05 1.391551631968468428e-04
6.700000000000000000e+03 6.044158726581372321e-05 1.396466832375153899e-04 4.519788853940553963e-05 6.583587964996695518e-04 7.923078374005854130e-05 3.352878848090767860e-04 6.044158726581372321e-05 1.396466832375153899e-04 4.519788853940553963e-05 6.583587964996695518e-04 7.923078374005854130e-05 3.352878848090767860e-04
6.800000000000000000e+03 7.253629155457019806e-05 1.530219597043469548e-04 5.394403342506848276e-05 2.179227070882916451e-03 2.092263894155621529e-04 9.215968893840909004e-04 7.253629155457019806e-05 1.530219597043469548e-04 5.394403342506848276e-05 2.179227070882916451e-03 2.092263894155621529e-04 9.215968893840909004e-04
6.900000000000000000e+03 5.777402839157730341e-05 1.333358377451077104e-04 4.834374340134672821e-05 1.214777352288365364e-03 1.132895122282207012e-04 4.387873341329395771e-04 5.777402839157730341e-05 1.333358377451077104e-04 4.834374340134672821e-05 1.214777352288365364e-03 1.132895122282207012e-04 4.387873341329395771e-04
7.000000000000000000e+03 5.314034933689981699e-05 1.701573492027819157e-04 3.844936873065307736e-05 6.043656030669808388e-04 7.499753701267763972e-05 2.501881390344351530e-04 5.314034933689981699e-05 1.701573492027819157e-04 3.844936873065307736e-05 6.043656030669808388e-04 7.499753701267763972e-05 2.501881390344351530e-04
7.100000000000000000e+03 4.882357461610808969e-05 1.399521861458197236e-04 3.627295882324688137e-05 2.824302064254879951e-04 5.903699275222606957e-05 1.065749311237595975e-04 4.882357461610808969e-05 1.399521861458197236e-04 3.627295882324688137e-05 2.824302064254879951e-04 5.903699275222606957e-05 1.065749311237595975e-04
7.200000000000000000e+03 5.556498581427149475e-05 1.359646412311121821e-04 4.085298496647737920e-05 1.231171307153999805e-03 1.276790717383846641e-04 4.857127496507018805e-04 5.556498581427149475e-05 1.359646412311121821e-04 4.085298496647737920e-05 1.231171307153999805e-03 1.276790717383846641e-04 4.857127496507018805e-04
7.300000000000000000e+03 4.487998012336902320e-05 3.052012179978191853e-04 5.701071859220974147e-05 2.052013587672263384e-04 4.619035462383180857e-04 8.825893746688961983e-05 4.487998012336902320e-05 3.052012179978191853e-04 5.701071859220974147e-05 2.052013587672263384e-04 4.619035462383180857e-04 8.825893746688961983e-05
7.400000000000000000e+03 4.888146213488653302e-05 1.494515308877453208e-04 4.284717942937277257e-05 7.674591033719480038e-04 1.016981332213617861e-04 3.507410874590277672e-04 4.888146213488653302e-05 1.494515308877453208e-04 4.284717942937277257e-05 7.674591033719480038e-04 1.016981332213617861e-04 3.507410874590277672e-04
7.500000000000000000e+03 4.528799036052078009e-05 1.192572381114587188e-04 4.029615956824272871e-05 6.216130568645894527e-04 6.987011147430166602e-05 2.345344400964677334e-04 4.528799036052078009e-05 1.192572381114587188e-04 4.029615956824272871e-05 6.216130568645894527e-04 6.987011147430166602e-05 2.345344400964677334e-04
7.600000000000000000e+03 5.458375744638033211e-05 3.094279090873897076e-04 5.107794277137145400e-05 6.291076424531638622e-04 4.198894312139600515e-04 1.098037813790142536e-03 5.458375744638033211e-05 3.094279090873897076e-04 5.107794277137145400e-05 6.291076424531638622e-04 4.198894312139600515e-04 1.098037813790142536e-03
7.700000000000000000e+03 4.874651494901627302e-05 1.794865092961117625e-04 5.355760367820039392e-05 7.631088956259191036e-04 2.497379318810999393e-04 8.214924018830060959e-04 4.874651494901627302e-05 1.794865092961117625e-04 5.355760367820039392e-05 7.631088956259191036e-04 2.497379318810999393e-04 8.214924018830060959e-04
7.800000000000000000e+03 4.546160198515281081e-05 1.403316127834841609e-04 5.253692870610393584e-05 1.874711248092353344e-03 1.067311677616089582e-04 4.423256905283778906e-04 4.546160198515281081e-05 1.403316127834841609e-04 5.253692870610393584e-05 1.874711248092353344e-03 1.067311677616089582e-04 4.423256905283778906e-04
7.900000000000000000e+03 4.058656486449763179e-05 1.263495505554601550e-04 3.239714351366274059e-05 3.326780279166996479e-04 5.385389522416517138e-05 3.741058462765067816e-04 4.058656486449763179e-05 1.263495505554601550e-04 3.239714351366274059e-05 3.326780279166996479e-04 5.385389522416517138e-05 3.741058462765067816e-04
8.000000000000000000e+03 3.932245090254582465e-05 1.195490185637027025e-04 3.434929749346338212e-05 3.543126222211867571e-04 7.357664435403421521e-05 1.643808500375598669e-04 3.932245090254582465e-05 1.195490185637027025e-04 3.434929749346338212e-05 3.543126222211867571e-04 7.357664435403421521e-05 1.643808500375598669e-04
8.100000000000000000e+03 4.733524838229641318e-05 1.289017818635329604e-04 3.814468072960153222e-05 1.305919024161994457e-03 1.082464586943387985e-04 5.023002158850431442e-04 4.733524838229641318e-05 1.289017818635329604e-04 3.814468072960153222e-05 1.305919024161994457e-03 1.082464586943387985e-04 5.023002158850431442e-04
8.200000000000000000e+03 4.788878504768945277e-05 1.368323573842644691e-04 3.356352317496202886e-05 1.144819194450974464e-03 1.278154377359896898e-04 4.128535219933837652e-04 4.788878504768945277e-05 1.368323573842644691e-04 3.356352317496202886e-05 1.144819194450974464e-03 1.278154377359896898e-04 4.128535219933837652e-04
8.300000000000000000e+03 3.570066473912447691e-05 9.140683687292039394e-05 3.062578980461694300e-05 2.618110738694667816e-04 3.948247103835456073e-05 4.386140790302306414e-04 3.570066473912447691e-05 9.140683687292039394e-05 3.062578980461694300e-05 2.618110738694667816e-04 3.948247103835456073e-05 4.386140790302306414e-04
8.400000000000000000e+03 3.970826583099551499e-05 9.240219515049830079e-05 3.027283855772111565e-05 5.734568694606423378e-04 6.851927901152521372e-05 2.059681864921003580e-04 3.970826583099551499e-05 9.240219515049830079e-05 3.027283855772111565e-05 5.734568694606423378e-04 6.851927901152521372e-05 2.059681864921003580e-04
8.500000000000000000e+03 3.525095598888583481e-05 8.692685514688491821e-05 2.719204530876595527e-05 1.298450370086356997e-04 3.767640373553149402e-05 6.879729335196316242e-05 3.525095598888583481e-05 8.692685514688491821e-05 2.719204530876595527e-05 1.298450370086356997e-04 3.767640373553149402e-05 6.879729335196316242e-05
8.600000000000000000e+03 3.490179733489640057e-05 1.079994981409981847e-04 2.860567656171042472e-05 1.504043611930683255e-04 3.559984543244354427e-05 4.668202745961025357e-05 3.490179733489640057e-05 1.079994981409981847e-04 2.860567656171042472e-05 1.504043611930683255e-04 3.559984543244354427e-05 4.668202745961025357e-05
8.700000000000000000e+03 3.265415944042615592e-05 8.353846351383253932e-05 2.767045225482434034e-05 1.012375651043839753e-04 3.471295713097788393e-05 9.474034595768898726e-05 3.265415944042615592e-05 8.353846351383253932e-05 2.767045225482434034e-05 1.012375651043839753e-04 3.471295713097788393e-05 9.474034595768898726e-05
8.800000000000000000e+03 3.870509681291878223e-05 1.310246007051318884e-04 3.341085539432242513e-05 5.720494082197546959e-04 1.366193027934059501e-04 3.505628556013107300e-04 3.870509681291878223e-05 1.310246007051318884e-04 3.341085539432242513e-05 5.720494082197546959e-04 1.366193027934059501e-04 3.505628556013107300e-04
8.900000000000000000e+03 4.566013376461341977e-05 1.349828817183151841e-04 3.694294719025492668e-05 1.620010589249432087e-03 1.503056410001590848e-04 4.700326244346797466e-04 4.566013376461341977e-05 1.349828817183151841e-04 3.694294719025492668e-05 1.620010589249432087e-03 1.503056410001590848e-04 4.700326244346797466e-04
9.000000000000000000e+03 3.593592919060029089e-05 9.315480565419420600e-05 2.581053558969870210e-05 2.641456085257232189e-04 6.635620957240462303e-05 2.592018863651901484e-04 3.593592919060029089e-05 9.315480565419420600e-05 2.581053558969870210e-05 2.641456085257232189e-04 6.635620957240462303e-05 2.592018863651901484e-04
9.100000000000000000e+03 3.250707959523424506e-05 7.194145291578024626e-05 2.881142791011370718e-05 6.968705565668642521e-04 4.637152960640378296e-05 2.783909440040588379e-04 3.250707959523424506e-05 7.194145291578024626e-05 2.881142791011370718e-05 6.968705565668642521e-04 4.637152960640378296e-05 2.783909440040588379e-04
9.200000000000000000e+03 3.413744707359001040e-05 8.223378972616046667e-05 2.776246583380270749e-05 7.854314753785729408e-04 6.781357660656794906e-05 2.711560809984803200e-04 3.413744707359001040e-05 8.223378972616046667e-05 2.776246583380270749e-05 7.854314753785729408e-04 6.781357660656794906e-05 2.711560809984803200e-04
9.300000000000000000e+03 3.244857725803740323e-05 7.084645767463371158e-05 2.711959314183332026e-05 6.984644569456577301e-04 6.192418368300423026e-05 2.211106620961800218e-04 3.244857725803740323e-05 7.084645767463371158e-05 2.711959314183332026e-05 6.984644569456577301e-04 6.192418368300423026e-05 2.211106620961800218e-04
9.400000000000000000e+03 3.438253042986616492e-05 1.336073037236928940e-04 4.049290873808786273e-05 9.550669929012656212e-04 1.726113987388089299e-04 4.064600507263094187e-04 3.438253042986616492e-05 1.336073037236928940e-04 4.049290873808786273e-05 9.550669929012656212e-04 1.726113987388089299e-04 4.064600507263094187e-04
9.500000000000000000e+03 3.233005190850235522e-05 7.790924428263679147e-05 2.637351826706435531e-05 9.302077232860028744e-04 5.656611028825864196e-05 3.457114507909864187e-04 3.233005190850235522e-05 7.790924428263679147e-05 2.637351826706435531e-05 9.302077232860028744e-04 5.656611028825864196e-05 3.457114507909864187e-04
9.600000000000000000e+03 3.716437640832737088e-05 1.134685662691481411e-04 2.956707794510293752e-05 1.467214780859649181e-03 1.290529617108404636e-04 5.790576688013970852e-04 3.716437640832737088e-05 1.134685662691481411e-04 2.956707794510293752e-05 1.467214780859649181e-03 1.290529617108404636e-04 5.790576688013970852e-04
9.700000000000000000e+03 2.806721386150456965e-05 6.886431219754740596e-05 2.267847594339400530e-05 8.241294563049450517e-05 3.414045932004228234e-05 4.552086829789914191e-05 2.806721386150456965e-05 6.886431219754740596e-05 2.267847594339400530e-05 8.241294563049450517e-05 3.414045932004228234e-05 4.552086829789914191e-05
9.800000000000000000e+03 3.013480818481184542e-05 7.130546146072447300e-05 2.492396924935746938e-05 2.633211261127144098e-04 4.991581590729765594e-05 1.436687889508903027e-04 3.013480818481184542e-05 7.130546146072447300e-05 2.492396924935746938e-05 2.633211261127144098e-04 4.991581590729765594e-05 1.436687889508903027e-04
9.900000000000000000e+03 3.304276469862088561e-05 6.229681457625702024e-05 2.427633444312959909e-05 7.472922443412244320e-04 8.441440149908885360e-05 5.192182725295424461e-04 3.304276469862088561e-05 6.229681457625702024e-05 2.427633444312959909e-05 7.472922443412244320e-04 8.441440149908885360e-05 5.192182725295424461e-04
1.000000000000000000e+04 2.843798029061872512e-05 7.592956535518169403e-05 2.621100429678335786e-05 3.649025456979870796e-04 5.313732617651112378e-05 4.487925980356521904e-05 2.843798029061872512e-05 7.592956535518169403e-05 2.621100429678335786e-05 3.649025456979870796e-04 5.313732617651112378e-05 4.487925980356521904e-05
1.000000000000000000e+04 2.843798029061872512e-05 7.592956535518169403e-05 2.621100429678335786e-05 3.649025456979870796e-04 5.313732617651112378e-05 4.487925980356521904e-05 2.843798029061872512e-05 7.592956535518169403e-05 2.621100429678335786e-05 3.649025456979870796e-04 5.313732617651112378e-05 4.487925980356521904e-05
1.010000000000000000e+04 7.260031998157501221e-05 2.172657113987952471e-04 1.071001170203089714e-04 3.951417282223701477e-03 8.941472333390265703e-05 1.413549907738342881e-04 7.260031998157501221e-05 2.172657113987952471e-04 1.071001170203089714e-04 3.951417282223701477e-03 8.941472333390265703e-05 1.413549907738342881e-04
1.020000000000000000e+04 5.889097519684582949e-05 2.132509107468649745e-04 7.833429845049977303e-05 2.999695250764489174e-03 5.417507782112807035e-05 8.831795275909826159e-05 5.889097519684582949e-05 2.132509107468649745e-04 7.833429845049977303e-05 2.999695250764489174e-03 5.417507782112807035e-05 8.831795275909826159e-05
1.030000000000000000e+04 6.376872624969109893e-05 2.128252235706895590e-04 6.815383676439523697e-05 2.391899004578590393e-03 4.250672282068990171e-05 7.020677730906754732e-05 6.376872624969109893e-05 2.128252235706895590e-04 6.815383676439523697e-05 2.391899004578590393e-03 4.250672282068990171e-05 7.020677730906754732e-05
1.040000000000000000e+04 6.320915417745709419e-05 2.026155125349760056e-04 6.058892904547974467e-05 1.930926460772752762e-03 3.694240149343386292e-05 5.964669981040060520e-05 6.320915417745709419e-05 2.026155125349760056e-04 6.058892904547974467e-05 1.930926460772752762e-03 3.694240149343386292e-05 5.964669981040060520e-05
1.050000000000000000e+04 5.619958028546534479e-05 1.941744558280333877e-04 5.611689630313776433e-05 1.556700444780290127e-03 3.394065788597799838e-05 5.283476275508292019e-05 5.619958028546534479e-05 1.941744558280333877e-04 5.611689630313776433e-05 1.556700444780290127e-03 3.394065788597799838e-05 5.283476275508292019e-05
1.060000000000000000e+04 4.945103137288242579e-05 1.833025889936834574e-04 5.255387077340856194e-05 1.203905208967626095e-03 3.273424590588547289e-05 4.900009298580698669e-05 4.945103137288242579e-05 1.833025889936834574e-04 5.255387077340856194e-05 1.203905208967626095e-03 3.273424590588547289e-05 4.900009298580698669e-05
1.070000000000000000e+04 4.526745760813355446e-05 1.616545341676101089e-04 5.008829248254187405e-05 8.547754841856658459e-04 3.289351661805994809e-05 4.590337266563437879e-05 4.526745760813355446e-05 1.616545341676101089e-04 5.008829248254187405e-05 8.547754841856658459e-04 3.289351661805994809e-05 4.590337266563437879e-05
1.080000000000000000e+04 4.475672176340594888e-05 1.335664273938164115e-04 4.880876076640561223e-05 5.403317627497017384e-04 3.494761767797172070e-05 4.624297798727639019e-05 4.475672176340594888e-05 1.335664273938164115e-04 4.880876076640561223e-05 5.403317627497017384e-04 3.494761767797172070e-05 4.624297798727639019e-05
1.090000000000000000e+04 4.665714368456974626e-05 1.077864581020548940e-04 4.690613059210591018e-05 2.784046228043735027e-04 3.143166395602747798e-05 3.378613473614677787e-05 4.665714368456974626e-05 1.077864581020548940e-04 4.690613059210591018e-05 2.784046228043735027e-04 3.143166395602747798e-05 3.378613473614677787e-05
1.100000000000000000e+04 4.450809865375049412e-05 9.232688171323388815e-05 4.014844671473838389e-05 2.174400869989767671e-04 3.870829459629021585e-05 7.870028639445081353e-05 4.450809865375049412e-05 9.232688171323388815e-05 4.014844671473838389e-05 2.174400869989767671e-04 3.870829459629021585e-05 7.870028639445081353e-05
1.110000000000000000e+04 3.788092726608738303e-05 7.074719906086102128e-05 3.457812999840825796e-05 7.647366874152794480e-05 2.306421083630993962e-05 2.582414526841603220e-05 3.788092726608738303e-05 7.074719906086102128e-05 3.457812999840825796e-05 7.647366874152794480e-05 2.306421083630993962e-05 2.582414526841603220e-05
1.120000000000000000e+04 3.238848148612305522e-05 6.088487862143665552e-05 3.020599979208782315e-05 6.207800470292568207e-05 1.996578794205561280e-05 2.668052002263721079e-05 3.238848148612305522e-05 6.088487862143665552e-05 3.020599979208782315e-05 6.207800470292568207e-05 1.996578794205561280e-05 2.668052002263721079e-05
1.130000000000000000e+04 3.014756657648831606e-05 6.786895391996949911e-05 3.235389522160403430e-05 1.652076025493443012e-04 3.941222894354723394e-05 1.472432195441797376e-04 3.014756657648831606e-05 6.786895391996949911e-05 3.235389522160403430e-05 1.652076025493443012e-04 3.941222894354723394e-05 1.472432195441797376e-04
1.140000000000000000e+04 2.679799581528641284e-05 5.255469659459777176e-05 2.533452970965299755e-05 4.101601007278077304e-05 1.664780938881449401e-05 1.912289371830411255e-05 2.679799581528641284e-05 5.255469659459777176e-05 2.533452970965299755e-05 4.101601007278077304e-05 1.664780938881449401e-05 1.912289371830411255e-05
1.150000000000000000e+04 2.497417517588473856e-05 4.963356332154944539e-05 2.349362512177322060e-05 4.106184496777132154e-05 1.628924110264051706e-05 1.865269769041333348e-05 2.497417517588473856e-05 4.963356332154944539e-05 2.349362512177322060e-05 4.106184496777132154e-05 1.628924110264051706e-05 1.865269769041333348e-05
1.160000000000000000e+04 2.404887891316320747e-05 4.928431371808983386e-05 2.348876660107634962e-05 7.714378443779423833e-05 1.746412453940138221e-05 5.505798253579996526e-05 2.404887891316320747e-05 4.928431371808983386e-05 2.348876660107634962e-05 7.714378443779423833e-05 1.746412453940138221e-05 5.505798253579996526e-05
1.170000000000000000e+04 2.288226824020966887e-05 4.455851012608036399e-05 2.133236921508796513e-05 3.405927782296203077e-05 1.402343877998646349e-05 1.695912578725256026e-05 2.288226824020966887e-05 4.455851012608036399e-05 2.133236921508796513e-05 3.405927782296203077e-05 1.402343877998646349e-05 1.695912578725256026e-05
1.180000000000000000e+04 2.234183739346917719e-05 4.783525218954309821e-05 2.108029730152338743e-05 9.995386790251359344e-05 2.176845009671524167e-05 4.321006053942255676e-05 2.234183739346917719e-05 4.783525218954309821e-05 2.108029730152338743e-05 9.995386790251359344e-05 2.176845009671524167e-05 4.321006053942255676e-05
1.190000000000000000e+04 2.328816299268510193e-05 5.490742478286847472e-05 2.255653635074850172e-05 3.213351883459836245e-04 4.813028135686181486e-05 1.647125318413600326e-04 2.328816299268510193e-05 5.490742478286847472e-05 2.255653635074850172e-05 3.213351883459836245e-04 4.813028135686181486e-05 1.647125318413600326e-04
1.200000000000000000e+04 2.129163294739555568e-05 4.035502570332027972e-05 1.977192550839390606e-05 1.051922445185482502e-04 1.989026532100979239e-05 4.746628837892785668e-05 2.129163294739555568e-05 4.035502570332027972e-05 1.977192550839390606e-05 1.051922445185482502e-04 1.989026532100979239e-05 4.746628837892785668e-05
1.210000000000000000e+04 2.151161788788158447e-05 5.415720806922763586e-05 2.148590647266246378e-05 3.482601023279130459e-04 4.546473792288452387e-05 1.305328623857349157e-04 2.151161788788158447e-05 5.415720806922763586e-05 2.148590647266246378e-05 3.482601023279130459e-04 4.546473792288452387e-05 1.305328623857349157e-04
1.220000000000000000e+04 2.044215398200321943e-05 3.617313632275909185e-05 1.838302523538004607e-05 1.253049267688766122e-04 1.934723695740103722e-05 8.339047781191766262e-05 2.044215398200321943e-05 3.617313632275909185e-05 1.838302523538004607e-05 1.253049267688766122e-04 1.934723695740103722e-05 8.339047781191766262e-05
1.230000000000000000e+04 1.971220808627549559e-05 4.216576053295284510e-05 1.863562647486105561e-05 2.345197135582566261e-04 2.736847818596288562e-05 8.780756616033613682e-05 1.971220808627549559e-05 4.216576053295284510e-05 1.863562647486105561e-05 2.345197135582566261e-04 2.736847818596288562e-05 8.780756616033613682e-05
1.240000000000000000e+04 1.866843740572221577e-05 3.776782614295370877e-05 1.775897726474795491e-05 5.867402069270610809e-05 2.036103433056268841e-05 3.261696838308125734e-05 1.866843740572221577e-05 3.776782614295370877e-05 1.775897726474795491e-05 5.867402069270610809e-05 2.036103433056268841e-05 3.261696838308125734e-05
1.250000000000000000e+04 1.833846545196138322e-05 3.337706584716215730e-05 1.719288047752343118e-05 8.273754065157845616e-05 1.379277546220691875e-05 3.445379843469709158e-05 1.833846545196138322e-05 3.337706584716215730e-05 1.719288047752343118e-05 8.273754065157845616e-05 1.379277546220691875e-05 3.445379843469709158e-05
1.260000000000000000e+04 1.745817280607298017e-05 3.282272882643155754e-05 1.633298779779579490e-05 2.574914651631843299e-05 1.106569288822356611e-05 1.328546568402089179e-05 1.745817280607298017e-05 3.282272882643155754e-05 1.633298779779579490e-05 2.574914651631843299e-05 1.106569288822356611e-05 1.328546568402089179e-05
1.270000000000000000e+04 1.988182702916674316e-05 5.249144669505767524e-05 1.872793109214399010e-05 5.027521983720362186e-04 5.744885493186302483e-05 2.027133450610563159e-04 1.988182702916674316e-05 5.249144669505767524e-05 1.872793109214399010e-05 5.027521983720362186e-04 5.744885493186302483e-05 2.027133450610563159e-04
1.280000000000000000e+04 1.672977123234886676e-05 3.211615694453939795e-05 1.595097455719951540e-05 4.103312676306813955e-05 1.229183999384986237e-05 3.481636304059065878e-05 1.672977123234886676e-05 3.211615694453939795e-05 1.595097455719951540e-05 4.103312676306813955e-05 1.229183999384986237e-05 3.481636304059065878e-05
1.290000000000000000e+04 1.677729960647411644e-05 4.513843305176123977e-05 1.829858592827804387e-05 7.248415931826457381e-05 3.257059506722725928e-05 3.924134216504171491e-05 1.677729960647411644e-05 4.513843305176123977e-05 1.829858592827804387e-05 7.248415931826457381e-05 3.257059506722725928e-05 3.924134216504171491e-05
1.300000000000000000e+04 1.605105353519320488e-05 3.332715641590766609e-05 1.548916770843788981e-05 5.599884389084763825e-05 1.863406578195281327e-05 4.276011168258264661e-05 1.605105353519320488e-05 3.332715641590766609e-05 1.548916770843788981e-05 5.599884389084763825e-05 1.863406578195281327e-05 4.276011168258264661e-05
1.310000000000000000e+04 1.809681634767912328e-05 4.138921212870627642e-05 1.631668055779300630e-05 4.935386823490262032e-04 4.669430563808418810e-05 1.818389428080990911e-04 1.809681634767912328e-05 4.138921212870627642e-05 1.631668055779300630e-05 4.935386823490262032e-04 4.669430563808418810e-05 1.818389428080990911e-04
1.320000000000000000e+04 1.573999725223984569e-05 2.842659887392073870e-05 1.491441253165248781e-05 8.078062819549813867e-05 1.314367364102508873e-05 3.343010030221194029e-05 1.573999725223984569e-05 2.842659887392073870e-05 1.491441253165248781e-05 8.078062819549813867e-05 1.314367364102508873e-05 3.343010030221194029e-05
1.330000000000000000e+04 1.520817932032514364e-05 3.150179691147059202e-05 1.456578047509538010e-05 3.045401535928249359e-05 1.386482654197607189e-05 2.940713420684915036e-05 1.520817932032514364e-05 3.150179691147059202e-05 1.456578047509538010e-05 3.045401535928249359e-05 1.386482654197607189e-05 2.940713420684915036e-05
1.340000000000000000e+04 1.579248055350035429e-05 3.355233275215141475e-05 1.457370581192662939e-05 2.225588978035375476e-04 2.353928357479162514e-05 7.573480979772284627e-05 1.579248055350035429e-05 3.355233275215141475e-05 1.457370581192662939e-05 2.225588978035375476e-04 2.353928357479162514e-05 7.573480979772284627e-05
1.350000000000000000e+04 1.447023259970592335e-05 2.740233139775227755e-05 1.479072579968487844e-05 6.510758976219221950e-05 1.193111529573798180e-05 3.215517062926664948e-05 1.447023259970592335e-05 2.740233139775227755e-05 1.479072579968487844e-05 6.510758976219221950e-05 1.193111529573798180e-05 3.215517062926664948e-05
1.360000000000000000e+04 1.494003117841202766e-05 2.698315984162036330e-05 1.425049595127347857e-05 1.412961573805660009e-04 1.587762744748033583e-05 5.171801603864878416e-05 1.494003117841202766e-05 2.698315984162036330e-05 1.425049595127347857e-05 1.412961573805660009e-04 1.587762744748033583e-05 5.171801603864878416e-05
1.370000000000000000e+04 1.490171052864752710e-05 3.285195634816773236e-05 1.820014767872635275e-05 3.163100918754935265e-04 1.189579870697343722e-05 2.039253740804269910e-04 1.490171052864752710e-05 3.285195634816773236e-05 1.820014767872635275e-05 3.163100918754935265e-04 1.189579870697343722e-05 2.039253740804269910e-04
1.380000000000000000e+04 1.557042560307309031e-05 4.903174340142868459e-05 1.816460462578106672e-05 3.575948358047753572e-04 5.903092096559703350e-05 1.309374929405748844e-04 1.557042560307309031e-05 4.903174340142868459e-05 1.816460462578106672e-05 3.575948358047753572e-04 5.903092096559703350e-05 1.309374929405748844e-04
1.390000000000000000e+04 1.521928152214968577e-05 4.028526745969429612e-05 1.579223862790968269e-05 2.590355579741299152e-04 3.891815867973491549e-05 9.344521822640672326e-05 1.521928152214968577e-05 4.028526745969429612e-05 1.579223862790968269e-05 2.590355579741299152e-04 3.891815867973491549e-05 9.344521822640672326e-05
1.400000000000000000e+04 1.360999067401280627e-05 2.929624679381959140e-05 1.371516555082052946e-05 7.556367927463725209e-05 1.663815237407106906e-05 5.113533188705332577e-05 1.360999067401280627e-05 2.929624679381959140e-05 1.371516555082052946e-05 7.556367927463725209e-05 1.663815237407106906e-05 5.113533188705332577e-05
1.410000000000000000e+04 1.425515711162006482e-05 3.328064849483780563e-05 1.343784788332413882e-05 1.997968211071565747e-04 2.776057408482301980e-05 9.064699406735599041e-05 1.425515711162006482e-05 3.328064849483780563e-05 1.343784788332413882e-05 1.997968211071565747e-04 2.776057408482301980e-05 9.064699406735599041e-05
1.420000000000000000e+04 1.427059032721444964e-05 2.987917468999512494e-05 1.295590300287585706e-05 2.559584681876003742e-04 2.654825584613718092e-05 1.216437667608261108e-04 1.427059032721444964e-05 2.987917468999512494e-05 1.295590300287585706e-05 2.559584681876003742e-04 2.654825584613718092e-05 1.216437667608261108e-04
1.430000000000000000e+04 1.381152105750516057e-05 2.819543988152872771e-05 1.339561276836320758e-05 2.132137160515412688e-04 1.922740557347424328e-05 6.555201252922415733e-05 1.381152105750516057e-05 2.819543988152872771e-05 1.339561276836320758e-05 2.132137160515412688e-04 1.922740557347424328e-05 6.555201252922415733e-05
1.440000000000000000e+04 1.326393339695641771e-05 2.840757588273845613e-05 1.350626098428620026e-05 2.051406772807240486e-04 1.945735857589170337e-05 7.888637628639116883e-05 1.326393339695641771e-05 2.840757588273845613e-05 1.350626098428620026e-05 2.051406772807240486e-04 1.945735857589170337e-05 7.888637628639116883e-05
1.450000000000000000e+04 1.332610372628550977e-05 2.403906728432048112e-05 1.263494050363078713e-05 2.316607860848307610e-04 2.087029315589461476e-05 7.627945160493254662e-05 1.332610372628550977e-05 2.403906728432048112e-05 1.263494050363078713e-05 2.316607860848307610e-04 2.087029315589461476e-05 7.627945160493254662e-05
1.460000000000000000e+04 1.457744383515091613e-05 3.025880687346216291e-05 1.373676968796644360e-05 4.009639960713684559e-04 3.303151970612816513e-05 1.627843012101948261e-04 1.457744383515091613e-05 3.025880687346216291e-05 1.373676968796644360e-05 4.009639960713684559e-04 3.303151970612816513e-05 1.627843012101948261e-04
1.470000000000000000e+04 1.243271435669157654e-05 3.054097032872959971e-05 1.293289096793159842e-05 6.248611316550523043e-05 2.662222323124296963e-05 7.971012382768094540e-05 1.243271435669157654e-05 3.054097032872959971e-05 1.293289096793159842e-05 6.248611316550523043e-05 2.662222323124296963e-05 7.971012382768094540e-05
1.480000000000000000e+04 1.324089498666580766e-05 2.781467628665268421e-05 1.228299061040161178e-05 2.674960705917328596e-04 3.092864426434971392e-05 1.191062838188372552e-04 1.324089498666580766e-05 2.781467628665268421e-05 1.228299061040161178e-05 2.674960705917328596e-04 3.092864426434971392e-05 1.191062838188372552e-04
1.490000000000000000e+04 1.200586484628729522e-05 2.152510569430887699e-05 1.142766268458217382e-05 8.471386536257341504e-05 9.860829777608159930e-06 3.322008706163614988e-05 1.200586484628729522e-05 2.152510569430887699e-05 1.142766268458217382e-05 8.471386536257341504e-05 9.860829777608159930e-06 3.322008706163614988e-05
1.500000000000000000e+04 1.218627403432037681e-05 2.311515891051385552e-05 1.129371230490505695e-05 1.476702309446409345e-04 2.089606277877464890e-05 6.651872536167502403e-05 1.218627403432037681e-05 2.311515891051385552e-05 1.129371230490505695e-05 1.476702309446409345e-04 2.089606277877464890e-05 6.651872536167502403e-05
1.510000000000000000e+04 1.199572125187842175e-05 2.186944766435772181e-05 1.140442418545717373e-05 1.271931250812485814e-04 1.363807132293004543e-05 4.669430200010538101e-05 1.199572125187842175e-05 2.186944766435772181e-05 1.140442418545717373e-05 1.271931250812485814e-04 1.363807132293004543e-05 4.669430200010538101e-05
1.520000000000000000e+04 1.102661371987778693e-05 1.982256253540981561e-05 1.079312733054393902e-05 2.462390148139093071e-05 7.729599019512534142e-06 1.054438325809314847e-05 1.102661371987778693e-05 1.982256253540981561e-05 1.079312733054393902e-05 2.462390148139093071e-05 7.729599019512534142e-06 1.054438325809314847e-05
1.530000000000000000e+04 1.189022168546216562e-05 2.860064341803081334e-05 1.176399018731899559e-05 1.747417845763266087e-04 3.569180626072920859e-05 1.055893953889608383e-04 1.189022168546216562e-05 2.860064341803081334e-05 1.176399018731899559e-05 1.747417845763266087e-04 3.569180626072920859e-05 1.055893953889608383e-04
1.540000000000000000e+04 1.141270422522211447e-05 2.117208350682631135e-05 1.090511250367853791e-05 1.157934966613538563e-04 1.313302800554083660e-05 4.255954263499006629e-05 1.141270422522211447e-05 2.117208350682631135e-05 1.090511250367853791e-05 1.157934966613538563e-04 1.313302800554083660e-05 4.255954263499006629e-05
1.550000000000000000e+04 1.063637228071456775e-05 1.903159682115074247e-05 1.027384860208258033e-05 1.623316347831860185e-05 7.461106179107446223e-06 8.840966074785683304e-06 1.063637228071456775e-05 1.903159682115074247e-05 1.027384860208258033e-05 1.623316347831860185e-05 7.461106179107446223e-06 8.840966074785683304e-06
1.560000000000000000e+04 1.309583331021713093e-05 3.387936885701492429e-05 1.418230112903984264e-05 3.646355180535465479e-04 5.504956425284035504e-05 1.966890122275799513e-04 1.309583331021713093e-05 3.387936885701492429e-05 1.418230112903984264e-05 3.646355180535465479e-04 5.504956425284035504e-05 1.966890122275799513e-04
1.570000000000000000e+04 1.063868967321468517e-05 2.033631608355790377e-05 1.122638423112221062e-05 1.114542392315343022e-04 1.054215499607380480e-05 4.691989306593313813e-05 1.063868967321468517e-05 2.033631608355790377e-05 1.122638423112221062e-05 1.114542392315343022e-04 1.054215499607380480e-05 4.691989306593313813e-05
1.580000000000000000e+04 1.139753840107005090e-05 2.284443326061591506e-05 1.046137003868352622e-05 2.520058187656104565e-04 2.271544144605286419e-05 8.085989975370466709e-05 1.139753840107005090e-05 2.284443326061591506e-05 1.046137003868352622e-05 2.520058187656104565e-04 2.271544144605286419e-05 8.085989975370466709e-05
1.590000000000000000e+04 1.062205319612985477e-05 2.269909418828319758e-05 1.092373349820263684e-05 8.170863293344154954e-05 1.599112329131457955e-05 2.354508796997833997e-05 1.062205319612985477e-05 2.269909418828319758e-05 1.092373349820263684e-05 8.170863293344154954e-05 1.599112329131457955e-05 2.354508796997833997e-05
1.600000000000000000e+04 1.124542723118793219e-05 1.989016709558200091e-05 1.053540927387075499e-05 1.788312220014631748e-04 1.949063698702957481e-05 1.004493606160394847e-04 1.124542723118793219e-05 1.989016709558200091e-05 1.053540927387075499e-05 1.788312220014631748e-04 1.949063698702957481e-05 1.004493606160394847e-04
1.610000000000000000e+04 9.899908036459237337e-06 1.986062852665781975e-05 9.867030712484847754e-06 3.328677848912775517e-05 1.175689521915046498e-05 1.253164100489811972e-05 9.899908036459237337e-06 1.986062852665781975e-05 9.867030712484847754e-06 3.328677848912775517e-05 1.175689521915046498e-05 1.253164100489811972e-05
1.620000000000000000e+04 1.043677548295818269e-05 2.000777749344706535e-05 1.055635402735788375e-05 1.726076443446800113e-04 1.578500086907297373e-05 7.977399945957586169e-05 1.043677548295818269e-05 2.000777749344706535e-05 1.055635402735788375e-05 1.726076443446800113e-04 1.578500086907297373e-05 7.977399945957586169e-05
1.630000000000000000e+04 1.003158922685543075e-05 2.143232450180221349e-05 9.518139449937734753e-06 1.123756883316673338e-04 1.135727143264375627e-05 3.358245157869532704e-05 1.003158922685543075e-05 2.143232450180221349e-05 9.518139449937734753e-06 1.123756883316673338e-04 1.135727143264375627e-05 3.358245157869532704e-05
1.640000000000000000e+04 9.629418855183757842e-06 1.877563590824138373e-05 9.325141945737414062e-06 3.390799247426912189e-05 8.479285497742239386e-06 1.312061704084044322e-05 9.629418855183757842e-06 1.877563590824138373e-05 9.325141945737414062e-06 3.390799247426912189e-05 8.479285497742239386e-06 1.312061704084044322e-05
1.650000000000000000e+04 9.841433893598150462e-06 2.177927672164514661e-05 9.571148439135868102e-06 5.549367415369488299e-05 1.138456173066515476e-05 1.341520783171290532e-05 9.841433893598150462e-06 2.177927672164514661e-05 9.571148439135868102e-06 5.549367415369488299e-05 1.138456173066515476e-05 1.341520783171290532e-05
1.660000000000000000e+04 1.120693377743009478e-05 1.939197863976005465e-05 1.016235364659223706e-05 2.485143486410379410e-04 2.267511626996565610e-05 1.750018273014575243e-04 1.120693377743009478e-05 1.939197863976005465e-05 1.016235364659223706e-05 2.485143486410379410e-04 2.267511626996565610e-05 1.750018273014575243e-04
1.670000000000000000e+04 9.853903975454159081e-06 2.804238647513557225e-05 1.017501381284091622e-05 6.371900235535576940e-05 2.772146581264678389e-05 5.812208110000938177e-05 9.853903975454159081e-06 2.804238647513557225e-05 1.017501381284091622e-05 6.371900235535576940e-05 2.772146581264678389e-05 5.812208110000938177e-05
1.680000000000000000e+04 1.228132987307617441e-05 3.505131462588906288e-05 1.110279481508769095e-05 3.944050404243171215e-04 7.038810872472822666e-05 2.015930222114548087e-04 1.228132987307617441e-05 3.505131462588906288e-05 1.110279481508769095e-05 3.944050404243171215e-04 7.038810872472822666e-05 2.015930222114548087e-04
1.690000000000000000e+04 9.353667337563820183e-06 2.384752770012710243e-05 9.901526027533691376e-06 1.073311650543473661e-04 2.591388511063996702e-05 3.078643203480169177e-05 9.353667337563820183e-06 2.384752770012710243e-05 9.901526027533691376e-06 1.073311650543473661e-04 2.591388511063996702e-05 3.078643203480169177e-05
1.700000000000000000e+04 9.021600817504804581e-06 1.601804433448705822e-05 8.508975042786914855e-06 2.494927502993959934e-05 5.706726369680836797e-06 7.644880497537087649e-06 9.021600817504804581e-06 1.601804433448705822e-05 8.508975042786914855e-06 2.494927502993959934e-05 5.706726369680836797e-06 7.644880497537087649e-06
1.710000000000000000e+04 9.761894034454599023e-06 1.641675044083967805e-05 8.959648766904138029e-06 1.960310910362750292e-04 1.597916707396507263e-05 6.331680924631655216e-05 9.761894034454599023e-06 1.641675044083967805e-05 8.959648766904138029e-06 1.960310910362750292e-04 1.597916707396507263e-05 6.331680924631655216e-05
1.720000000000000000e+04 9.294695701100863516e-06 2.807420787576120347e-05 1.032327691063983366e-05 1.148186784121207893e-04 1.895563400466926396e-05 5.006065475754439831e-05 9.294695701100863516e-06 2.807420787576120347e-05 1.032327691063983366e-05 1.148186784121207893e-04 1.895563400466926396e-05 5.006065475754439831e-05
1.730000000000000000e+04 8.948737558966968209e-06 1.735027217364404351e-05 9.252544259652495384e-06 1.006253442028537393e-04 1.142021028499584645e-05 2.095894888043403625e-05 8.948737558966968209e-06 1.735027217364404351e-05 9.252544259652495384e-06 1.006253442028537393e-04 1.142021028499584645e-05 2.095894888043403625e-05
1.740000000000000000e+04 1.041253108269302174e-05 2.095726813422515988e-05 1.010243886412354186e-05 3.083181800320744514e-04 2.658062658156268299e-05 9.764360584085807204e-05 1.041253108269302174e-05 2.095726813422515988e-05 1.010243886412354186e-05 3.083181800320744514e-04 2.658062658156268299e-05 9.764360584085807204e-05
1.750000000000000000e+04 8.677898222231306136e-06 1.896581306937150657e-05 9.022072845255024731e-06 2.907072121161036193e-05 1.378151864628307521e-05 3.460936932242475450e-05 8.677898222231306136e-06 1.896581306937150657e-05 9.022072845255024731e-06 2.907072121161036193e-05 1.378151864628307521e-05 3.460936932242475450e-05
1.760000000000000000e+04 8.765071470406837761e-06 1.968483775272034109e-05 8.761793651501648128e-06 6.628864502999931574e-05 1.226428685185965151e-05 2.485880577296484262e-05 8.765071470406837761e-06 1.968483775272034109e-05 8.761793651501648128e-06 6.628864502999931574e-05 1.226428685185965151e-05 2.485880577296484262e-05
1.770000000000000000e+04 9.140161637333221734e-06 1.746647467371076345e-05 8.542183422832749784e-06 1.668579352553933859e-04 1.784801861504092813e-05 6.339000537991523743e-05 9.140161637333221734e-06 1.746647467371076345e-05 8.542183422832749784e-06 1.668579352553933859e-04 1.784801861504092813e-05 6.339000537991523743e-05
1.780000000000000000e+04 8.837895620672497898e-06 1.708572926872875541e-05 8.629373951407615095e-06 1.119599328376352787e-04 1.405346665706019849e-05 3.666312113637104630e-05 8.837895620672497898e-06 1.708572926872875541e-05 8.629373951407615095e-06 1.119599328376352787e-04 1.405346665706019849e-05 3.666312113637104630e-05
1.790000000000000000e+04 8.513911780028138310e-06 1.745708141243085265e-05 8.383291969948913902e-06 3.757399463211186230e-05 1.169471033790614456e-05 2.597605816845316440e-05 8.513911780028138310e-06 1.745708141243085265e-05 8.383291969948913902e-06 3.757399463211186230e-05 1.169471033790614456e-05 2.597605816845316440e-05
1.800000000000000000e+04 1.096405412681633607e-05 3.779933831538073719e-05 1.083350434782914817e-05 3.133294812869280577e-04 6.049300645827315748e-05 2.238783636130392551e-04 1.096405412681633607e-05 3.779933831538073719e-05 1.083350434782914817e-05 3.133294812869280577e-04 6.049300645827315748e-05 2.238783636130392551e-04
1.810000000000000000e+04 8.467424777336418629e-06 1.623488606128375977e-05 8.410189366259146482e-06 1.340192247880622745e-04 1.096572759706759825e-05 6.374241638695821166e-05 8.467424777336418629e-06 1.623488606128375977e-05 8.410189366259146482e-06 1.340192247880622745e-04 1.096572759706759825e-05 6.374241638695821166e-05
1.820000000000000000e+04 8.026463547139428556e-06 1.417053317709360272e-05 7.954830834933090955e-06 2.647970177349634469e-05 8.101906132651492953e-06 2.061107443296350539e-05 8.026463547139428556e-06 1.417053317709360272e-05 7.954830834933090955e-06 2.647970177349634469e-05 8.101906132651492953e-06 2.061107443296350539e-05
1.830000000000000000e+04 8.942564818426035345e-06 1.683075061009731144e-05 8.464980965072754771e-06 1.109354489017277956e-04 1.971841265913099051e-05 7.461209315806627274e-05 8.942564818426035345e-06 1.683075061009731144e-05 8.464980965072754771e-06 1.109354489017277956e-04 1.971841265913099051e-05 7.461209315806627274e-05
1.840000000000000000e+04 8.553993211535271257e-06 1.814704228308983147e-05 8.372842785320244730e-06 1.064282623701728880e-04 8.588382115704007447e-06 1.077078777598217130e-04 8.553993211535271257e-06 1.814704228308983147e-05 8.372842785320244730e-06 1.064282623701728880e-04 8.588382115704007447e-06 1.077078777598217130e-04
1.850000000000000000e+04 7.963417374412529171e-06 1.530007830297108740e-05 7.640020157850813121e-06 6.763636338291689754e-05 6.800701157771982253e-06 4.740310760098509490e-05 7.963417374412529171e-06 1.530007830297108740e-05 7.640020157850813121e-06 6.763636338291689754e-05 6.800701157771982253e-06 4.740310760098509490e-05
1.860000000000000000e+04 9.132154445978812873e-06 2.121027137036435306e-05 8.178109965228941292e-06 3.279741213191300631e-04 2.460955693095456809e-05 1.162828702945262194e-04 9.132154445978812873e-06 2.121027137036435306e-05 8.178109965228941292e-06 3.279741213191300631e-04 2.460955693095456809e-05 1.162828702945262194e-04
1.870000000000000000e+04 7.662134521524421871e-06 1.388256259815534577e-05 7.281115813384531066e-06 3.165214366163127124e-05 5.094394964544335380e-06 6.865597242722287774e-06 7.662134521524421871e-06 1.388256259815534577e-05 7.281115813384531066e-06 3.165214366163127124e-05 5.094394964544335380e-06 6.865597242722287774e-06
1.880000000000000000e+04 7.975335392984561622e-06 1.516226711828494444e-05 7.522460236941697076e-06 8.291964331874623895e-05 9.321151082986034453e-06 3.154333535348996520e-05 7.975335392984561622e-06 1.516226711828494444e-05 7.522460236941697076e-06 8.291964331874623895e-05 9.321151082986034453e-06 3.154333535348996520e-05
1.890000000000000000e+04 9.111224244406912476e-06 1.619154500076547265e-05 7.958037713251542300e-06 2.081422571791335940e-04 2.589570431155152619e-05 6.486687925644218922e-05 9.111224244406912476e-06 1.619154500076547265e-05 7.958037713251542300e-06 2.081422571791335940e-04 2.589570431155152619e-05 6.486687925644218922e-05
1.900000000000000000e+04 7.403156359941931441e-06 1.250960394827416167e-05 7.065073532430687919e-06 1.213392260979162529e-05 5.192936896492028609e-06 8.949465154728386551e-06 7.403156359941931441e-06 1.250960394827416167e-05 7.065073532430687919e-06 1.213392260979162529e-05 5.192936896492028609e-06 8.949465154728386551e-06
1.910000000000000000e+04 7.718476808804553002e-06 1.595554931554943323e-05 7.903513505880255252e-06 9.223834786098450422e-05 1.199327653012005612e-05 4.186937439953908324e-05 7.718476808804553002e-06 1.595554931554943323e-05 7.903513505880255252e-06 9.223834786098450422e-05 1.199327653012005612e-05 4.186937439953908324e-05
1.920000000000000000e+04 8.011264981178101152e-06 1.428545238013612106e-05 8.002727554412558675e-06 1.545262202853336930e-04 1.344939300906844437e-05 5.075077569927088916e-05 8.011264981178101152e-06 1.428545238013612106e-05 8.002727554412558675e-06 1.545262202853336930e-04 1.344939300906844437e-05 5.075077569927088916e-05
1.930000000000000000e+04 7.447780262737069279e-06 1.546169369248673320e-05 7.890382221376057714e-06 7.666115561733022332e-05 1.052881725627230480e-05 5.872616384294815361e-05 7.447780262737069279e-06 1.546169369248673320e-05 7.890382221376057714e-06 7.666115561733022332e-05 1.052881725627230480e-05 5.872616384294815361e-05
1.940000000000000000e+04 7.488534720323514193e-06 1.359527777822222561e-05 6.913189736224012449e-06 2.280189619341399521e-05 6.322643002931727096e-06 1.280102151213213801e-05 7.488534720323514193e-06 1.359527777822222561e-05 6.913189736224012449e-06 2.280189619341399521e-05 6.322643002931727096e-06 1.280102151213213801e-05
1.950000000000000000e+04 7.594890121254138649e-06 1.573610279592685401e-05 7.437188287440221757e-06 2.336663237656466663e-05 1.028666065394645557e-05 5.163418609299696982e-05 7.594890121254138649e-06 1.573610279592685401e-05 7.437188287440221757e-06 2.336663237656466663e-05 1.028666065394645557e-05 5.163418609299696982e-05
1.960000000000000000e+04 9.535395292914472520e-06 1.858486575656570494e-05 8.736623385630082339e-06 4.249219491612166166e-04 2.659872552612796426e-05 1.308915961999446154e-04 9.535395292914472520e-06 1.858486575656570494e-05 8.736623385630082339e-06 4.249219491612166166e-04 2.659872552612796426e-05 1.308915961999446154e-04
1.970000000000000000e+04 7.943569471535738558e-06 1.378275283059338108e-05 7.403541076200781390e-06 1.912931766128167510e-04 1.657910252106375992e-05 6.011401274008676410e-05 7.943569471535738558e-06 1.378275283059338108e-05 7.403541076200781390e-06 1.912931766128167510e-04 1.657910252106375992e-05 6.011401274008676410e-05
1.980000000000000000e+04 9.079175470105838031e-06 1.699984386505093426e-05 8.253853593487292528e-06 3.192317963112145662e-04 1.919448914122767746e-05 8.334649464813992381e-05 9.079175470105838031e-06 1.699984386505093426e-05 8.253853593487292528e-06 3.192317963112145662e-04 1.919448914122767746e-05 8.334649464813992381e-05
1.990000000000000000e+04 1.131892986450111493e-05 1.928327583300415426e-05 1.024710400088224560e-05 5.521019338630139828e-04 5.654292181134223938e-05 2.217750443378463387e-04 1.131892986450111493e-05 1.928327583300415426e-05 1.024710400088224560e-05 5.521019338630139828e-04 5.654292181134223938e-05 2.217750443378463387e-04
2.000000000000000000e+04 7.849647772673051804e-06 1.567858635098673403e-05 7.881425517552997917e-06 2.102283324347808957e-04 2.014616075030062348e-05 7.915678725112229586e-05 7.849647772673051804e-06 1.567858635098673403e-05 7.881425517552997917e-06 2.102283324347808957e-04 2.014616075030062348e-05 7.915678725112229586e-05
2.000000000000000000e+04 7.849647772673051804e-06 1.567858635098673403e-05 7.881425517552997917e-06 2.102283324347808957e-04 2.014616075030062348e-05 7.915678725112229586e-05 7.849647772673051804e-06 1.567858635098673403e-05 7.881425517552997917e-06 2.102283324347808957e-04 2.014616075030062348e-05 7.915678725112229586e-05
2.010000000000000000e+04 6.744418442394817248e-06 1.124646132666384801e-05 6.413838946173200384e-06 9.343353667645715177e-06 4.287475803721463308e-06 5.726737526856595650e-06 6.744418442394817248e-06 1.124646132666384801e-05 6.413838946173200384e-06 9.343353667645715177e-06 4.287475803721463308e-06 5.726737526856595650e-06
2.020000000000000000e+04 6.682182629447197542e-06 1.113084181270096451e-05 6.364566161209950224e-06 8.921438165998551995e-06 4.231169896229403093e-06 5.660434453602647409e-06 6.682182629447197542e-06 1.113084181270096451e-05 6.364566161209950224e-06 8.921438165998551995e-06 4.231169896229403093e-06 5.660434453602647409e-06
2.030000000000000000e+04 6.603882866329513490e-06 1.101546513382345438e-05 6.302728252194356173e-06 8.674123819218948483e-06 4.178691142442403361e-06 5.607749244518345222e-06 6.603882866329513490e-06 1.101546513382345438e-05 6.302728252194356173e-06 8.674123819218948483e-06 4.178691142442403361e-06 5.607749244518345222e-06
2.040000000000000000e+04 6.526592187583446503e-06 1.090284240490291268e-05 6.235907676455099136e-06 8.490128493576776236e-06 4.125566192669793963e-06 5.557912572839995846e-06 6.526592187583446503e-06 1.090284240490291268e-05 6.235907676455099136e-06 8.490128493576776236e-06 4.125566192669793963e-06 5.557912572839995846e-06
2.050000000000000000e+04 6.448625754273962229e-06 1.080126003216719255e-05 6.165868398966267705e-06 8.413174327870365232e-06 4.074792741448618472e-06 5.572554528043838218e-06 6.448625754273962229e-06 1.080126003216719255e-05 6.165868398966267705e-06 8.413174327870365232e-06 4.074792741448618472e-06 5.572554528043838218e-06
2.060000000000000000e+04 6.368162303260760382e-06 1.064930165739497170e-05 6.105136890255380422e-06 8.260901267931330949e-06 4.081796760146971792e-06 5.499829057953320444e-06 6.368162303260760382e-06 1.064930165739497170e-05 6.105136890255380422e-06 8.260901267931330949e-06 4.081796760146971792e-06 5.499829057953320444e-06
2.070000000000000000e+04 6.289826615102356300e-06 1.053703726938692853e-05 6.036014383425936103e-06 8.107724170258734375e-06 3.979371285822708160e-06 5.427708856586832553e-06 6.289826615102356300e-06 1.053703726938692853e-05 6.036014383425936103e-06 8.107724170258734375e-06 3.979371285822708160e-06 5.427708856586832553e-06
2.080000000000000000e+04 6.215603207238018513e-06 1.048582635121420026e-05 5.965420314169023186e-06 8.006853022379800677e-06 3.959225523431086913e-06 5.369564860302489251e-06 6.215603207238018513e-06 1.048582635121420026e-05 5.965420314169023186e-06 8.006853022379800677e-06 3.959225523431086913e-06 5.369564860302489251e-06
2.090000000000000000e+04 6.137479886092478409e-06 1.029427585308440030e-05 5.905296347918920219e-06 7.889539119787514210e-06 3.893747816618997604e-06 5.306605089572258294e-06 6.137479886092478409e-06 1.029427585308440030e-05 5.905296347918920219e-06 7.889539119787514210e-06 3.893747816618997604e-06 5.306605089572258294e-06
2.100000000000000000e+04 6.064070475986227393e-06 1.018296825350262225e-05 5.843387953063938767e-06 7.811677278368733823e-06 3.844254933937918395e-06 5.262356808088952675e-06 6.064070475986227393e-06 1.018296825350262225e-05 5.843387953063938767e-06 7.811677278368733823e-06 3.844254933937918395e-06 5.262356808088952675e-06
2.110000000000000000e+04 5.994108050799695775e-06 1.007754144666250795e-05 5.774870714958524331e-06 7.744130925857461989e-06 3.803372464972198941e-06 5.217638772592181340e-06 5.994108050799695775e-06 1.007754144666250795e-05 5.774870714958524331e-06 7.744130925857461989e-06 3.803372464972198941e-06 5.217638772592181340e-06
2.120000000000000000e+04 5.926774520048638806e-06 9.945993042492773384e-06 5.721628440369386226e-06 7.710075806244276464e-06 3.757400463655358180e-06 5.520282229554140940e-06 5.926774520048638806e-06 9.945993042492773384e-06 5.721628440369386226e-06 7.710075806244276464e-06 3.757400463655358180e-06 5.520282229554140940e-06
2.130000000000000000e+04 5.853383299836423248e-06 9.831483112066052854e-06 5.652585969073697925e-06 7.554831881861900911e-06 3.757030071938061155e-06 5.141011115483706817e-06 5.853383299836423248e-06 9.831483112066052854e-06 5.652585969073697925e-06 7.554831881861900911e-06 3.757030071938061155e-06 5.141011115483706817e-06
2.140000000000000000e+04 5.792879619548330083e-06 9.680210496298968792e-06 5.621455784421414137e-06 8.358433660760056227e-06 3.685683395815431140e-06 5.395341304392786697e-06 5.792879619548330083e-06 9.680210496298968792e-06 5.621455784421414137e-06 8.358433660760056227e-06 3.685683395815431140e-06 5.395341304392786697e-06
2.150000000000000000e+04 5.833612704009283334e-06 1.007415903586661443e-05 5.553938535740599036e-06 2.488764039298985153e-05 5.118721219332655892e-06 9.547370609652716666e-06 5.833612704009283334e-06 1.007415903586661443e-05 5.553938535740599036e-06 2.488764039298985153e-05 5.118721219332655892e-06 9.547370609652716666e-06
2.160000000000000000e+04 5.662493549607461318e-06 9.479530490352772176e-06 5.490391686180373654e-06 7.337854640354635194e-06 3.629326783993747085e-06 4.999273187422659248e-06 5.662493549607461318e-06 9.479530490352772176e-06 5.490391686180373654e-06 7.337854640354635194e-06 3.629326783993747085e-06 4.999273187422659248e-06
2.170000000000000000e+04 5.605398655461613089e-06 9.378669346915557981e-06 5.435904313344508410e-06 7.276042197190690786e-06 3.596739361455547623e-06 4.963851097272709012e-06 5.605398655461613089e-06 9.378669346915557981e-06 5.435904313344508410e-06 7.276042197190690786e-06 3.596739361455547623e-06 4.963851097272709012e-06
2.180000000000000000e+04 5.549714842345565557e-06 9.269652764487545937e-06 5.388584668253315613e-06 7.218982318590860814e-06 3.552255520844482817e-06 4.939618975186021999e-06 5.549714842345565557e-06 9.269652764487545937e-06 5.388584668253315613e-06 7.218982318590860814e-06 3.552255520844482817e-06 4.939618975186021999e-06
2.190000000000000000e+04 5.495060122484574094e-06 9.193092409987002611e-06 5.335474270395934582e-06 7.188616564235417172e-06 3.547578899087966420e-06 4.899504347122274339e-06 5.495060122484574094e-06 9.193092409987002611e-06 5.335474270395934582e-06 7.188616564235417172e-06 3.547578899087966420e-06 4.899504347122274339e-06
2.200000000000000000e+04 5.445851002150448039e-06 9.143352144747041166e-06 5.346750640455866233e-06 9.371893611387349665e-06 3.637542249634861946e-06 5.450852768262848258e-06 5.445851002150448039e-06 9.143352144747041166e-06 5.346750640455866233e-06 9.371893611387349665e-06 3.637542249634861946e-06 5.450852768262848258e-06
2.210000000000000000e+04 5.436478204501327127e-06 9.445720934309065342e-06 5.271398549666628242e-06 1.453462846257025376e-05 4.467991402634652331e-06 7.179414296842878684e-06 5.436478204501327127e-06 9.445720934309065342e-06 5.271398549666628242e-06 1.453462846257025376e-05 4.467991402634652331e-06 7.179414296842878684e-06
2.220000000000000000e+04 5.336353297025198117e-06 8.881503163138404489e-06 5.209245500736869872e-06 7.357706635957583785e-06 3.481017301965039223e-06 4.790460479853209108e-06 5.336353297025198117e-06 8.881503163138404489e-06 5.209245500736869872e-06 7.357706635957583785e-06 3.481017301965039223e-06 4.790460479853209108e-06
2.230000000000000000e+04 5.293225967761827633e-06 8.808226994005963206e-06 5.150910510565154254e-06 6.935139481356600299e-06 3.435267217355431058e-06 4.744091256725369021e-06 5.293225967761827633e-06 8.808226994005963206e-06 5.150910510565154254e-06 6.935139481356600299e-06 3.435267217355431058e-06 4.744091256725369021e-06
2.240000000000000000e+04 5.287873591441893950e-06 8.812744454189669341e-06 5.173739737074356526e-06 1.373293798678787425e-05 3.555880766725749709e-06 7.092198302416363731e-06 5.287873591441893950e-06 8.812744454189669341e-06 5.173739737074356526e-06 1.373293798678787425e-05 3.555880766725749709e-06 7.092198302416363731e-06
2.250000000000000000e+04 5.280388450046302751e-06 8.691091352375224233e-06 5.133275408297777176e-06 1.457730468246154487e-05 3.699797616718569770e-06 8.147119842760730535e-06 5.280388450046302751e-06 8.691091352375224233e-06 5.133275408297777176e-06 1.457730468246154487e-05 3.699797616718569770e-06 8.147119842760730535e-06
2.260000000000000000e+04 5.170018084754701704e-06 8.685997272550594062e-06 5.123272785567678511e-06 1.103328577300999314e-05 3.468004933893098496e-06 7.075439043546793982e-06 5.170018084754701704e-06 8.685997272550594062e-06 5.123272785567678511e-06 1.103328577300999314e-05 3.468004933893098496e-06 7.075439043546793982e-06
2.270000000000000000e+04 5.115588919579749927e-06 8.463800440949853510e-06 4.982462542102439329e-06 6.759030384273501113e-06 3.297676357760792598e-06 4.662638275476638228e-06 5.115588919579749927e-06 8.463800440949853510e-06 4.982462542102439329e-06 6.759030384273501113e-06 3.297676357760792598e-06 4.662638275476638228e-06
2.280000000000000000e+04 5.087570116302231327e-06 8.521813469997141510e-06 4.929620899929432198e-06 9.102754120249301195e-06 3.506533175823278725e-06 6.535790362249827012e-06 5.087570116302231327e-06 8.521813469997141510e-06 4.929620899929432198e-06 9.102754120249301195e-06 3.506533175823278725e-06 6.535790362249827012e-06
2.290000000000000000e+04 5.032629815104883164e-06 8.306762538268230855e-06 4.902295586362015456e-06 6.687388577120145783e-06 3.245476364099886268e-06 4.607645223586587235e-06 5.032629815104883164e-06 8.306762538268230855e-06 4.902295586362015456e-06 6.687388577120145783e-06 3.245476364099886268e-06 4.607645223586587235e-06
2.300000000000000000e+04 4.991307832824531943e-06 8.241992873081471771e-06 4.864027687290217727e-06 6.582139576494228095e-06 3.257770913478452712e-06 4.525018994172569364e-06 4.991307832824531943e-06 8.241992873081471771e-06 4.864027687290217727e-06 6.582139576494228095e-06 3.257770913478452712e-06 4.525018994172569364e-06
2.310000000000000000e+04 4.977753178536659107e-06 8.399328180530574173e-06 4.834032097278395668e-06 1.136433002102421597e-05 3.804126208706293255e-06 5.974902251182356849e-06 4.977753178536659107e-06 8.399328180530574173e-06 4.834032097278395668e-06 1.136433002102421597e-05 3.804126208706293255e-06 5.974902251182356849e-06
2.320000000000000000e+04 4.934121989208506420e-06 8.476860784867312759e-06 4.809454821952385828e-06 9.096609574044123292e-06 3.863072379317600280e-06 5.395317202783189714e-06 4.934121989208506420e-06 8.476860784867312759e-06 4.809454821952385828e-06 9.096609574044123292e-06 3.863072379317600280e-06 5.395317202783189714e-06
2.330000000000000000e+04 4.877146238868590444e-06 8.026236173463985324e-06 4.751947926706634462e-06 6.437644969992106780e-06 3.178661472702515312e-06 4.434406491782283410e-06 4.877146238868590444e-06 8.026236173463985324e-06 4.751947926706634462e-06 6.437644969992106780e-06 3.178661472702515312e-06 4.434406491782283410e-06
2.340000000000000000e+04 4.846020601689815521e-06 7.976202141435351223e-06 4.718679974757833406e-06 6.497095910162897781e-06 3.135452288915985264e-06 4.439310487214243039e-06 4.846020601689815521e-06 7.976202141435351223e-06 4.718679974757833406e-06 6.497095910162897781e-06 3.135452288915985264e-06 4.439310487214243039e-06
2.350000000000000000e+04 4.808690391655545682e-06 7.880974408180918545e-06 4.683421138906851411e-06 6.457350082200719044e-06 3.108440068899653852e-06 4.470006842893781140e-06 4.808690391655545682e-06 7.880974408180918545e-06 4.683421138906851411e-06 6.457350082200719044e-06 3.108440068899653852e-06 4.470006842893781140e-06
2.360000000000000000e+04 4.890093805443029851e-06 7.971163540787529200e-06 4.739641099149594083e-06 1.925649848999455571e-05 3.677390623124665581e-06 9.514066732663195580e-06 4.890093805443029851e-06 7.971163540787529200e-06 4.739641099149594083e-06 1.925649848999455571e-05 3.677390623124665581e-06 9.514066732663195580e-06
2.370000000000000000e+04 4.738883944810368121e-06 7.761122105875983834e-06 4.615240868588443846e-06 6.273207873164210469e-06 3.090993914156570099e-06 4.330890533310594037e-06 4.738883944810368121e-06 7.761122105875983834e-06 4.615240868588443846e-06 6.273207873164210469e-06 3.090993914156570099e-06 4.330890533310594037e-06
2.380000000000000000e+04 4.734705271403072402e-06 7.826330147508997470e-06 4.663525032810866833e-06 1.208374487760011107e-05 3.196871830368763767e-06 7.937977898109238595e-06 4.734705271403072402e-06 7.826330147508997470e-06 4.663525032810866833e-06 1.208374487760011107e-05 3.196871830368763767e-06 7.937977898109238595e-06
2.390000000000000000e+04 4.783166787092341110e-06 8.091141353361308575e-06 4.703912054537795484e-06 1.846377926995046437e-05 4.012589215562911704e-06 9.232380762114189565e-06 4.783166787092341110e-06 8.091141353361308575e-06 4.703912054537795484e-06 1.846377926995046437e-05 4.012589215562911704e-06 9.232380762114189565e-06
2.400000000000000000e+04 4.700753834185888991e-06 8.660512321512214839e-06 4.573393653117818758e-06 7.386823199340142310e-06 3.989199285570066422e-06 6.647874215559568256e-06 4.700753834185888991e-06 8.660512321512214839e-06 4.573393653117818758e-06 7.386823199340142310e-06 3.989199285570066422e-06 6.647874215559568256e-06
2.410000000000000000e+04 4.607462415151530877e-06 7.525915407313732430e-06 4.495331268117297441e-06 6.431711881305091083e-06 3.061222969336085953e-06 4.398214969114633277e-06 4.607462415151530877e-06 7.525915407313732430e-06 4.495331268117297441e-06 6.431711881305091083e-06 3.061222969336085953e-06 4.398214969114633277e-06
2.420000000000000000e+04 4.579381311486940831e-06 7.453838861692929640e-06 4.459432602743618190e-06 6.086525900173000991e-06 2.993638645421015099e-06 4.206806806905660778e-06 4.579381311486940831e-06 7.453838861692929640e-06 4.459432602743618190e-06 6.086525900173000991e-06 2.993638645421015099e-06 4.206806806905660778e-06
2.430000000000000000e+04 4.549061941361287609e-06 7.394966814899817109e-06 4.430161880009109154e-06 6.055983249098062515e-06 2.974762537633068860e-06 4.181950316706206650e-06 4.549061941361287609e-06 7.394966814899817109e-06 4.430161880009109154e-06 6.055983249098062515e-06 2.974762537633068860e-06 4.181950316706206650e-06
2.440000000000000000e+04 4.633520802599377930e-06 7.610041393490973860e-06 4.530391834123292938e-06 1.795733624021522701e-05 3.656579565358697437e-06 8.870654710335657001e-06 4.633520802599377930e-06 7.610041393490973860e-06 4.530391834123292938e-06 1.795733624021522701e-05 3.656579565358697437e-06 8.870654710335657001e-06
2.450000000000000000e+04 4.502480805967934430e-06 7.553609975730068982e-06 4.380544396553887054e-06 7.127706339815631509e-06 3.261291112721664831e-06 4.447503670235164464e-06 4.502480805967934430e-06 7.553609975730068982e-06 4.380544396553887054e-06 7.127706339815631509e-06 3.261291112721664831e-06 4.447503670235164464e-06
2.460000000000000000e+04 4.466538484848570079e-06 7.252178875205572695e-06 4.350513790996046737e-06 6.240225502551766112e-06 2.937501903943484649e-06 4.183792952971998602e-06 4.466538484848570079e-06 7.252178875205572695e-06 4.350513790996046737e-06 6.240225502551766112e-06 2.937501903943484649e-06 4.183792952971998602e-06
2.470000000000000000e+04 4.445294962351908907e-06 7.321641533053480089e-06 4.321092092141043395e-06 7.839676982257515192e-06 3.326521436974871904e-06 4.911640644422732294e-06 4.445294962351908907e-06 7.321641533053480089e-06 4.321092092141043395e-06 7.839676982257515192e-06 3.326521436974871904e-06 4.911640644422732294e-06
2.480000000000000000e+04 4.461919161258265376e-06 7.214827292045811191e-06 4.347546564531512558e-06 1.344424708804581314e-05 3.083766841882606968e-06 6.797941296099452302e-06 4.461919161258265376e-06 7.214827292045811191e-06 4.347546564531512558e-06 1.344424708804581314e-05 3.083766841882606968e-06 6.797941296099452302e-06
2.490000000000000000e+04 4.394511506689013913e-06 7.062121312628732994e-06 4.268875272828154266e-06 7.185331014625262469e-06 2.851197677955497056e-06 4.696549240179592744e-06 4.394511506689013913e-06 7.062121312628732994e-06 4.268875272828154266e-06 7.185331014625262469e-06 2.851197677955497056e-06 4.696549240179592744e-06
2.500000000000000000e+04 4.359581453172722831e-06 7.118372195691335946e-06 4.245983745931880549e-06 8.227151738537941128e-06 3.228427658541477285e-06 4.901570719084702432e-06 4.359581453172722831e-06 7.118372195691335946e-06 4.245983745931880549e-06 8.227151738537941128e-06 3.228427658541477285e-06 4.901570719084702432e-06
2.510000000000000000e+04 4.329949661041609943e-06 7.149999873945489526e-06 4.302165507397148758e-06 1.039204107655677944e-05 3.156808588755666278e-06 4.689709385274909437e-06 4.329949661041609943e-06 7.149999873945489526e-06 4.302165507397148758e-06 1.039204107655677944e-05 3.156808588755666278e-06 4.689709385274909437e-06
2.520000000000000000e+04 4.296216957300202921e-06 6.922147804289124906e-06 4.181549229542724788e-06 5.768285063822986558e-06 2.867517196136759594e-06 3.984943305113120005e-06 4.296216957300202921e-06 6.922147804289124906e-06 4.181549229542724788e-06 5.768285063822986558e-06 2.867517196136759594e-06 3.984943305113120005e-06
2.530000000000000000e+04 4.485965746425790712e-06 8.248622179962694645e-06 4.440446446096757427e-06 3.182130967616103590e-05 4.907354195893276483e-06 1.350811726297251880e-05 4.485965746425790712e-06 8.248622179962694645e-06 4.440446446096757427e-06 3.182130967616103590e-05 4.907354195893276483e-06 1.350811726297251880e-05
2.540000000000000000e+04 4.249641733622411266e-06 6.832287454017205164e-06 4.132021786062978208e-06 5.661137493007117882e-06 2.799806452458142303e-06 3.917786216334206983e-06 4.249641733622411266e-06 6.832287454017205164e-06 4.132021786062978208e-06 5.661137493007117882e-06 2.799806452458142303e-06 3.917786216334206983e-06
2.550000000000000000e+04 4.226700184517540038e-06 6.786625817767344415e-06 4.106096184841590002e-06 5.627159680443583056e-06 2.777765075734350830e-06 3.920068138540955260e-06 4.226700184517540038e-06 6.786625817767344415e-06 4.106096184841590002e-06 5.627159680443583056e-06 2.777765075734350830e-06 3.920068138540955260e-06
2.560000000000000000e+04 4.203057869744952768e-06 6.743774974893312901e-06 4.084026841155719012e-06 5.600993063126225024e-06 2.761539462881046347e-06 3.882536020682891831e-06 4.203057869744952768e-06 6.743774974893312901e-06 4.084026841155719012e-06 5.600993063126225024e-06 2.761539462881046347e-06 3.882536020682891831e-06
2.570000000000000000e+04 4.274106686352752149e-06 7.333486337302019820e-06 4.138281838095281273e-06 1.891859574243426323e-05 4.397592874738620594e-06 8.641282875032629818e-06 4.274106686352752149e-06 7.333486337302019820e-06 4.138281838095281273e-06 1.891859574243426323e-05 4.397592874738620594e-06 8.641282875032629818e-06
2.580000000000000000e+04 4.173173692834097892e-06 7.137768989196047187e-06 4.143759724684059620e-06 7.133850431273458526e-06 3.484977241896558553e-06 4.794781489181332290e-06 4.173173692834097892e-06 7.137768989196047187e-06 4.143759724684059620e-06 7.133850431273458526e-06 3.484977241896558553e-06 4.794781489181332290e-06
2.590000000000000000e+04 4.133039965381613001e-06 6.611129265365889296e-06 4.014711521449498832e-06 5.535093805519863963e-06 2.726143065956421196e-06 3.844889761239755899e-06 4.133039965381613001e-06 6.611129265365889296e-06 4.014711521449498832e-06 5.535093805519863963e-06 2.726143065956421196e-06 3.844889761239755899e-06
2.600000000000000000e+04 4.110271220270078629e-06 6.592325007659383118e-06 3.989788638136815280e-06 5.582995981967542320e-06 2.747022563198697753e-06 3.803845629590796307e-06 4.110271220270078629e-06 6.592325007659383118e-06 3.989788638136815280e-06 5.582995981967542320e-06 2.747022563198697753e-06 3.803845629590796307e-06
2.610000000000000000e+04 4.091436039743712172e-06 6.634556939388858154e-06 3.996033683506539091e-06 5.969546236883616075e-06 2.827387106663081795e-06 3.824034138233400881e-06 4.091436039743712172e-06 6.634556939388858154e-06 3.996033683506539091e-06 5.969546236883616075e-06 2.827387106663081795e-06 3.824034138233400881e-06
2.620000000000000000e+04 4.062525022163754329e-06 6.478553586930502206e-06 3.948184712498914450e-06 5.458407031255774200e-06 2.712507921387441456e-06 3.756491423700936139e-06 4.062525022163754329e-06 6.478553586930502206e-06 3.948184712498914450e-06 5.458407031255774200e-06 2.712507921387441456e-06 3.756491423700936139e-06
2.630000000000000000e+04 4.046251888212282211e-06 6.501040388684486970e-06 3.922118594346102327e-06 5.932753083470743150e-06 2.770873607005341910e-06 3.852132522297324613e-06 4.046251888212282211e-06 6.501040388684486970e-06 3.922118594346102327e-06 5.932753083470743150e-06 2.770873607005341910e-06 3.852132522297324613e-06
2.640000000000000000e+04 4.025924226880306378e-06 6.442538051487645134e-06 3.981132522312691435e-06 9.270477676182053983e-06 2.688013182705617510e-06 3.831282811006531119e-06 4.025924226880306378e-06 6.442538051487645134e-06 3.981132522312691435e-06 9.270477676182053983e-06 2.688013182705617510e-06 3.831282811006531119e-06
2.650000000000000000e+04 4.002287823823280632e-06 6.364229193422943354e-06 3.884019861288834363e-06 5.331404281605500728e-06 2.632508767419494689e-06 3.744713012565625831e-06 4.002287823823280632e-06 6.364229193422943354e-06 3.884019861288834363e-06 5.331404281605500728e-06 2.632508767419494689e-06 3.744713012565625831e-06
2.660000000000000000e+04 3.984752311225747690e-06 6.426481832022545859e-06 3.860912784148240462e-06 5.623315246339188889e-06 2.764458713500062004e-06 3.762643245863728225e-06 3.984752311225747690e-06 6.426481832022545859e-06 3.860912784148240462e-06 5.623315246339188889e-06 2.764458713500062004e-06 3.762643245863728225e-06
2.670000000000000000e+04 3.982617727160686627e-06 6.302410383796086535e-06 3.861357072310056537e-06 6.531793133035534993e-06 2.601777623567613773e-06 4.122498012293362990e-06 3.982617727160686627e-06 6.302410383796086535e-06 3.861357072310056537e-06 6.531793133035534993e-06 2.601777623567613773e-06 4.122498012293362990e-06
2.680000000000000000e+04 3.952153747377451509e-06 6.345004294416867197e-06 3.828631179203512147e-06 5.469739335239864886e-06 2.680251782294362783e-06 3.704171376739395782e-06 3.952153747377451509e-06 6.345004294416867197e-06 3.828631179203512147e-06 5.469739335239864886e-06 2.680251782294362783e-06 3.704171376739395782e-06
2.690000000000000000e+04 3.921860752598149702e-06 6.245485565159469843e-06 3.798750185524113476e-06 5.358578619052423164e-06 2.631501502037281170e-06 3.643266609287820756e-06 3.921860752598149702e-06 6.245485565159469843e-06 3.798750185524113476e-06 5.358578619052423164e-06 2.631501502037281170e-06 3.643266609287820756e-06
2.700000000000000000e+04 3.903289780282648280e-06 6.170400411065202206e-06 3.786337174460641108e-06 5.279971446725539863e-06 2.560261009421083145e-06 3.655395175883313641e-06 3.903289780282648280e-06 6.170400411065202206e-06 3.786337174460641108e-06 5.279971446725539863e-06 2.560261009421083145e-06 3.655395175883313641e-06
2.710000000000000000e+04 3.879303676512790844e-06 6.135664989415090531e-06 3.772849822780699469e-06 5.269673238217364997e-06 2.620295163069386035e-06 3.604499170251074247e-06 3.879303676512790844e-06 6.135664989415090531e-06 3.772849822780699469e-06 5.269673238217364997e-06 2.620295163069386035e-06 3.604499170251074247e-06
2.720000000000000000e+04 3.886573722411412746e-06 6.378734269674168900e-06 3.749358029381255619e-06 6.153408776299329475e-06 2.757187075985711999e-06 3.992381607531569898e-06 3.886573722411412746e-06 6.378734269674168900e-06 3.749358029381255619e-06 6.153408776299329475e-06 2.757187075985711999e-06 3.992381607531569898e-06
2.730000000000000000e+04 3.854820079141063616e-06 6.062597094569355249e-06 3.731280003194115125e-06 6.036714239598950371e-06 2.503531277397996746e-06 3.975196250394219533e-06 3.854820079141063616e-06 6.062597094569355249e-06 3.731280003194115125e-06 6.036714239598950371e-06 2.503531277397996746e-06 3.975196250394219533e-06
2.740000000000000000e+04 3.833461050817277282e-06 6.131673217169009149e-06 3.710506007337244228e-06 7.440054105245508254e-06 2.763866859822883271e-06 4.311194970796350390e-06 3.833461050817277282e-06 6.131673217169009149e-06 3.710506007337244228e-06 7.440054105245508254e-06 2.763866859822883271e-06 4.311194970796350390e-06
2.750000000000000000e+04 3.839436885755276307e-06 6.581104116776259616e-06 3.716298806466511451e-06 7.100845778040820733e-06 3.100243702647276223e-06 4.076180175616173074e-06 3.839436885755276307e-06 6.581104116776259616e-06 3.716298806466511451e-06 7.100845778040820733e-06 3.100243702647276223e-06 4.076180175616173074e-06
2.760000000000000000e+04 3.787013611145084724e-06 5.972443887003464624e-06 3.679869223560672253e-06 5.201053681958001107e-06 2.565341446825186722e-06 3.558336175046861172e-06 3.787013611145084724e-06 5.972443887003464624e-06 3.679869223560672253e-06 5.201053681958001107e-06 2.565341446825186722e-06 3.558336175046861172e-06
2.770000000000000000e+04 3.779583721552626230e-06 5.957803750789025798e-06 3.652201257864362560e-06 5.302720182953635231e-06 2.480542434568633325e-06 3.662479684862773865e-06 3.779583721552626230e-06 5.957803750789025798e-06 3.652201257864362560e-06 5.302720182953635231e-06 2.480542434568633325e-06 3.662479684862773865e-06
2.780000000000000000e+04 3.749554480236838572e-06 5.902467364649055526e-06 3.662927383629721589e-06 6.160744305816479027e-06 2.752173713815864176e-06 4.144173544773366302e-06 3.749554480236838572e-06 5.902467364649055526e-06 3.662927383629721589e-06 6.160744305816479027e-06 2.752173713815864176e-06 4.144173544773366302e-06
2.790000000000000000e+04 3.737613951670937240e-06 5.859730208612745628e-06 3.620400320869521238e-06 5.037793471274198964e-06 2.447614406264619902e-06 3.508890131342923269e-06 3.737613951670937240e-06 5.859730208612745628e-06 3.620400320869521238e-06 5.037793471274198964e-06 2.447614406264619902e-06 3.508890131342923269e-06
2.800000000000000000e+04 3.797312501774285920e-06 6.102284260123269632e-06 3.623882321335258894e-06 1.636355955270119011e-05 3.571221895981580019e-06 6.950965598662151024e-06 3.797312501774285920e-06 6.102284260123269632e-06 3.623882321335258894e-06 1.636355955270119011e-05 3.571221895981580019e-06 6.950965598662151024e-06
2.810000000000000000e+04 3.701793502841610461e-06 5.799598056910326704e-06 3.586025059121311642e-06 4.924122549709863961e-06 2.445963900754577480e-06 3.429031266932724975e-06 3.701793502841610461e-06 5.799598056910326704e-06 3.586025059121311642e-06 4.924122549709863961e-06 2.445963900754577480e-06 3.429031266932724975e-06
2.820000000000000000e+04 3.685492629301734269e-06 5.757618964707944542e-06 3.572853529476560652e-06 5.039549250795971602e-06 2.416157030893373303e-06 3.513019237288972363e-06 3.685492629301734269e-06 5.757618964707944542e-06 3.572853529476560652e-06 5.039549250795971602e-06 2.416157030893373303e-06 3.513019237288972363e-06
2.830000000000000000e+04 3.670081923701218329e-06 5.732215868192724884e-06 3.555890089046442881e-06 4.972611350240185857e-06 2.412268713669618592e-06 3.471497848295257427e-06 3.670081923701218329e-06 5.732215868192724884e-06 3.555890089046442881e-06 4.972611350240185857e-06 2.412268713669618592e-06 3.471497848295257427e-06
2.840000000000000000e+04 3.653406338344211690e-06 5.717666226701112464e-06 3.534227062118588947e-06 4.858609372604405507e-06 2.413474248896818608e-06 3.378093879291554913e-06 3.653406338344211690e-06 5.717666226701112464e-06 3.534227062118588947e-06 4.858609372604405507e-06 2.413474248896818608e-06 3.378093879291554913e-06
2.850000000000000000e+04 3.637889676610939205e-06 5.678851721313549206e-06 3.519215169944800436e-06 4.837969754589721560e-06 2.389812379988143221e-06 3.379767349542817101e-06 3.637889676610939205e-06 5.678851721313549206e-06 3.519215169944800436e-06 4.837969754589721560e-06 2.389812379988143221e-06 3.379767349542817101e-06
2.860000000000000000e+04 3.622195663410820998e-06 5.645312285196268931e-06 3.515257049002684653e-06 5.081930794403888285e-06 2.389989958828664385e-06 3.438377689235494472e-06 3.622195663410820998e-06 5.645312285196268931e-06 3.515257049002684653e-06 5.081930794403888285e-06 2.389989958828664385e-06 3.438377689235494472e-06
2.870000000000000000e+04 3.617706170189194381e-06 5.721683464798843488e-06 3.535582209224230610e-06 6.844453764642821625e-06 2.532431381041533314e-06 3.818936420429963619e-06 3.617706170189194381e-06 5.721683464798843488e-06 3.535582209224230610e-06 6.844453764642821625e-06 2.532431381041533314e-06 3.818936420429963619e-06
2.880000000000000000e+04 3.589978177842567675e-06 5.602324563369620591e-06 3.470787760306848213e-06 4.804435320693301037e-06 2.387449740126612596e-06 3.315143430882017128e-06 3.589978177842567675e-06 5.602324563369620591e-06 3.470787760306848213e-06 4.804435320693301037e-06 2.387449740126612596e-06 3.315143430882017128e-06
2.890000000000000000e+04 3.576250037440331653e-06 5.555359621212119237e-06 3.460895186435664073e-06 4.889804586127866060e-06 2.339389311600825749e-06 3.404185690669692121e-06 3.576250037440331653e-06 5.555359621212119237e-06 3.460895186435664073e-06 4.889804586127866060e-06 2.339389311600825749e-06 3.404185690669692121e-06
2.900000000000000000e+04 3.605663550843019038e-06 5.703334409190574661e-06 3.471231593721313402e-06 1.332257488684263080e-05 3.254668627050705254e-06 5.933741249464219436e-06 3.605663550843019038e-06 5.703334409190574661e-06 3.471231593721313402e-06 1.332257488684263080e-05 3.254668627050705254e-06 5.933741249464219436e-06
2.910000000000000000e+04 3.545698291418375447e-06 5.539952780964085832e-06 3.433259053053916432e-06 4.871301825914997607e-06 2.412944695606711321e-06 3.360655682627111673e-06 3.545698291418375447e-06 5.539952780964085832e-06 3.433259053053916432e-06 4.871301825914997607e-06 2.412944695606711321e-06 3.360655682627111673e-06
2.920000000000000000e+04 3.539026465659844689e-06 5.602508736046729609e-06 3.425400791456922889e-06 6.793178727093618363e-06 2.655018533914699219e-06 3.889132131007499993e-06 3.539026465659844689e-06 5.602508736046729609e-06 3.425400791456922889e-06 6.793178727093618363e-06 2.655018533914699219e-06 3.889132131007499993e-06
2.930000000000000000e+04 3.515281150612281635e-06 5.477650120155885816e-06 3.389683115528896451e-06 4.817315129912458360e-06 2.343999994991463609e-06 3.250294867029879242e-06 3.515281150612281635e-06 5.477650120155885816e-06 3.389683115528896451e-06 4.817315129912458360e-06 2.343999994991463609e-06 3.250294867029879242e-06
2.940000000000000000e+04 3.500966613501077518e-06 5.427510131994495168e-06 3.381399210411473177e-06 4.672288014262448996e-06 2.299349489476298913e-06 3.249235987823340110e-06 3.500966613501077518e-06 5.427510131994495168e-06 3.381399210411473177e-06 4.672288014262448996e-06 2.299349489476298913e-06 3.249235987823340110e-06
2.950000000000000000e+04 3.517071263559046201e-06 5.407376647781347856e-06 3.387796596143743955e-06 7.396153705485630780e-06 2.330450115550775081e-06 4.279995209799380973e-06 3.517071263559046201e-06 5.407376647781347856e-06 3.387796596143743955e-06 7.396153705485630780e-06 2.330450115550775081e-06 4.279995209799380973e-06
2.960000000000000000e+04 3.467744818408391438e-06 5.447054718388244510e-06 3.370411832293029875e-06 4.765900939673883840e-06 2.484207016095751897e-06 3.224021384085062891e-06 3.467744818408391438e-06 5.447054718388244510e-06 3.370411832293029875e-06 4.765900939673883840e-06 2.484207016095751897e-06 3.224021384085062891e-06
2.970000000000000000e+04 3.455532350926660001e-06 5.350890660338336602e-06 3.335707788210129365e-06 4.587482180795632303e-06 2.288848236275953241e-06 3.228546120226383209e-06 3.455532350926660001e-06 5.350890660338336602e-06 3.335707788210129365e-06 4.587482180795632303e-06 2.288848236275953241e-06 3.228546120226383209e-06
2.980000000000000000e+04 3.445942638791166246e-06 5.332791261025704443e-06 3.323430746604572050e-06 4.625856490747537464e-06 2.264243448735214770e-06 3.181181455147452652e-06 3.445942638791166246e-06 5.332791261025704443e-06 3.323430746604572050e-06 4.625856490747537464e-06 2.264243448735214770e-06 3.181181455147452652e-06
2.990000000000000000e+04 3.430670858506346121e-06 5.339715698937652633e-06 3.308461600681766868e-06 4.918090780847705901e-06 2.349954911551321857e-06 3.246872211093432270e-06 3.430670858506346121e-06 5.339715698937652633e-06 3.308461600681766868e-06 4.918090780847705901e-06 2.349954911551321857e-06 3.246872211093432270e-06
3.000000000000000000e+04 3.415459559619193897e-06 5.263280854705953971e-06 3.302705408714246005e-06 4.667469511332456023e-06 2.271795210617710836e-06 3.598491957745864056e-06 3.415459559619193897e-06 5.263280854705953971e-06 3.302705408714246005e-06 4.667469511332456023e-06 2.271795210617710836e-06 3.598491957745864056e-06
