0 [4.0000e-01, 6.0000e-01]
100 [3.9506e-01, 5.9665e-01]
200 [3.8279e-01, 6.0712e-01]
300 [3.7073e-01, 6.1949e-01]
400 [3.6455e-01, 6.2944e-01]
500 [3.7005e-01, 6.3406e-01]
600 [3.8853e-01, 6.3192e-01]
700 [3.8837e-01, 6.1497e-01]
800 [3.8448e-01, 5.7124e-01]
900 [3.6569e-01, 5.4619e-01]
1000 [3.4430e-01, 5.3098e-01]
1100 [3.5918e-01, 5.2771e-01]
1200 [3.9284e-01, 5.2847e-01]
1300 [4.2452e-01, 5.2446e-01]
1400 [4.4527e-01, 5.1812e-01]
1500 [4.5656e-01, 5.1209e-01]
1600 [4.6365e-01, 5.0682e-01]
1700 [4.6975e-01, 5.0177e-01]
1800 [4.7607e-01, 4.9659e-01]
1900 [4.8305e-01, 4.9171e-01]
2000 [4.9025e-01, 4.8779e-01]
2100 [4.9680e-01, 4.8498e-01]
2200 [5.0209e-01, 4.8328e-01]
2300 [5.0552e-01, 4.8276e-01]
2400 [5.0704e-01, 4.8321e-01]
2500 [5.0714e-01, 4.8437e-01]
2600 [5.0639e-01, 4.8609e-01]
2700 [5.0521e-01, 4.8814e-01]
2800 [5.0404e-01, 4.9027e-01]
2900 [5.0311e-01, 4.9218e-01]
3000 [5.0234e-01, 4.9371e-01]
3100 [5.0158e-01, 4.9474e-01]
3200 [5.0102e-01, 4.9517e-01]
3300 [5.0101e-01, 4.9546e-01]
3400 [5.0166e-01, 4.9571e-01]
3500 [5.0253e-01, 4.9590e-01]
3600 [5.0318e-01, 4.9615e-01]
3700 [5.0348e-01, 4.9650e-01]
3800 [5.0348e-01, 4.9683e-01]
3900 [5.0332e-01, 4.9711e-01]
4000 [5.0307e-01, 4.9735e-01]
4100 [5.0280e-01, 4.9757e-01]
4200 [5.0254e-01, 4.9775e-01]
4300 [5.0228e-01, 4.9791e-01]
4400 [5.0213e-01, 4.9800e-01]
4500 [5.0197e-01, 4.9804e-01]
4600 [5.0187e-01, 4.9802e-01]
4700 [5.0177e-01, 4.9796e-01]
4800 [5.0168e-01, 4.9785e-01]
4900 [5.0160e-01, 4.9771e-01]
5000 [5.0149e-01, 4.9758e-01]
5100 [5.0142e-01, 4.9739e-01]
5200 [5.0133e-01, 4.9722e-01]
5300 [5.0124e-01, 4.9705e-01]
5400 [5.0116e-01, 4.9688e-01]
5500 [5.0107e-01, 4.9671e-01]
5600 [5.0099e-01, 4.9655e-01]
5700 [5.0091e-01, 4.9639e-01]
5800 [5.0083e-01, 4.9624e-01]
5900 [5.0077e-01, 4.9609e-01]
6000 [5.0070e-01, 4.9594e-01]
6100 [5.0065e-01, 4.9581e-01]
6200 [5.0060e-01, 4.9568e-01]
6300 [5.0055e-01, 4.9555e-01]
6400 [5.0052e-01, 4.9543e-01]
6500 [5.0049e-01, 4.9531e-01]
6600 [5.0046e-01, 4.9520e-01]
6700 [5.0044e-01, 4.9509e-01]
6800 [5.0043e-01, 4.9499e-01]
6900 [5.0042e-01, 4.9490e-01]
7000 [5.0041e-01, 4.9481e-01]
7100 [5.0041e-01, 4.9472e-01]
7200 [5.0041e-01, 4.9463e-01]
7300 [5.0042e-01, 4.9455e-01]
7400 [5.0042e-01, 4.9447e-01]
7500 [5.0044e-01, 4.9440e-01]
7600 [5.0045e-01, 4.9434e-01]
7700 [5.0046e-01, 4.9427e-01]
7800 [5.0048e-01, 4.9421e-01]
7900 [5.0050e-01, 4.9416e-01]
8000 [5.0052e-01, 4.9410e-01]
8100 [5.0054e-01, 4.9406e-01]
8200 [5.0057e-01, 4.9401e-01]
8300 [5.0059e-01, 4.9398e-01]
8400 [5.0061e-01, 4.9394e-01]
8500 [5.0065e-01, 4.9390e-01]
8600 [5.0066e-01, 4.9387e-01]
8700 [5.0068e-01, 4.9383e-01]
8800 [5.0070e-01, 4.9382e-01]
8900 [5.0072e-01, 4.9381e-01]
9000 [5.0074e-01, 4.9378e-01]
9100 [5.0076e-01, 4.9375e-01]
9200 [5.0077e-01, 4.9375e-01]
9300 [5.0078e-01, 4.9374e-01]
9400 [5.0079e-01, 4.9372e-01]
9500 [5.0079e-01, 4.9374e-01]
9600 [5.0081e-01, 4.9371e-01]
9700 [5.0082e-01, 4.9371e-01]
9800 [5.0082e-01, 4.9371e-01]
9900 [5.0083e-01, 4.9370e-01]
10000 [5.0084e-01, 4.9370e-01]
10100 [5.0084e-01, 4.9370e-01]
10200 [5.0085e-01, 4.9371e-01]
10300 [5.0085e-01, 4.9371e-01]
10400 [5.0086e-01, 4.9371e-01]
10500 [5.0086e-01, 4.9372e-01]
10600 [5.0085e-01, 4.9374e-01]
10700 [5.0086e-01, 4.9374e-01]
10800 [5.0085e-01, 4.9377e-01]
10900 [5.0086e-01, 4.9376e-01]
11000 [5.0086e-01, 4.9376e-01]
11100 [5.0086e-01, 4.9378e-01]
11200 [5.0086e-01, 4.9379e-01]
11300 [5.0085e-01, 4.9380e-01]
11400 [5.0085e-01, 4.9382e-01]
11500 [5.0085e-01, 4.9383e-01]
11600 [5.0085e-01, 4.9385e-01]
11700 [5.0085e-01, 4.9386e-01]
11800 [5.0085e-01, 4.9388e-01]
11900 [5.0084e-01, 4.9390e-01]
12000 [5.0084e-01, 4.9392e-01]
12100 [5.0083e-01, 4.9393e-01]
12200 [5.0083e-01, 4.9396e-01]
12300 [5.0085e-01, 4.9394e-01]
12400 [5.0082e-01, 4.9400e-01]
12500 [5.0081e-01, 4.9401e-01]
12600 [5.0081e-01, 4.9403e-01]
12700 [5.0081e-01, 4.9406e-01]
12800 [5.0075e-01, 4.9411e-01]
12900 [5.0080e-01, 4.9410e-01]
13000 [5.0079e-01, 4.9412e-01]
13100 [5.0078e-01, 4.9416e-01]
13200 [5.0077e-01, 4.9416e-01]
13300 [5.0077e-01, 4.9418e-01]
13400 [5.0077e-01, 4.9422e-01]
13500 [5.0074e-01, 4.9424e-01]
13600 [5.0075e-01, 4.9425e-01]
13700 [5.0076e-01, 4.9428e-01]
13800 [5.0075e-01, 4.9431e-01]
13900 [5.0073e-01, 4.9432e-01]
14000 [5.0074e-01, 4.9435e-01]
14100 [5.0071e-01, 4.9438e-01]
14200 [5.0073e-01, 4.9440e-01]
14300 [5.0072e-01, 4.9442e-01]
14400 [5.0073e-01, 4.9445e-01]
14500 [5.0072e-01, 4.9447e-01]
14600 [5.0071e-01, 4.9449e-01]
14700 [5.0071e-01, 4.9453e-01]
14800 [5.0070e-01, 4.9453e-01]
14900 [5.0070e-01, 4.9456e-01]
15000 [5.0069e-01, 4.9459e-01]
15100 [5.0066e-01, 4.9461e-01]
15200 [5.0069e-01, 4.9464e-01]
15300 [5.0066e-01, 4.9471e-01]
15400 [5.0068e-01, 4.9468e-01]
15500 [5.0068e-01, 4.9471e-01]
15600 [5.0067e-01, 4.9473e-01]
15700 [5.0066e-01, 4.9476e-01]
15800 [5.0066e-01, 4.9478e-01]
15900 [5.0065e-01, 4.9480e-01]
16000 [5.0066e-01, 4.9485e-01]
16100 [5.0065e-01, 4.9485e-01]
16200 [5.0064e-01, 4.9488e-01]
16300 [5.0064e-01, 4.9489e-01]
16400 [5.0064e-01, 4.9492e-01]
16500 [5.0064e-01, 4.9493e-01]
16600 [5.0063e-01, 4.9496e-01]
16700 [5.0062e-01, 4.9499e-01]
16800 [5.0062e-01, 4.9500e-01]
16900 [5.0062e-01, 4.9503e-01]
17000 [5.0062e-01, 4.9505e-01]
17100 [5.0063e-01, 4.9509e-01]
17200 [5.0061e-01, 4.9509e-01]
17300 [5.0061e-01, 4.9511e-01]
17400 [5.0058e-01, 4.9516e-01]
17500 [5.0060e-01, 4.9515e-01]
17600 [5.0061e-01, 4.9518e-01]
17700 [5.0060e-01, 4.9520e-01]
17800 [5.0060e-01, 4.9522e-01]
17900 [5.0060e-01, 4.9522e-01]
18000 [5.0059e-01, 4.9526e-01]
18100 [5.0057e-01, 4.9528e-01]
18200 [5.0059e-01, 4.9530e-01]
18300 [5.0059e-01, 4.9533e-01]
18400 [5.0058e-01, 4.9534e-01]
18500 [5.0058e-01, 4.9537e-01]
18600 [5.0059e-01, 4.9537e-01]
18700 [5.0058e-01, 4.9540e-01]
18800 [5.0058e-01, 4.9544e-01]
18900 [5.0057e-01, 4.9544e-01]
19000 [5.0057e-01, 4.9546e-01]
19100 [5.0057e-01, 4.9549e-01]
19200 [5.0057e-01, 4.9550e-01]
19300 [5.0057e-01, 4.9552e-01]
19400 [5.0057e-01, 4.9557e-01]
19500 [5.0056e-01, 4.9556e-01]
19600 [5.0056e-01, 4.9558e-01]
19700 [5.0057e-01, 4.9561e-01]
19800 [5.0056e-01, 4.9562e-01]
19900 [5.0055e-01, 4.9564e-01]
20000 [5.0054e-01, 4.9566e-01]
20100 [5.0055e-01, 4.9567e-01]
20200 [5.0055e-01, 4.9566e-01]
20300 [5.0055e-01, 4.9571e-01]
20400 [5.0055e-01, 4.9572e-01]
20500 [5.0055e-01, 4.9575e-01]
20600 [5.0053e-01, 4.9578e-01]
20700 [5.0053e-01, 4.9581e-01]
20800 [5.0054e-01, 4.9579e-01]
20900 [5.0054e-01, 4.9583e-01]
21000 [5.0054e-01, 4.9583e-01]
21100 [5.0054e-01, 4.9585e-01]
21200 [5.0052e-01, 4.9590e-01]
21300 [5.0054e-01, 4.9588e-01]
21400 [5.0053e-01, 4.9590e-01]
21500 [5.0055e-01, 4.9593e-01]
21600 [5.0050e-01, 4.9594e-01]
21700 [5.0053e-01, 4.9595e-01]
21800 [5.0053e-01, 4.9596e-01]
21900 [5.0053e-01, 4.9598e-01]
22000 [5.0053e-01, 4.9600e-01]
22100 [5.0053e-01, 4.9601e-01]
22200 [5.0053e-01, 4.9603e-01]
22300 [5.0053e-01, 4.9605e-01]
22400 [5.0052e-01, 4.9606e-01]
22500 [5.0051e-01, 4.9610e-01]
22600 [5.0052e-01, 4.9609e-01]
22700 [5.0052e-01, 4.9610e-01]
22800 [5.0052e-01, 4.9613e-01]
22900 [5.0052e-01, 4.9614e-01]
23000 [5.0052e-01, 4.9616e-01]
23100 [5.0051e-01, 4.9616e-01]
23200 [5.0052e-01, 4.9618e-01]
23300 [5.0051e-01, 4.9620e-01]
23400 [5.0052e-01, 4.9621e-01]
23500 [5.0052e-01, 4.9622e-01]
23600 [5.0051e-01, 4.9624e-01]
23700 [5.0051e-01, 4.9626e-01]
23800 [5.0051e-01, 4.9627e-01]
23900 [5.0049e-01, 4.9627e-01]
24000 [5.0051e-01, 4.9630e-01]
24100 [5.0051e-01, 4.9631e-01]
24200 [5.0051e-01, 4.9633e-01]
24300 [5.0052e-01, 4.9635e-01]
24400 [5.0051e-01, 4.9636e-01]
24500 [5.0051e-01, 4.9637e-01]
24600 [5.0049e-01, 4.9638e-01]
24700 [5.0051e-01, 4.9639e-01]
24800 [5.0050e-01, 4.9645e-01]
24900 [5.0050e-01, 4.9642e-01]
25000 [5.0048e-01, 4.9645e-01]
25100 [5.0051e-01, 4.9646e-01]
25200 [5.0050e-01, 4.9646e-01]
25300 [5.0050e-01, 4.9648e-01]
25400 [5.0050e-01, 4.9648e-01]
25500 [5.0050e-01, 4.9650e-01]
25600 [5.0050e-01, 4.9652e-01]
25700 [5.0050e-01, 4.9652e-01]
25800 [5.0050e-01, 4.9654e-01]
25900 [5.0050e-01, 4.9656e-01]
26000 [5.0049e-01, 4.9658e-01]
26100 [5.0050e-01, 4.9658e-01]
26200 [5.0050e-01, 4.9659e-01]
26300 [5.0050e-01, 4.9661e-01]
26400 [5.0049e-01, 4.9662e-01]
26500 [5.0049e-01, 4.9663e-01]
26600 [5.0050e-01, 4.9665e-01]
26700 [5.0049e-01, 4.9666e-01]
26800 [5.0049e-01, 4.9667e-01]
26900 [5.0049e-01, 4.9668e-01]
27000 [5.0049e-01, 4.9669e-01]
27100 [5.0048e-01, 4.9670e-01]
27200 [5.0049e-01, 4.9672e-01]
27300 [5.0049e-01, 4.9673e-01]
27400 [5.0049e-01, 4.9674e-01]
27500 [5.0049e-01, 4.9675e-01]
27600 [5.0049e-01, 4.9676e-01]
27700 [5.0048e-01, 4.9678e-01]
27800 [5.0047e-01, 4.9678e-01]
27900 [5.0049e-01, 4.9680e-01]
28000 [5.0049e-01, 4.9681e-01]
28100 [5.0048e-01, 4.9682e-01]
28200 [5.0049e-01, 4.9683e-01]
28300 [5.0049e-01, 4.9684e-01]
28400 [5.0049e-01, 4.9686e-01]
28500 [5.0048e-01, 4.9690e-01]
28600 [5.0048e-01, 4.9688e-01]
28700 [5.0047e-01, 4.9691e-01]
28800 [5.0045e-01, 4.9689e-01]
28900 [5.0048e-01, 4.9691e-01]
29000 [5.0048e-01, 4.9692e-01]
29100 [5.0048e-01, 4.9694e-01]
29200 [5.0047e-01, 4.9693e-01]
29300 [5.0048e-01, 4.9694e-01]
29400 [5.0048e-01, 4.9696e-01]
29500 [5.0048e-01, 4.9697e-01]
29600 [5.0047e-01, 4.9698e-01]
29700 [5.0047e-01, 4.9700e-01]
29800 [5.0047e-01, 4.9701e-01]
29900 [5.0047e-01, 4.9702e-01]
30000 [5.0047e-01, 4.9703e-01]
30100 [5.0047e-01, 4.9704e-01]
30200 [5.0048e-01, 4.9705e-01]
30300 [5.0049e-01, 4.9709e-01]
30400 [5.0047e-01, 4.9707e-01]
30500 [5.0047e-01, 4.9708e-01]
30600 [5.0046e-01, 4.9707e-01]
30700 [5.0047e-01, 4.9710e-01]
30800 [5.0047e-01, 4.9712e-01]
30900 [5.0046e-01, 4.9712e-01]
31000 [5.0047e-01, 4.9713e-01]
31100 [5.0047e-01, 4.9714e-01]
31200 [5.0047e-01, 4.9715e-01]
31300 [5.0047e-01, 4.9716e-01]
31400 [5.0046e-01, 4.9715e-01]
31500 [5.0047e-01, 4.9717e-01]
31600 [5.0046e-01, 4.9719e-01]
31700 [5.0046e-01, 4.9720e-01]
31800 [5.0046e-01, 4.9721e-01]
31900 [5.0046e-01, 4.9722e-01]
32000 [5.0046e-01, 4.9723e-01]
32100 [5.0046e-01, 4.9724e-01]
32200 [5.0046e-01, 4.9725e-01]
32300 [5.0047e-01, 4.9727e-01]
32400 [5.0044e-01, 4.9730e-01]
32500 [5.0046e-01, 4.9728e-01]
32600 [5.0046e-01, 4.9730e-01]
32700 [5.0046e-01, 4.9730e-01]
32800 [5.0046e-01, 4.9731e-01]
32900 [5.0046e-01, 4.9731e-01]
33000 [5.0045e-01, 4.9733e-01]
33100 [5.0046e-01, 4.9734e-01]
33200 [5.0045e-01, 4.9734e-01]
33300 [5.0046e-01, 4.9736e-01]
33400 [5.0043e-01, 4.9735e-01]
33500 [5.0045e-01, 4.9737e-01]
33600 [5.0044e-01, 4.9740e-01]
33700 [5.0045e-01, 4.9739e-01]
33800 [5.0045e-01, 4.9740e-01]
33900 [5.0045e-01, 4.9740e-01]
34000 [5.0046e-01, 4.9743e-01]
34100 [5.0043e-01, 4.9741e-01]
34200 [5.0045e-01, 4.9743e-01]
34300 [5.0045e-01, 4.9744e-01]
34400 [5.0043e-01, 4.9745e-01]
34500 [5.0045e-01, 4.9745e-01]
34600 [5.0044e-01, 4.9747e-01]
34700 [5.0044e-01, 4.9748e-01]
34800 [5.0044e-01, 4.9749e-01]
34900 [5.0042e-01, 4.9748e-01]
35000 [5.0044e-01, 4.9750e-01]
35100 [5.0044e-01, 4.9751e-01]
35200 [5.0040e-01, 4.9752e-01]
35300 [5.0044e-01, 4.9753e-01]
35400 [5.0044e-01, 4.9754e-01]
35500 [5.0045e-01, 4.9753e-01]
35600 [5.0041e-01, 4.9757e-01]
35700 [5.0044e-01, 4.9756e-01]
35800 [5.0044e-01, 4.9757e-01]
35900 [5.0043e-01, 4.9757e-01]
36000 [5.0044e-01, 4.9758e-01]
36100 [5.0043e-01, 4.9759e-01]
36200 [5.0043e-01, 4.9760e-01]
36300 [5.0043e-01, 4.9760e-01]
36400 [5.0043e-01, 4.9762e-01]
36500 [5.0043e-01, 4.9763e-01]
36600 [5.0043e-01, 4.9763e-01]
36700 [5.0041e-01, 4.9767e-01]
36800 [5.0043e-01, 4.9765e-01]
36900 [5.0043e-01, 4.9766e-01]
37000 [5.0042e-01, 4.9767e-01]
37100 [5.0042e-01, 4.9768e-01]
37200 [5.0043e-01, 4.9768e-01]
37300 [5.0042e-01, 4.9769e-01]
37400 [5.0042e-01, 4.9770e-01]
37500 [5.0039e-01, 4.9773e-01]
37600 [5.0042e-01, 4.9771e-01]
37700 [5.0044e-01, 4.9775e-01]
37800 [5.0042e-01, 4.9773e-01]
37900 [5.0039e-01, 4.9778e-01]
38000 [5.0042e-01, 4.9775e-01]
38100 [5.0040e-01, 4.9774e-01]
38200 [5.0040e-01, 4.9777e-01]
38300 [5.0039e-01, 4.9777e-01]
38400 [5.0041e-01, 4.9778e-01]
38500 [5.0042e-01, 4.9778e-01]
38600 [5.0042e-01, 4.9780e-01]
38700 [5.0041e-01, 4.9780e-01]
38800 [5.0038e-01, 4.9784e-01]
38900 [5.0041e-01, 4.9782e-01]
39000 [5.0042e-01, 4.9781e-01]
39100 [5.0041e-01, 4.9783e-01]
39200 [5.0039e-01, 4.9787e-01]
39300 [5.0041e-01, 4.9784e-01]
39400 [5.0040e-01, 4.9783e-01]
39500 [5.0040e-01, 4.9786e-01]
39600 [5.0040e-01, 4.9787e-01]
39700 [5.0040e-01, 4.9789e-01]
39800 [5.0040e-01, 4.9788e-01]
39900 [5.0040e-01, 4.9789e-01]
40000 [5.0040e-01, 4.9790e-01]
40100 [5.0039e-01, 4.9791e-01]
40200 [5.0039e-01, 4.9791e-01]
40300 [5.0040e-01, 4.9792e-01]
40400 [5.0039e-01, 4.9793e-01]
40500 [5.0039e-01, 4.9792e-01]
40600 [5.0039e-01, 4.9794e-01]
40700 [5.0039e-01, 4.9795e-01]
40800 [5.0039e-01, 4.9795e-01]
40900 [5.0039e-01, 4.9796e-01]
41000 [5.0039e-01, 4.9797e-01]
41100 [5.0038e-01, 4.9796e-01]
41200 [5.0039e-01, 4.9798e-01]
41300 [5.0040e-01, 4.9797e-01]
41400 [5.0039e-01, 4.9800e-01]
41500 [5.0039e-01, 4.9800e-01]
41600 [5.0038e-01, 4.9800e-01]
41700 [5.0039e-01, 4.9802e-01]
41800 [5.0037e-01, 4.9800e-01]
41900 [5.0039e-01, 4.9803e-01]
42000 [5.0038e-01, 4.9803e-01]
42100 [5.0038e-01, 4.9804e-01]
42200 [5.0038e-01, 4.9805e-01]
42300 [5.0038e-01, 4.9806e-01]
42400 [5.0038e-01, 4.9807e-01]
42500 [5.0038e-01, 4.9807e-01]
42600 [5.0038e-01, 4.9807e-01]
42700 [5.0037e-01, 4.9808e-01]
42800 [5.0037e-01, 4.9807e-01]
42900 [5.0037e-01, 4.9810e-01]
43000 [5.0038e-01, 4.9811e-01]
43100 [5.0037e-01, 4.9811e-01]
43200 [5.0037e-01, 4.9813e-01]
43300 [5.0037e-01, 4.9813e-01]
43400 [5.0037e-01, 4.9815e-01]
43500 [5.0036e-01, 4.9813e-01]
43600 [5.0036e-01, 4.9816e-01]
43700 [5.0038e-01, 4.9816e-01]
43800 [5.0037e-01, 4.9816e-01]
43900 [5.0037e-01, 4.9816e-01]
44000 [5.0036e-01, 4.9818e-01]
44100 [5.0036e-01, 4.9817e-01]
44200 [5.0034e-01, 4.9817e-01]
44300 [5.0036e-01, 4.9819e-01]
44400 [5.0036e-01, 4.9820e-01]
44500 [5.0035e-01, 4.9820e-01]
44600 [5.0036e-01, 4.9821e-01]
44700 [5.0035e-01, 4.9821e-01]
44800 [5.0036e-01, 4.9822e-01]
44900 [5.0036e-01, 4.9823e-01]
45000 [5.0035e-01, 4.9823e-01]
45100 [5.0035e-01, 4.9824e-01]
45200 [5.0036e-01, 4.9825e-01]
45300 [5.0035e-01, 4.9825e-01]
45400 [5.0034e-01, 4.9828e-01]
45500 [5.0034e-01, 4.9826e-01]
45600 [5.0035e-01, 4.9827e-01]
45700 [5.0035e-01, 4.9827e-01]
45800 [5.0033e-01, 4.9828e-01]
45900 [5.0034e-01, 4.9829e-01]
46000 [5.0035e-01, 4.9830e-01]
46100 [5.0036e-01, 4.9832e-01]
46200 [5.0033e-01, 4.9830e-01]
46300 [5.0034e-01, 4.9831e-01]
46400 [5.0034e-01, 4.9833e-01]
46500 [5.0033e-01, 4.9832e-01]
46600 [5.0033e-01, 4.9834e-01]
46700 [5.0034e-01, 4.9834e-01]
46800 [5.0035e-01, 4.9835e-01]
46900 [5.0034e-01, 4.9835e-01]
47000 [5.0033e-01, 4.9836e-01]
47100 [5.0030e-01, 4.9836e-01]
47200 [5.0033e-01, 4.9837e-01]
47300 [5.0034e-01, 4.9839e-01]
47400 [5.0033e-01, 4.9838e-01]
47500 [5.0033e-01, 4.9840e-01]
47600 [5.0033e-01, 4.9839e-01]
47700 [5.0033e-01, 4.9840e-01]
47800 [5.0033e-01, 4.9842e-01]
47900 [5.0032e-01, 4.9841e-01]
48000 [5.0033e-01, 4.9841e-01]
48100 [5.0030e-01, 4.9840e-01]
48200 [5.0032e-01, 4.9843e-01]
48300 [5.0032e-01, 4.9843e-01]
48400 [5.0032e-01, 4.9844e-01]
48500 [5.0032e-01, 4.9844e-01]
48600 [5.0032e-01, 4.9845e-01]
48700 [5.0031e-01, 4.9845e-01]
48800 [5.0032e-01, 4.9846e-01]
48900 [5.0032e-01, 4.9846e-01]
49000 [5.0032e-01, 4.9848e-01]
49100 [5.0031e-01, 4.9848e-01]
49200 [5.0032e-01, 4.9848e-01]
49300 [5.0030e-01, 4.9846e-01]
49400 [5.0031e-01, 4.9849e-01]
49500 [5.0031e-01, 4.9850e-01]
49600 [5.0031e-01, 4.9851e-01]
49700 [5.0031e-01, 4.9851e-01]
49800 [5.0030e-01, 4.9851e-01]
49900 [5.0031e-01, 4.9852e-01]
50000 [5.0031e-01, 4.9854e-01]
50100 [5.0030e-01, 4.9853e-01]
50200 [5.0030e-01, 4.9854e-01]
50300 [5.0030e-01, 4.9854e-01]
50400 [5.0030e-01, 4.9855e-01]
50500 [5.0030e-01, 4.9855e-01]
50600 [5.0032e-01, 4.9857e-01]
50700 [5.0030e-01, 4.9856e-01]
50800 [5.0030e-01, 4.9857e-01]
50900 [5.0030e-01, 4.9858e-01]
51000 [5.0029e-01, 4.9857e-01]
51100 [5.0029e-01, 4.9858e-01]
51200 [5.0030e-01, 4.9858e-01]
51300 [5.0029e-01, 4.9860e-01]
51400 [5.0029e-01, 4.9860e-01]
51500 [5.0030e-01, 4.9861e-01]
51600 [5.0029e-01, 4.9862e-01]
51700 [5.0030e-01, 4.9864e-01]
51800 [5.0029e-01, 4.9862e-01]
51900 [5.0027e-01, 4.9862e-01]
52000 [5.0028e-01, 4.9864e-01]
52100 [5.0027e-01, 4.9865e-01]
52200 [5.0028e-01, 4.9863e-01]
52300 [5.0028e-01, 4.9864e-01]
52400 [5.0028e-01, 4.9865e-01]
52500 [5.0028e-01, 4.9865e-01]
52600 [5.0028e-01, 4.9867e-01]
52700 [5.0027e-01, 4.9868e-01]
52800 [5.0027e-01, 4.9866e-01]
52900 [5.0025e-01, 4.9867e-01]
53000 [5.0028e-01, 4.9868e-01]
53100 [5.0028e-01, 4.9868e-01]
53200 [5.0028e-01, 4.9869e-01]
53300 [5.0027e-01, 4.9869e-01]
53400 [5.0027e-01, 4.9870e-01]
53500 [5.0028e-01, 4.9870e-01]
53600 [5.0027e-01, 4.9871e-01]
53700 [5.0027e-01, 4.9871e-01]
53800 [5.0027e-01, 4.9872e-01]
53900 [5.0027e-01, 4.9872e-01]
54000 [5.0026e-01, 4.9873e-01]
54100 [5.0025e-01, 4.9871e-01]
54200 [5.0026e-01, 4.9874e-01]
54300 [5.0027e-01, 4.9874e-01]
54400 [5.0026e-01, 4.9875e-01]
54500 [5.0026e-01, 4.9875e-01]
54600 [5.0026e-01, 4.9876e-01]
54700 [5.0026e-01, 4.9876e-01]
54800 [5.0027e-01, 4.9878e-01]
54900 [5.0026e-01, 4.9877e-01]
55000 [5.0026e-01, 4.9878e-01]
55100 [5.0026e-01, 4.9878e-01]
55200 [5.0025e-01, 4.9878e-01]
55300 [5.0025e-01, 4.9877e-01]
55400 [5.0023e-01, 4.9881e-01]
55500 [5.0025e-01, 4.9880e-01]
55600 [5.0025e-01, 4.9881e-01]
55700 [5.0025e-01, 4.9881e-01]
55800 [5.0025e-01, 4.9881e-01]
55900 [5.0024e-01, 4.9881e-01]
56000 [5.0025e-01, 4.9882e-01]
56100 [5.0025e-01, 4.9886e-01]
56200 [5.0025e-01, 4.9883e-01]
56300 [5.0024e-01, 4.9884e-01]
56400 [5.0024e-01, 4.9884e-01]
56500 [5.0024e-01, 4.9885e-01]
56600 [5.0024e-01, 4.9885e-01]
56700 [5.0024e-01, 4.9888e-01]
56800 [5.0024e-01, 4.9886e-01]
56900 [5.0024e-01, 4.9886e-01]
57000 [5.0024e-01, 4.9887e-01]
57100 [5.0024e-01, 4.9886e-01]
57200 [5.0024e-01, 4.9888e-01]
57300 [5.0023e-01, 4.9888e-01]
57400 [5.0023e-01, 4.9888e-01]
57500 [5.0024e-01, 4.9888e-01]
57600 [5.0023e-01, 4.9889e-01]
57700 [5.0024e-01, 4.9889e-01]
57800 [5.0022e-01, 4.9889e-01]
57900 [5.0023e-01, 4.9891e-01]
58000 [5.0023e-01, 4.9891e-01]
58100 [5.0023e-01, 4.9891e-01]
58200 [5.0021e-01, 4.9891e-01]
58300 [5.0020e-01, 4.9891e-01]
58400 [5.0023e-01, 4.9893e-01]
58500 [5.0023e-01, 4.9893e-01]
58600 [5.0023e-01, 4.9894e-01]
58700 [5.0022e-01, 4.9894e-01]
58800 [5.0022e-01, 4.9894e-01]
58900 [5.0022e-01, 4.9893e-01]
59000 [5.0022e-01, 4.9895e-01]
59100 [5.0022e-01, 4.9895e-01]
59200 [5.0022e-01, 4.9896e-01]
59300 [5.0023e-01, 4.9898e-01]
59400 [5.0021e-01, 4.9898e-01]
59500 [5.0022e-01, 4.9897e-01]
59600 [5.0022e-01, 4.9898e-01]
59700 [5.0022e-01, 4.9900e-01]
59800 [5.0022e-01, 4.9900e-01]
59900 [5.0019e-01, 4.9897e-01]
60000 [5.0021e-01, 4.9899e-01]
60100 [5.0021e-01, 4.9900e-01]
60200 [5.0019e-01, 4.9899e-01]
60300 [5.0021e-01, 4.9901e-01]
60400 [5.0021e-01, 4.9901e-01]
60500 [5.0022e-01, 4.9905e-01]
60600 [5.0021e-01, 4.9902e-01]
60700 [5.0022e-01, 4.9901e-01]
60800 [5.0016e-01, 4.9903e-01]
60900 [5.0020e-01, 4.9903e-01]
61000 [5.0021e-01, 4.9903e-01]
61100 [5.0020e-01, 4.9903e-01]
61200 [5.0020e-01, 4.9904e-01]
61300 [5.0020e-01, 4.9902e-01]
61400 [5.0020e-01, 4.9905e-01]
61500 [5.0019e-01, 4.9909e-01]
61600 [5.0020e-01, 4.9906e-01]
61700 [5.0017e-01, 4.9906e-01]
61800 [5.0020e-01, 4.9906e-01]
61900 [5.0022e-01, 4.9910e-01]
62000 [5.0020e-01, 4.9907e-01]
62100 [5.0019e-01, 4.9908e-01]
62200 [5.0019e-01, 4.9908e-01]
62300 [5.0019e-01, 4.9908e-01]
62400 [5.0020e-01, 4.9909e-01]
62500 [5.0019e-01, 4.9909e-01]
62600 [5.0019e-01, 4.9909e-01]
62700 [5.0019e-01, 4.9910e-01]
62800 [5.0019e-01, 4.9910e-01]
62900 [5.0016e-01, 4.9911e-01]
63000 [5.0019e-01, 4.9911e-01]
63100 [5.0019e-01, 4.9911e-01]
63200 [5.0019e-01, 4.9912e-01]
63300 [5.0018e-01, 4.9912e-01]
63400 [5.0018e-01, 4.9912e-01]
63500 [5.0018e-01, 4.9913e-01]
63600 [5.0018e-01, 4.9913e-01]
63700 [5.0018e-01, 4.9913e-01]
63800 [5.0020e-01, 4.9917e-01]
63900 [5.0018e-01, 4.9914e-01]
64000 [5.0018e-01, 4.9915e-01]
64100 [5.0018e-01, 4.9915e-01]
64200 [5.0018e-01, 4.9915e-01]
64300 [5.0018e-01, 4.9916e-01]
64400 [5.0017e-01, 4.9917e-01]
64500 [5.0018e-01, 4.9916e-01]
64600 [5.0018e-01, 4.9917e-01]
64700 [5.0016e-01, 4.9916e-01]
64800 [5.0017e-01, 4.9917e-01]
64900 [5.0017e-01, 4.9918e-01]
65000 [5.0017e-01, 4.9918e-01]
65100 [5.0017e-01, 4.9919e-01]
65200 [5.0017e-01, 4.9919e-01]
65300 [5.0017e-01, 4.9919e-01]
65400 [5.0017e-01, 4.9919e-01]
65500 [5.0016e-01, 4.9920e-01]
65600 [5.0017e-01, 4.9921e-01]
65700 [5.0017e-01, 4.9921e-01]
65800 [5.0016e-01, 4.9921e-01]
65900 [5.0016e-01, 4.9921e-01]
66000 [5.0016e-01, 4.9922e-01]
66100 [5.0017e-01, 4.9924e-01]
66200 [5.0016e-01, 4.9922e-01]
66300 [5.0016e-01, 4.9923e-01]
66400 [5.0016e-01, 4.9923e-01]
66500 [5.0016e-01, 4.9923e-01]
66600 [5.0016e-01, 4.9923e-01]
66700 [5.0016e-01, 4.9924e-01]
66800 [5.0016e-01, 4.9924e-01]
66900 [5.0016e-01, 4.9925e-01]
67000 [5.0016e-01, 4.9925e-01]
67100 [5.0015e-01, 4.9925e-01]
67200 [5.0015e-01, 4.9926e-01]
67300 [5.0015e-01, 4.9926e-01]
67400 [5.0016e-01, 4.9927e-01]
67500 [5.0015e-01, 4.9927e-01]
67600 [5.0015e-01, 4.9927e-01]
67700 [5.0015e-01, 4.9927e-01]
67800 [5.0015e-01, 4.9925e-01]
67900 [5.0016e-01, 4.9929e-01]
68000 [5.0015e-01, 4.9928e-01]
68100 [5.0015e-01, 4.9928e-01]
68200 [5.0014e-01, 4.9929e-01]
68300 [5.0015e-01, 4.9929e-01]
68400 [5.0014e-01, 4.9927e-01]
68500 [5.0014e-01, 4.9930e-01]
68600 [5.0010e-01, 4.9931e-01]
68700 [5.0014e-01, 4.9930e-01]
68800 [5.0012e-01, 4.9929e-01]
68900 [5.0014e-01, 4.9931e-01]
69000 [5.0014e-01, 4.9931e-01]
69100 [5.0012e-01, 4.9930e-01]
69200 [5.0014e-01, 4.9932e-01]
69300 [5.0015e-01, 4.9934e-01]
69400 [5.0014e-01, 4.9933e-01]
69500 [5.0015e-01, 4.9931e-01]
69600 [5.0014e-01, 4.9933e-01]
69700 [5.0013e-01, 4.9934e-01]
69800 [5.0013e-01, 4.9934e-01]
69900 [5.0013e-01, 4.9934e-01]
70000 [5.0013e-01, 4.9934e-01]
70100 [5.0013e-01, 4.9935e-01]
70200 [5.0013e-01, 4.9935e-01]
70300 [5.0013e-01, 4.9936e-01]
70400 [5.0013e-01, 4.9934e-01]
70500 [5.0012e-01, 4.9934e-01]
70600 [5.0013e-01, 4.9936e-01]
70700 [5.0013e-01, 4.9937e-01]
70800 [5.0011e-01, 4.9941e-01]
70900 [5.0013e-01, 4.9937e-01]
71000 [5.0013e-01, 4.9938e-01]
71100 [5.0012e-01, 4.9938e-01]
71200 [5.0011e-01, 4.9937e-01]
71300 [5.0012e-01, 4.9939e-01]
71400 [5.0012e-01, 4.9939e-01]
71500 [5.0012e-01, 4.9939e-01]
71600 [5.0012e-01, 4.9939e-01]
71700 [5.0012e-01, 4.9940e-01]
71800 [5.0012e-01, 4.9940e-01]
71900 [5.0012e-01, 4.9940e-01]
72000 [5.0012e-01, 4.9941e-01]
72100 [5.0011e-01, 4.9941e-01]
72200 [5.0012e-01, 4.9941e-01]
72300 [5.0012e-01, 4.9942e-01]
72400 [5.0012e-01, 4.9942e-01]
72500 [5.0007e-01, 4.9945e-01]
72600 [5.0011e-01, 4.9942e-01]
72700 [5.0013e-01, 4.9945e-01]
72800 [5.0011e-01, 4.9943e-01]
72900 [5.0011e-01, 4.9943e-01]
73000 [5.0011e-01, 4.9943e-01]
73100 [5.0010e-01, 4.9943e-01]
73200 [5.0011e-01, 4.9944e-01]
73300 [5.0011e-01, 4.9945e-01]
73400 [5.0011e-01, 4.9944e-01]
73500 [5.0011e-01, 4.9945e-01]
73600 [5.0011e-01, 4.9945e-01]
73700 [5.0011e-01, 4.9945e-01]
73800 [5.0007e-01, 4.9947e-01]
73900 [5.0011e-01, 4.9946e-01]
74000 [5.0011e-01, 4.9948e-01]
74100 [5.0010e-01, 4.9946e-01]
74200 [5.0010e-01, 4.9947e-01]
74300 [5.0010e-01, 4.9948e-01]
74400 [5.0010e-01, 4.9948e-01]
74500 [5.0010e-01, 4.9948e-01]
74600 [5.0010e-01, 4.9948e-01]
74700 [5.0010e-01, 4.9948e-01]
74800 [5.0010e-01, 4.9948e-01]
74900 [5.0010e-01, 4.9950e-01]
75000 [5.0010e-01, 4.9949e-01]
75100 [5.0010e-01, 4.9949e-01]
75200 [5.0010e-01, 4.9949e-01]
75300 [5.0010e-01, 4.9950e-01]
75400 [5.0010e-01, 4.9950e-01]
75500 [5.0009e-01, 4.9947e-01]
75600 [5.0009e-01, 4.9951e-01]
75700 [5.0009e-01, 4.9951e-01]
75800 [5.0009e-01, 4.9952e-01]
75900 [5.0010e-01, 4.9952e-01]
76000 [5.0009e-01, 4.9952e-01]
76100 [5.0009e-01, 4.9953e-01]
76200 [5.0009e-01, 4.9952e-01]
76300 [5.0009e-01, 4.9953e-01]
76400 [5.0009e-01, 4.9953e-01]
76500 [5.0009e-01, 4.9953e-01]
76600 [5.0009e-01, 4.9954e-01]
76700 [5.0008e-01, 4.9952e-01]
76800 [5.0009e-01, 4.9954e-01]
76900 [5.0009e-01, 4.9954e-01]
77000 [5.0008e-01, 4.9954e-01]
77100 [5.0008e-01, 4.9954e-01]
77200 [5.0008e-01, 4.9955e-01]
77300 [5.0008e-01, 4.9955e-01]
77400 [5.0007e-01, 4.9954e-01]
77500 [5.0008e-01, 4.9955e-01]
77600 [5.0008e-01, 4.9956e-01]
77700 [5.0008e-01, 4.9956e-01]
77800 [5.0008e-01, 4.9957e-01]
77900 [5.0006e-01, 4.9955e-01]
78000 [5.0008e-01, 4.9957e-01]
78100 [5.0008e-01, 4.9957e-01]
78200 [5.0006e-01, 4.9956e-01]
78300 [5.0009e-01, 4.9961e-01]
78400 [5.0008e-01, 4.9958e-01]
78500 [5.0003e-01, 4.9958e-01]
78600 [5.0008e-01, 4.9958e-01]
78700 [5.0008e-01, 4.9959e-01]
78800 [5.0007e-01, 4.9959e-01]
78900 [5.0007e-01, 4.9959e-01]
79000 [5.0008e-01, 4.9959e-01]
79100 [5.0007e-01, 4.9960e-01]
79200 [5.0008e-01, 4.9961e-01]
79300 [5.0007e-01, 4.9960e-01]
79400 [5.0007e-01, 4.9960e-01]
79500 [5.0007e-01, 4.9961e-01]
79600 [5.0007e-01, 4.9961e-01]
79700 [5.0006e-01, 4.9960e-01]
79800 [5.0007e-01, 4.9961e-01]
79900 [5.0007e-01, 4.9962e-01]
80000 [5.0007e-01, 4.9962e-01]
80100 [5.0001e-01, 4.9964e-01]
80200 [5.0007e-01, 4.9962e-01]
80300 [5.0007e-01, 4.9963e-01]
80400 [5.0006e-01, 4.9962e-01]
80500 [5.0006e-01, 4.9963e-01]
80600 [5.0007e-01, 4.9964e-01]
80700 [5.0004e-01, 4.9966e-01]
80800 [5.0006e-01, 4.9964e-01]
80900 [5.0006e-01, 4.9965e-01]
81000 [5.0006e-01, 4.9964e-01]
81100 [5.0004e-01, 4.9965e-01]
81200 [5.0006e-01, 4.9965e-01]
81300 [5.0006e-01, 4.9965e-01]
81400 [5.0005e-01, 4.9969e-01]
81500 [5.0006e-01, 4.9965e-01]
81600 [5.0006e-01, 4.9965e-01]
81700 [5.0006e-01, 4.9966e-01]
81800 [5.0006e-01, 4.9966e-01]
81900 [5.0006e-01, 4.9966e-01]
82000 [5.0006e-01, 4.9966e-01]
82100 [5.0006e-01, 4.9967e-01]
82200 [5.0005e-01, 4.9967e-01]
82300 [5.0006e-01, 4.9967e-01]
82400 [5.0006e-01, 4.9967e-01]
82500 [5.0005e-01, 4.9967e-01]
82600 [5.0005e-01, 4.9968e-01]
82700 [5.0005e-01, 4.9967e-01]
82800 [5.0005e-01, 4.9968e-01]
82900 [5.0005e-01, 4.9968e-01]
83000 [5.0000e-01, 4.9970e-01]
83100 [5.0004e-01, 4.9967e-01]
83200 [5.0004e-01, 4.9972e-01]
83300 [5.0005e-01, 4.9969e-01]
83400 [5.0005e-01, 4.9970e-01]
83500 [5.0005e-01, 4.9970e-01]
83600 [5.0005e-01, 4.9970e-01]
83700 [5.0005e-01, 4.9970e-01]
83800 [5.0006e-01, 4.9970e-01]
83900 [5.0002e-01, 4.9972e-01]
84000 [5.0005e-01, 4.9971e-01]
84100 [5.0004e-01, 4.9972e-01]
84200 [5.0004e-01, 4.9971e-01]
84300 [5.0004e-01, 4.9974e-01]
84400 [5.0004e-01, 4.9972e-01]
84500 [5.0004e-01, 4.9972e-01]
84600 [5.0005e-01, 4.9972e-01]
84700 [5.0004e-01, 4.9972e-01]
84800 [5.0004e-01, 4.9972e-01]
84900 [5.0004e-01, 4.9973e-01]
85000 [5.0002e-01, 4.9977e-01]
85100 [5.0004e-01, 4.9973e-01]
85200 [5.0004e-01, 4.9973e-01]
85300 [5.0004e-01, 4.9974e-01]
85400 [5.0004e-01, 4.9974e-01]
85500 [5.0004e-01, 4.9974e-01]
85600 [5.0004e-01, 4.9974e-01]
85700 [5.0004e-01, 4.9974e-01]
85800 [5.0004e-01, 4.9974e-01]
85900 [5.0001e-01, 4.9977e-01]
86000 [5.0004e-01, 4.9975e-01]
86100 [5.0003e-01, 4.9976e-01]
86200 [5.0004e-01, 4.9975e-01]
86300 [5.0003e-01, 4.9975e-01]
86400 [5.0003e-01, 4.9975e-01]
86500 [5.0002e-01, 4.9978e-01]
86600 [5.0004e-01, 4.9976e-01]
86700 [5.0003e-01, 4.9976e-01]
86800 [5.0003e-01, 4.9976e-01]
86900 [5.0003e-01, 4.9977e-01]
87000 [5.0002e-01, 4.9978e-01]
87100 [5.0003e-01, 4.9977e-01]
87200 [5.0002e-01, 4.9977e-01]
87300 [5.0003e-01, 4.9978e-01]
87400 [5.0003e-01, 4.9977e-01]
87500 [5.0003e-01, 4.9978e-01]
87600 [5.0003e-01, 4.9978e-01]
87700 [5.0003e-01, 4.9978e-01]
87800 [5.0003e-01, 4.9979e-01]
87900 [5.0003e-01, 4.9979e-01]
88000 [5.0003e-01, 4.9979e-01]
88100 [5.0003e-01, 4.9979e-01]
88200 [5.0001e-01, 4.9979e-01]
88300 [5.0003e-01, 4.9979e-01]
88400 [5.0003e-01, 4.9980e-01]
88500 [5.0004e-01, 4.9980e-01]
88600 [5.0003e-01, 4.9980e-01]
88700 [5.0002e-01, 4.9983e-01]
88800 [5.0002e-01, 4.9980e-01]
88900 [5.0002e-01, 4.9981e-01]
89000 [5.0002e-01, 4.9981e-01]
89100 [5.0003e-01, 4.9982e-01]
89200 [5.0003e-01, 4.9982e-01]
89300 [5.0002e-01, 4.9981e-01]
89400 [5.0002e-01, 4.9981e-01]
89500 [5.0002e-01, 4.9982e-01]
89600 [5.0002e-01, 4.9982e-01]
89700 [5.0002e-01, 4.9982e-01]
89800 [5.0002e-01, 4.9982e-01]
89900 [5.0002e-01, 4.9982e-01]
90000 [5.0001e-01, 4.9982e-01]
90100 [5.0002e-01, 4.9983e-01]
90200 [5.0000e-01, 4.9982e-01]
90300 [5.0003e-01, 4.9983e-01]
90400 [5.0002e-01, 4.9983e-01]
90500 [5.0001e-01, 4.9983e-01]
90600 [5.0002e-01, 4.9983e-01]
90700 [5.0002e-01, 4.9984e-01]
90800 [5.0001e-01, 4.9984e-01]
90900 [5.0001e-01, 4.9984e-01]
91000 [5.0001e-01, 4.9984e-01]
91100 [5.0001e-01, 4.9984e-01]
91200 [4.9999e-01, 4.9983e-01]
91300 [5.0001e-01, 4.9985e-01]
91400 [4.9999e-01, 4.9986e-01]
91500 [5.0001e-01, 4.9985e-01]
91600 [5.0001e-01, 4.9985e-01]
91700 [5.0002e-01, 4.9986e-01]
91800 [5.0001e-01, 4.9986e-01]
91900 [5.0001e-01, 4.9986e-01]
92000 [5.0001e-01, 4.9987e-01]
92100 [5.0001e-01, 4.9986e-01]
92200 [5.0001e-01, 4.9986e-01]
92300 [5.0001e-01, 4.9987e-01]
92400 [5.0001e-01, 4.9986e-01]
92500 [5.0000e-01, 4.9986e-01]
92600 [5.0001e-01, 4.9987e-01]
92700 [4.9999e-01, 4.9987e-01]
92800 [5.0001e-01, 4.9988e-01]
92900 [5.0001e-01, 4.9987e-01]
93000 [5.0000e-01, 4.9987e-01]
93100 [5.0001e-01, 4.9988e-01]
93200 [5.0001e-01, 4.9988e-01]
93300 [5.0000e-01, 4.9988e-01]
93400 [5.0000e-01, 4.9988e-01]
93500 [5.0000e-01, 4.9989e-01]
93600 [5.0001e-01, 4.9989e-01]
93700 [5.0000e-01, 4.9989e-01]
93800 [5.0000e-01, 4.9989e-01]
93900 [4.9998e-01, 4.9990e-01]
94000 [5.0000e-01, 4.9989e-01]
94100 [4.9995e-01, 4.9992e-01]
94200 [5.0000e-01, 4.9990e-01]
94300 [5.0001e-01, 4.9990e-01]
94400 [5.0000e-01, 4.9991e-01]
94500 [5.0000e-01, 4.9990e-01]
94600 [5.0000e-01, 4.9990e-01]
94700 [5.0000e-01, 4.9990e-01]
94800 [4.9996e-01, 4.9990e-01]
94900 [5.0000e-01, 4.9991e-01]
95000 [5.0000e-01, 4.9989e-01]
95100 [4.9998e-01, 4.9990e-01]
95200 [4.9999e-01, 4.9992e-01]
95300 [4.9999e-01, 4.9994e-01]
95400 [5.0000e-01, 4.9992e-01]
95500 [5.0000e-01, 4.9992e-01]
95600 [5.0000e-01, 4.9992e-01]
95700 [5.0000e-01, 4.9992e-01]
95800 [5.0000e-01, 4.9990e-01]
95900 [5.0001e-01, 4.9995e-01]
96000 [5.0000e-01, 4.9992e-01]
96100 [4.9999e-01, 4.9992e-01]
96200 [5.0000e-01, 4.9993e-01]
96300 [4.9999e-01, 4.9993e-01]
96400 [4.9999e-01, 4.9993e-01]
96500 [5.0000e-01, 4.9995e-01]
96600 [4.9997e-01, 4.9994e-01]
96700 [4.9999e-01, 4.9993e-01]
96800 [4.9999e-01, 4.9994e-01]
96900 [4.9999e-01, 4.9994e-01]
97000 [4.9998e-01, 4.9993e-01]
97100 [4.9999e-01, 4.9994e-01]
97200 [4.9999e-01, 4.9994e-01]
97300 [5.0000e-01, 4.9995e-01]
97400 [4.9999e-01, 4.9995e-01]
97500 [4.9999e-01, 4.9995e-01]
97600 [4.9999e-01, 4.9995e-01]
97700 [4.9995e-01, 4.9996e-01]
97800 [4.9999e-01, 4.9995e-01]
97900 [4.9999e-01, 4.9995e-01]
98000 [4.9996e-01, 4.9997e-01]
98100 [4.9999e-01, 4.9995e-01]
98200 [4.9999e-01, 4.9996e-01]
98300 [4.9997e-01, 4.9995e-01]
98400 [4.9999e-01, 4.9999e-01]
98500 [4.9999e-01, 4.9996e-01]
98600 [4.9999e-01, 4.9996e-01]
98700 [4.9999e-01, 4.9996e-01]
98800 [4.9999e-01, 4.9996e-01]
98900 [4.9999e-01, 4.9997e-01]
99000 [4.9999e-01, 4.9995e-01]
99100 [4.9999e-01, 4.9997e-01]
99200 [4.9999e-01, 4.9997e-01]
99300 [5.0000e-01, 5.0000e-01]
99400 [4.9999e-01, 4.9997e-01]
99500 [4.9997e-01, 4.9997e-01]
99600 [4.9999e-01, 4.9998e-01]
99700 [4.9998e-01, 4.9998e-01]
99800 [4.9998e-01, 4.9998e-01]
99900 [4.9998e-01, 4.9998e-01]
100000 [4.9999e-01, 4.9998e-01]
