# step, loss_train, loss_test, metrics_test
0.000000000000000000e+00 8.736948802834376693e-05 1.843199948780238628e-03 1.241707825101912022e-03 5.231944561004638672e+00 4.577492177486419678e-02 8.736948802834376693e-05 1.843199948780238628e-03 1.241707825101912022e-03 5.231944561004638672e+00 4.577492177486419678e-02
1.000000000000000000e+02 2.288847608724609017e-04 7.196840364485979080e-03 6.675838376395404339e-04 3.335233330726623535e-01 1.572825945913791656e-02 2.288847608724609017e-04 7.196840364485979080e-03 6.675838376395404339e-04 3.335233330726623535e-01 1.572825945913791656e-02
2.000000000000000000e+02 8.824521675705909729e-03 1.946625113487243652e-02 2.019694540649652481e-03 1.388701945543289185e-01 1.827930286526679993e-02 8.824521675705909729e-03 1.946625113487243652e-02 2.019694540649652481e-03 1.388701945543289185e-01 1.827930286526679993e-02
3.000000000000000000e+02 1.108271256089210510e-02 1.813472434878349304e-02 1.846633735112845898e-03 8.646616339683532715e-02 1.701108366250991821e-02 1.108271256089210510e-02 1.813472434878349304e-02 1.846633735112845898e-03 8.646616339683532715e-02 1.701108366250991821e-02
4.000000000000000000e+02 8.913171477615833282e-03 1.279343012720346451e-02 1.034140470437705517e-03 5.938949063420295715e-02 1.552412007004022598e-02 8.913171477615833282e-03 1.279343012720346451e-02 1.034140470437705517e-03 5.938949063420295715e-02 1.552412007004022598e-02
5.000000000000000000e+02 6.871317513287067413e-03 1.076505705714225769e-02 9.551990078762173653e-04 4.874230548739433289e-02 1.269198581576347351e-02 6.871317513287067413e-03 1.076505705714225769e-02 9.551990078762173653e-04 4.874230548739433289e-02 1.269198581576347351e-02
6.000000000000000000e+02 4.293259233236312866e-03 8.123414590954780579e-03 1.026364741846919060e-03 3.539036586880683899e-02 1.035485509783029556e-02 4.293259233236312866e-03 8.123414590954780579e-03 1.026364741846919060e-03 3.539036586880683899e-02 1.035485509783029556e-02
7.000000000000000000e+02 2.690671477466821671e-03 7.619814947247505188e-03 1.061275019310414791e-03 2.127002552151679993e-02 7.187184877693653107e-03 2.690671477466821671e-03 7.619814947247505188e-03 1.061275019310414791e-03 2.127002552151679993e-02 7.187184877693653107e-03
8.000000000000000000e+02 1.780905877240002155e-03 5.154719576239585876e-03 1.101912930607795715e-03 1.315668504685163498e-02 4.511669278144836426e-03 1.780905877240002155e-03 5.154719576239585876e-03 1.101912930607795715e-03 1.315668504685163498e-02 4.511669278144836426e-03
9.000000000000000000e+02 1.292283413931727409e-03 3.068742807954549789e-03 9.920255979523062706e-04 9.047018364071846008e-03 2.983171027153730392e-03 1.292283413931727409e-03 3.068742807954549789e-03 9.920255979523062706e-04 9.047018364071846008e-03 2.983171027153730392e-03
1.000000000000000000e+03 1.025046454742550850e-03 2.176379552111029625e-03 7.608537562191486359e-04 7.519338279962539673e-03 2.141750417649745941e-03 1.025046454742550850e-03 2.176379552111029625e-03 7.608537562191486359e-04 7.519338279962539673e-03 2.141750417649745941e-03
1.100000000000000000e+03 8.401439990848302841e-04 1.842102035880088806e-03 5.677292356267571449e-04 6.360569968819618225e-03 1.509386347606778145e-03 8.401439990848302841e-04 1.842102035880088806e-03 5.677292356267571449e-04 6.360569968819618225e-03 1.509386347606778145e-03
1.200000000000000000e+03 7.476733881048858166e-04 1.576716895215213299e-03 4.711737565230578184e-04 6.069787777960300446e-03 1.177700702100992203e-03 7.476733881048858166e-04 1.576716895215213299e-03 4.711737565230578184e-04 6.069787777960300446e-03 1.177700702100992203e-03
1.300000000000000000e+03 6.366191664710640907e-04 1.438283827155828476e-03 3.915105480700731277e-04 5.344836506992578506e-03 9.944044286385178566e-04 6.366191664710640907e-04 1.438283827155828476e-03 3.915105480700731277e-04 5.344836506992578506e-03 9.944044286385178566e-04
1.400000000000000000e+03 5.661570467054843903e-04 1.284295809455215931e-03 3.451033844612538815e-04 4.980406723916530609e-03 8.650390664115548134e-04 5.661570467054843903e-04 1.284295809455215931e-03 3.451033844612538815e-04 4.980406723916530609e-03 8.650390664115548134e-04
1.500000000000000000e+03 5.113533698022365570e-04 1.171083305962383747e-03 3.143299254588782787e-04 4.690487869083881378e-03 7.798874285072088242e-04 5.113533698022365570e-04 1.171083305962383747e-03 3.143299254588782787e-04 4.690487869083881378e-03 7.798874285072088242e-04
1.600000000000000000e+03 4.739542200695723295e-04 1.044804579578340054e-03 3.741137043107300997e-04 6.928254384547472000e-03 7.913779700174927711e-04 4.739542200695723295e-04 1.044804579578340054e-03 3.741137043107300997e-04 6.928254384547472000e-03 7.913779700174927711e-04
1.700000000000000000e+03 4.690758651122450829e-04 9.723051916807889938e-04 2.815722837112843990e-04 4.029322415590286255e-03 6.368372123688459396e-04 4.690758651122450829e-04 9.723051916807889938e-04 2.815722837112843990e-04 4.029322415590286255e-03 6.368372123688459396e-04
1.800000000000000000e+03 4.819458990823477507e-04 8.846225100569427013e-04 2.620641025714576244e-04 4.472874104976654053e-03 6.725348648615181446e-04 4.819458990823477507e-04 8.846225100569427013e-04 2.620641025714576244e-04 4.472874104976654053e-03 6.725348648615181446e-04
1.900000000000000000e+03 4.197825910523533821e-04 7.683711592108011246e-04 2.604958426672965288e-04 3.286165650933980942e-03 5.645956262014806271e-04 4.197825910523533821e-04 7.683711592108011246e-04 2.604958426672965288e-04 3.286165650933980942e-03 5.645956262014806271e-04
2.000000000000000000e+03 3.986614756286144257e-04 7.804807391948997974e-04 2.905355358961969614e-04 3.943409770727157593e-03 5.495318910107016563e-04 3.986614756286144257e-04 7.804807391948997974e-04 2.905355358961969614e-04 3.943409770727157593e-03 5.495318910107016563e-04
2.100000000000000000e+03 3.261844685766845942e-04 6.516106077469885349e-04 2.307871327502653003e-04 2.900040475651621819e-03 4.445427621249109507e-04 3.261844685766845942e-04 6.516106077469885349e-04 2.307871327502653003e-04 2.900040475651621819e-03 4.445427621249109507e-04
2.200000000000000000e+03 2.995283575728535652e-04 6.009466596879065037e-04 2.241707552457228303e-04 2.572988858446478844e-03 3.951460239477455616e-04 2.995283575728535652e-04 6.009466596879065037e-04 2.241707552457228303e-04 2.572988858446478844e-03 3.951460239477455616e-04
2.300000000000000000e+03 2.756720059551298618e-04 5.534182419069111347e-04 2.086717868223786354e-04 2.605189569294452667e-03 3.794523072429001331e-04 2.756720059551298618e-04 5.534182419069111347e-04 2.086717868223786354e-04 2.605189569294452667e-03 3.794523072429001331e-04
2.400000000000000000e+03 2.613650285638868809e-04 5.280085606500506401e-04 2.038973325397819281e-04 2.229339210316538811e-03 3.231966111343353987e-04 2.613650285638868809e-04 5.280085606500506401e-04 2.038973325397819281e-04 2.229339210316538811e-03 3.231966111343353987e-04
2.500000000000000000e+03 3.514686832204461098e-04 7.987490971572697163e-04 3.270855522714555264e-04 4.805402364581823349e-03 5.276394076645374298e-04 3.514686832204461098e-04 7.987490971572697163e-04 3.270855522714555264e-04 4.805402364581823349e-03 5.276394076645374298e-04
2.600000000000000000e+03 2.346485853195190430e-04 4.842493217438459396e-04 1.833033602451905608e-04 1.952919410541653633e-03 2.725497179199010134e-04 2.346485853195190430e-04 4.842493217438459396e-04 1.833033602451905608e-04 1.952919410541653633e-03 2.725497179199010134e-04
2.700000000000000000e+03 2.242278715129941702e-04 4.618604725692421198e-04 1.771141833160072565e-04 1.852935645729303360e-03 2.473073545843362808e-04 2.242278715129941702e-04 4.618604725692421198e-04 1.771141833160072565e-04 1.852935645729303360e-03 2.473073545843362808e-04
2.800000000000000000e+03 2.139581920346245170e-04 4.621112893801182508e-04 1.724382891552522779e-04 1.759113394655287266e-03 2.292550343554466963e-04 2.139581920346245170e-04 4.621112893801182508e-04 1.724382891552522779e-04 1.759113394655287266e-03 2.292550343554466963e-04
2.900000000000000000e+03 2.136288094334304333e-04 4.564045812003314495e-04 1.745259214658290148e-04 1.805196749046444893e-03 2.136027760570868850e-04 2.136288094334304333e-04 4.564045812003314495e-04 1.745259214658290148e-04 1.805196749046444893e-03 2.136027760570868850e-04
3.000000000000000000e+03 2.008266746997833252e-04 4.487964906729757786e-04 1.597385999048128724e-04 1.575083239004015923e-03 2.007300790864974260e-04 2.008266746997833252e-04 4.487964906729757786e-04 1.597385999048128724e-04 1.575083239004015923e-03 2.007300790864974260e-04
3.100000000000000000e+03 2.005520800594240427e-04 4.619998799171298742e-04 1.749090006342157722e-04 2.863824367523193359e-03 2.958081604447215796e-04 2.005520800594240427e-04 4.619998799171298742e-04 1.749090006342157722e-04 2.863824367523193359e-03 2.958081604447215796e-04
3.200000000000000000e+03 1.874720328487455845e-04 4.242410941515117884e-04 1.511718437541276217e-04 1.410949509590864182e-03 1.722086744848638773e-04 1.874720328487455845e-04 4.242410941515117884e-04 1.511718437541276217e-04 1.410949509590864182e-03 1.722086744848638773e-04
3.300000000000000000e+03 1.813580311136320233e-04 4.275081446394324303e-04 1.461368374293670058e-04 1.364254043437540531e-03 1.712402154225856066e-04 1.813580311136320233e-04 4.275081446394324303e-04 1.461368374293670058e-04 1.364254043437540531e-03 1.712402154225856066e-04
3.400000000000000000e+03 1.760600862326100469e-04 4.197147500235587358e-04 1.418044557794928551e-04 1.274023903533816338e-03 1.533082104288041592e-04 1.760600862326100469e-04 4.197147500235587358e-04 1.418044557794928551e-04 1.274023903533816338e-03 1.533082104288041592e-04
3.500000000000000000e+03 1.685576717136427760e-04 4.176166548859328032e-04 1.376303698634728789e-04 1.298825722187757492e-03 1.559999800520017743e-04 1.685576717136427760e-04 4.176166548859328032e-04 1.376303698634728789e-04 1.298825722187757492e-03 1.559999800520017743e-04
3.600000000000000000e+03 1.661936985328793526e-04 4.155294154770672321e-04 1.337838330073282123e-04 1.154401339590549469e-03 1.392812991980463266e-04 1.661936985328793526e-04 4.155294154770672321e-04 1.337838330073282123e-04 1.154401339590549469e-03 1.392812991980463266e-04
3.700000000000000000e+03 1.646150485612452030e-04 4.147292929701507092e-04 1.357925502816215158e-04 1.195820397697389126e-03 1.366569777019321918e-04 1.646150485612452030e-04 4.147292929701507092e-04 1.357925502816215158e-04 1.195820397697389126e-03 1.366569777019321918e-04
3.800000000000000000e+03 1.701048167888075113e-04 4.297589766792953014e-04 1.503759849583730102e-04 1.749039627611637115e-03 1.872258872026577592e-04 1.701048167888075113e-04 4.297589766792953014e-04 1.503759849583730102e-04 1.749039627611637115e-03 1.872258872026577592e-04
3.900000000000000000e+03 1.619154791114851832e-04 4.177627852186560631e-04 1.441642380086705089e-04 1.575858797878026962e-03 1.675867679296061397e-04 1.619154791114851832e-04 4.177627852186560631e-04 1.441642380086705089e-04 1.575858797878026962e-03 1.675867679296061397e-04
4.000000000000000000e+03 1.520064543001353741e-04 4.060851933900266886e-04 1.354612322757020593e-04 1.483555417507886887e-03 1.488254929427057505e-04 1.520064543001353741e-04 4.060851933900266886e-04 1.354612322757020593e-04 1.483555417507886887e-03 1.488254929427057505e-04
4.100000000000000000e+03 1.658902183407917619e-04 4.276951658539474010e-04 1.574439229443669319e-04 2.262730617076158524e-03 2.374302566749975085e-04 1.658902183407917619e-04 4.276951658539474010e-04 1.574439229443669319e-04 2.262730617076158524e-03 2.374302566749975085e-04
4.200000000000000000e+03 1.391740806866437197e-04 4.087176057510077953e-04 1.149000090663321316e-04 1.103444723412394524e-03 1.476915495004504919e-04 1.391740806866437197e-04 4.087176057510077953e-04 1.149000090663321316e-04 1.103444723412394524e-03 1.476915495004504919e-04
4.300000000000000000e+03 1.372762344544753432e-04 3.911597013939172029e-04 1.098517968785017729e-04 8.581936126574873924e-04 1.087581185856834054e-04 1.372762344544753432e-04 3.911597013939172029e-04 1.098517968785017729e-04 8.581936126574873924e-04 1.087581185856834054e-04
4.400000000000000000e+03 1.501274091424420476e-04 4.169404564891010523e-04 1.301746378885582089e-04 1.761828549206256866e-03 2.457334485370665789e-04 1.501274091424420476e-04 4.169404564891010523e-04 1.301746378885582089e-04 1.761828549206256866e-03 2.457334485370665789e-04
4.500000000000000000e+03 1.313093525823205709e-04 4.260907298885285854e-04 1.132004690589383245e-04 2.369843656197190285e-03 2.968177432194352150e-04 1.313093525823205709e-04 4.260907298885285854e-04 1.132004690589383245e-04 2.369843656197190285e-03 2.968177432194352150e-04
4.600000000000000000e+03 1.230928755830973387e-04 3.657589550130069256e-04 1.020901763695292175e-04 7.458640611730515957e-04 9.161169873550534248e-05 1.230928755830973387e-04 3.657589550130069256e-04 1.020901763695292175e-04 7.458640611730515957e-04 9.161169873550534248e-05
4.700000000000000000e+03 1.217160679516382515e-04 3.725053393281996250e-04 9.809547191252931952e-05 7.694136584177613258e-04 1.015412344713695347e-04 1.217160679516382515e-04 3.725053393281996250e-04 9.809547191252931952e-05 7.694136584177613258e-04 1.015412344713695347e-04
4.800000000000000000e+03 1.241095742443576455e-04 4.474102170206606388e-04 1.121887689805589616e-04 2.057876205071806908e-03 3.025491896551102400e-04 1.241095742443576455e-04 4.474102170206606388e-04 1.121887689805589616e-04 2.057876205071806908e-03 3.025491896551102400e-04
4.900000000000000000e+03 1.177184894913807511e-04 3.712007892318069935e-04 9.338334348285570741e-05 8.196142152883112431e-04 1.610906037967652082e-04 1.177184894913807511e-04 3.712007892318069935e-04 9.338334348285570741e-05 8.196142152883112431e-04 1.610906037967652082e-04
5.000000000000000000e+03 1.230446796398609877e-04 3.374685766175389290e-04 1.033904409268870950e-04 1.232448965311050415e-03 1.531252783024683595e-04 1.230446796398609877e-04 3.374685766175389290e-04 1.033904409268870950e-04 1.232448965311050415e-03 1.531252783024683595e-04
5.100000000000000000e+03 1.108552023652009666e-04 3.580646589398384094e-04 8.691234688740223646e-05 5.902328994125127792e-04 9.634890739107504487e-05 1.108552023652009666e-04 3.580646589398384094e-04 8.691234688740223646e-05 5.902328994125127792e-04 9.634890739107504487e-05
5.200000000000000000e+03 1.082731323549523950e-04 3.223351377528160810e-04 8.727877138881012797e-05 5.295830196700990200e-04 7.429176912410184741e-05 1.082731323549523950e-04 3.223351377528160810e-04 8.727877138881012797e-05 5.295830196700990200e-04 7.429176912410184741e-05
5.300000000000000000e+03 1.049194615916348994e-04 3.479241859167814255e-04 8.121280552586540580e-05 7.029122207313776016e-04 1.109049917431548238e-04 1.049194615916348994e-04 3.479241859167814255e-04 8.121280552586540580e-05 7.029122207313776016e-04 1.109049917431548238e-04
5.400000000000000000e+03 1.096519990824162960e-04 2.971978683490306139e-04 9.185454109683632851e-05 1.192126655951142311e-03 1.100642257370054722e-04 1.096519990824162960e-04 2.971978683490306139e-04 9.185454109683632851e-05 1.192126655951142311e-03 1.100642257370054722e-04
5.500000000000000000e+03 1.050263526849448681e-04 3.137046005576848984e-04 8.558471745345741510e-05 6.125828949734568596e-04 1.493110175943002105e-04 1.050263526849448681e-04 3.137046005576848984e-04 8.558471745345741510e-05 6.125828949734568596e-04 1.493110175943002105e-04
5.600000000000000000e+03 1.039188136928714812e-04 3.170893178321421146e-04 8.193308167392387986e-05 1.066826633177697659e-03 1.007087557809427381e-04 1.039188136928714812e-04 3.170893178321421146e-04 8.193308167392387986e-05 1.066826633177697659e-03 1.007087557809427381e-04
5.700000000000000000e+03 1.028433252940885723e-04 2.822437090799212456e-04 8.003887342056259513e-05 6.273530889302492142e-04 7.812858530087396502e-05 1.028433252940885723e-04 2.822437090799212456e-04 8.003887342056259513e-05 6.273530889302492142e-04 7.812858530087396502e-05
5.800000000000000000e+03 9.559747559251263738e-05 3.900138253811746836e-04 8.531607454642653465e-05 7.698958506807684898e-04 2.451769541949033737e-04 9.559747559251263738e-05 3.900138253811746836e-04 8.531607454642653465e-05 7.698958506807684898e-04 2.451769541949033737e-04
5.900000000000000000e+03 1.035940949805080891e-04 3.812196082435548306e-04 9.601284546079114079e-05 2.019274281337857246e-03 1.290438958676531911e-04 1.035940949805080891e-04 3.812196082435548306e-04 9.601284546079114079e-05 2.019274281337857246e-03 1.290438958676531911e-04
6.000000000000000000e+03 1.285930629819631577e-04 3.234254545532166958e-04 1.252084475709125400e-04 2.563844434916973114e-03 4.448297549970448017e-04 1.285930629819631577e-04 3.234254545532166958e-04 1.252084475709125400e-04 2.563844434916973114e-03 4.448297549970448017e-04
6.100000000000000000e+03 9.654301538830623031e-05 2.429496526019647717e-04 7.238135003717616200e-05 7.908666157163679600e-04 8.482829434797167778e-05 9.654301538830623031e-05 2.429496526019647717e-04 7.238135003717616200e-05 7.908666157163679600e-04 8.482829434797167778e-05
6.200000000000000000e+03 1.102336973417550325e-04 2.407830033916980028e-04 8.773574518272653222e-05 2.500077709555625916e-03 2.173904358642175794e-04 1.102336973417550325e-04 2.407830033916980028e-04 8.773574518272653222e-05 2.500077709555625916e-03 2.173904358642175794e-04
6.300000000000000000e+03 1.210109185194596648e-04 2.460689283907413483e-04 1.044371601892635226e-04 2.131597604602575302e-03 1.526194246252998710e-04 1.210109185194596648e-04 2.460689283907413483e-04 1.044371601892635226e-04 2.131597604602575302e-03 1.526194246252998710e-04
6.400000000000000000e+03 1.036455869325436652e-04 2.293477882631123066e-04 9.073034016182646155e-05 1.586283440701663494e-03 1.578173541929572821e-04 1.036455869325436652e-04 2.293477882631123066e-04 9.073034016182646155e-05 1.586283440701663494e-03 1.578173541929572821e-04
6.500000000000000000e+03 8.791652362560853362e-05 2.786851255223155022e-04 5.761186912422999740e-05 4.132414469495415688e-04 8.799321221886202693e-05 8.791652362560853362e-05 2.786851255223155022e-04 5.761186912422999740e-05 4.132414469495415688e-04 8.799321221886202693e-05
6.600000000000000000e+03 8.403568790527060628e-05 2.197717840317636728e-04 5.985012830933555961e-05 3.652122977655380964e-04 7.526146509917452931e-05 8.403568790527060628e-05 2.197717840317636728e-04 5.985012830933555961e-05 3.652122977655380964e-04 7.526146509917452931e-05
6.700000000000000000e+03 9.385894372826442122e-05 2.427965955575928092e-04 7.912312867119908333e-05 1.831763074733316898e-03 2.357235789531841874e-04 9.385894372826442122e-05 2.427965955575928092e-04 7.912312867119908333e-05 1.831763074733316898e-03 2.357235789531841874e-04
6.800000000000000000e+03 7.746014307485893369e-05 2.191374223912134767e-04 5.188006252865307033e-05 3.011135559063404799e-04 6.425356696126982570e-05 7.746014307485893369e-05 2.191374223912134767e-04 5.188006252865307033e-05 3.011135559063404799e-04 6.425356696126982570e-05
6.900000000000000000e+03 7.834864663891494274e-05 3.107696247752755880e-04 8.668124792166054249e-05 3.903271863237023354e-04 1.589210587553679943e-04 7.834864663891494274e-05 3.107696247752755880e-04 8.668124792166054249e-05 3.903271863237023354e-04 1.589210587553679943e-04
7.000000000000000000e+03 7.618655217811465263e-05 2.214370470028370619e-04 5.073365537100471556e-05 6.169977132230997086e-04 1.023130243993364275e-04 7.618655217811465263e-05 2.214370470028370619e-04 5.073365537100471556e-05 6.169977132230997086e-04 1.023130243993364275e-04
7.100000000000000000e+03 7.771214586682617664e-05 1.728014176478609443e-04 5.761610009358264506e-05 9.527938091196119785e-04 9.144263458438217640e-05 7.771214586682617664e-05 1.728014176478609443e-04 5.761610009358264506e-05 9.527938091196119785e-04 9.144263458438217640e-05
7.200000000000000000e+03 8.141782018356025219e-05 2.272106503369286656e-04 5.954409061814658344e-05 1.905975164845585823e-03 2.565169706940650940e-04 8.141782018356025219e-05 2.272106503369286656e-04 5.954409061814658344e-05 1.905975164845585823e-03 2.565169706940650940e-04
7.300000000000000000e+03 8.296591113321483135e-05 2.403118123766034842e-04 4.961758531862869859e-05 6.516634603030979633e-04 1.203226856887340546e-04 8.296591113321483135e-05 2.403118123766034842e-04 4.961758531862869859e-05 6.516634603030979633e-04 1.203226856887340546e-04
7.400000000000000000e+03 7.910739077487960458e-05 2.199365844717249274e-04 5.295594019116833806e-05 7.179810781963169575e-04 1.554120826767757535e-04 7.910739077487960458e-05 2.199365844717249274e-04 5.295594019116833806e-05 7.179810781963169575e-04 1.554120826767757535e-04
7.500000000000000000e+03 7.186253060353919864e-05 2.157075505238026381e-04 4.903188528260216117e-05 4.559198278002440929e-04 1.129683078033849597e-04 7.186253060353919864e-05 2.157075505238026381e-04 4.903188528260216117e-05 4.559198278002440929e-04 1.129683078033849597e-04
7.600000000000000000e+03 7.583315891679376364e-05 2.847754221875220537e-04 9.200593922287225723e-05 1.327206031419336796e-03 2.716787566896528006e-04 7.583315891679376364e-05 2.847754221875220537e-04 9.200593922287225723e-05 1.327206031419336796e-03 2.716787566896528006e-04
7.700000000000000000e+03 6.872258381918072701e-05 2.010936441365629435e-04 4.971101225237362087e-05 8.783370140008628368e-04 1.537077623652294278e-04 6.872258381918072701e-05 2.010936441365629435e-04 4.971101225237362087e-05 8.783370140008628368e-04 1.537077623652294278e-04
7.800000000000000000e+03 7.031924906186759472e-05 1.295099209528416395e-04 5.681483889929950237e-05 1.088874414563179016e-03 1.221005222760140896e-04 7.031924906186759472e-05 1.295099209528416395e-04 5.681483889929950237e-05 1.088874414563179016e-03 1.221005222760140896e-04
7.900000000000000000e+03 5.732743375119753182e-05 1.470334536861628294e-04 4.084659303771331906e-05 1.799440942704677582e-04 5.460061220219358802e-05 5.732743375119753182e-05 1.470334536861628294e-04 4.084659303771331906e-05 1.799440942704677582e-04 5.460061220219358802e-05
8.000000000000000000e+03 6.495590787380933762e-05 1.469421986257657409e-04 4.983943290426395833e-05 9.085245546884834766e-04 9.236084588337689638e-05 6.495590787380933762e-05 1.469421986257657409e-04 4.983943290426395833e-05 9.085245546884834766e-04 9.236084588337689638e-05
8.100000000000000000e+03 5.332237560651265085e-05 1.547145220683887601e-04 4.443963189260102808e-05 1.337418652838096023e-04 8.046899165492504835e-05 5.332237560651265085e-05 1.547145220683887601e-04 4.443963189260102808e-05 1.337418652838096023e-04 8.046899165492504835e-05
8.200000000000000000e+03 6.771306652808561921e-05 1.881982025224715471e-04 5.250042522675357759e-05 1.455817022360861301e-03 2.284477086504921317e-04 6.771306652808561921e-05 1.881982025224715471e-04 5.250042522675357759e-05 1.455817022360861301e-03 2.284477086504921317e-04
8.300000000000000000e+03 6.263179238885641098e-05 1.013833389151841402e-04 5.208590300753712654e-05 1.368180033750832081e-03 1.129327356466092169e-04 6.263179238885641098e-05 1.013833389151841402e-04 5.208590300753712654e-05 1.368180033750832081e-03 1.129327356466092169e-04
8.400000000000000000e+03 5.065476216259412467e-05 1.159791208920069039e-04 3.605305391829460859e-05 4.241868737153708935e-04 6.989917892497032881e-05 5.065476216259412467e-05 1.159791208920069039e-04 3.605305391829460859e-05 4.241868737153708935e-04 6.989917892497032881e-05
8.500000000000000000e+03 5.675177453667856753e-05 1.065457836375571787e-04 5.076497109257616103e-05 8.670993265695869923e-04 8.444195555057376623e-05 5.675177453667856753e-05 1.065457836375571787e-04 5.076497109257616103e-05 8.670993265695869923e-04 8.444195555057376623e-05
8.600000000000000000e+03 5.805656837765127420e-05 3.194798191543668509e-04 1.061059665516950190e-04 6.641667569056153297e-04 2.406369167147204280e-04 5.805656837765127420e-05 3.194798191543668509e-04 1.061059665516950190e-04 6.641667569056153297e-04 2.406369167147204280e-04
8.700000000000000000e+03 4.474947490962222219e-05 1.024790253723040223e-04 3.464909605099819601e-05 1.399051543558016419e-04 6.221749936230480671e-05 4.474947490962222219e-05 1.024790253723040223e-04 3.464909605099819601e-05 1.399051543558016419e-04 6.221749936230480671e-05
8.800000000000000000e+03 4.754543260787613690e-05 9.394006337970495224e-05 5.416203566710464656e-05 7.340629235841333866e-04 9.955024142982438207e-05 4.754543260787613690e-05 9.394006337970495224e-05 5.416203566710464656e-05 7.340629235841333866e-04 9.955024142982438207e-05
8.900000000000000000e+03 4.410868132254108787e-05 9.028249769471585751e-05 3.092776387347839773e-05 5.528868641704320908e-04 7.295452815014868975e-05 4.410868132254108787e-05 9.028249769471585751e-05 3.092776387347839773e-05 5.528868641704320908e-04 7.295452815014868975e-05
9.000000000000000000e+03 4.709937275038100779e-05 1.108911528717726469e-04 3.737759470823220909e-05 8.063201676122844219e-04 1.327634672634303570e-04 4.709937275038100779e-05 1.108911528717726469e-04 3.737759470823220909e-05 8.063201676122844219e-04 1.327634672634303570e-04
9.100000000000000000e+03 5.018075535190291703e-05 1.104223993024788797e-04 4.381351027404889464e-05 1.331855193711817265e-03 9.949866944225504994e-05 5.018075535190291703e-05 1.104223993024788797e-04 4.381351027404889464e-05 1.331855193711817265e-03 9.949866944225504994e-05
9.200000000000000000e+03 4.041655847686342895e-05 7.529200956923887134e-05 3.513740739435888827e-05 7.745347102172672749e-04 7.423025817843154073e-05 4.041655847686342895e-05 7.529200956923887134e-05 3.513740739435888827e-05 7.745347102172672749e-04 7.423025817843154073e-05
9.300000000000000000e+03 3.597694012569263577e-05 1.183220883831381798e-04 3.979027314926497638e-05 1.837965828599408269e-04 1.714112004265189171e-04 3.597694012569263577e-05 1.183220883831381798e-04 3.979027314926497638e-05 1.837965828599408269e-04 1.714112004265189171e-04
9.400000000000000000e+03 4.116554191568866372e-05 8.330120908794924617e-05 3.966885924455709755e-05 6.418057018890976906e-04 8.106111636152490973e-05 4.116554191568866372e-05 8.330120908794924617e-05 3.966885924455709755e-05 6.418057018890976906e-04 8.106111636152490973e-05
9.500000000000000000e+03 3.231423033867031336e-05 6.123252387624233961e-05 3.076474604313261807e-05 3.522990737110376358e-04 3.402330912649631500e-05 3.231423033867031336e-05 6.123252387624233961e-05 3.076474604313261807e-05 3.522990737110376358e-04 3.402330912649631500e-05
9.600000000000000000e+03 3.842954174615442753e-05 7.837179873604327440e-05 3.493308759061619639e-05 2.430794411338865757e-04 4.980375888408161700e-05 3.842954174615442753e-05 7.837179873604327440e-05 3.493308759061619639e-05 2.430794411338865757e-04 4.980375888408161700e-05
9.700000000000000000e+03 3.816445314441807568e-05 8.383957901969552040e-05 2.975397728732787073e-05 1.251763664186000824e-03 1.447134709451347589e-04 3.816445314441807568e-05 8.383957901969552040e-05 2.975397728732787073e-05 1.251763664186000824e-03 1.447134709451347589e-04
9.800000000000000000e+03 2.978566226374823600e-05 8.558487752452492714e-05 2.788811252685263753e-05 7.498219929402694106e-05 5.719370165024884045e-05 2.978566226374823600e-05 8.558487752452492714e-05 2.788811252685263753e-05 7.498219929402694106e-05 5.719370165024884045e-05
9.900000000000000000e+03 3.324509088997729123e-05 6.247378769330680370e-05 3.501143510220572352e-05 8.955359226092696190e-04 6.847349868621677160e-05 3.324509088997729123e-05 6.247378769330680370e-05 3.501143510220572352e-05 8.955359226092696190e-04 6.847349868621677160e-05
1.000000000000000000e+04 3.196622856194153428e-05 1.074482788681052625e-04 3.891038068104535341e-05 2.467894519213587046e-04 1.889706472866237164e-04 3.196622856194153428e-05 1.074482788681052625e-04 3.891038068104535341e-05 2.467894519213587046e-04 1.889706472866237164e-04
1.000000000000000000e+04 3.196622856194153428e-05 1.074482788681052625e-04 3.891038068104535341e-05 2.467894519213587046e-04 1.889706472866237164e-04 3.196622856194153428e-05 1.074482788681052625e-04 3.891038068104535341e-05 2.467894519213587046e-04 1.889706472866237164e-04
1.010000000000000000e+04 1.073202074621804059e-04 1.391362457070499659e-04 1.189169270219281316e-04 3.422534558922052383e-03 9.135516302194446325e-05 1.073202074621804059e-04 1.391362457070499659e-04 1.189169270219281316e-04 3.422534558922052383e-03 9.135516302194446325e-05
1.020000000000000000e+04 8.438379882136359811e-05 8.275609434349462390e-05 7.067242404446005821e-05 2.860100939869880676e-03 5.951523417024873197e-05 8.438379882136359811e-05 8.275609434349462390e-05 7.067242404446005821e-05 2.860100939869880676e-03 5.951523417024873197e-05
1.030000000000000000e+04 7.454797014361247420e-05 8.245473873103037477e-05 5.900772885070182383e-05 2.486862242221832275e-03 4.734070171252824366e-05 7.454797014361247420e-05 8.245473873103037477e-05 5.900772885070182383e-05 2.486862242221832275e-03 4.734070171252824366e-05
1.040000000000000000e+04 6.885375478304922581e-05 1.024707671604119241e-04 5.083003634354099631e-05 2.141104079782962799e-03 4.130044908379204571e-05 6.885375478304922581e-05 1.024707671604119241e-04 5.083003634354099631e-05 2.141104079782962799e-03 4.130044908379204571e-05
1.050000000000000000e+04 6.701362872263416648e-05 1.372822589473798871e-04 4.522880044532939792e-05 1.771154347807168961e-03 3.906133861164562404e-05 6.701362872263416648e-05 1.372822589473798871e-04 4.522880044532939792e-05 1.771154347807168961e-03 3.906133861164562404e-05
1.060000000000000000e+04 6.703015969833359122e-05 1.878946495708078146e-04 4.643499414669349790e-05 1.343772164545953274e-03 3.923853728338144720e-05 6.703015969833359122e-05 1.878946495708078146e-04 4.643499414669349790e-05 1.343772164545953274e-03 3.923853728338144720e-05
1.070000000000000000e+04 6.449115608120337129e-05 2.348658599657937884e-04 5.579505886998958886e-05 8.984428714029490948e-04 4.035192614537663758e-05 6.449115608120337129e-05 2.348658599657937884e-04 5.579505886998958886e-05 8.984428714029490948e-04 4.035192614537663758e-05
1.080000000000000000e+04 6.214279710547998548e-05 2.303882210981100798e-04 5.902500197407789528e-05 5.246935179457068443e-04 4.375626303954049945e-05 6.214279710547998548e-05 2.303882210981100798e-04 5.902500197407789528e-05 5.246935179457068443e-04 4.375626303954049945e-05
1.090000000000000000e+04 5.862622128915973008e-05 1.654736406635493040e-04 4.629608883988112211e-05 2.775236207526177168e-04 4.501988223637454212e-05 5.862622128915973008e-05 1.654736406635493040e-04 4.629608883988112211e-05 2.775236207526177168e-04 4.501988223637454212e-05
1.100000000000000000e+04 4.704815000877715647e-05 9.891901572700589895e-05 3.553108763298951089e-05 1.555197814013808966e-04 3.652951272670179605e-05 4.704815000877715647e-05 9.891901572700589895e-05 3.553108763298951089e-05 1.555197814013808966e-04 3.652951272670179605e-05
1.110000000000000000e+04 3.757875310839153826e-05 6.593221769435331225e-05 3.039659532078076154e-05 9.594675066182389855e-05 2.916493031079880893e-05 3.757875310839153826e-05 6.593221769435331225e-05 3.039659532078076154e-05 9.594675066182389855e-05 2.916493031079880893e-05
1.120000000000000000e+04 3.289019150543026626e-05 5.407905700849369168e-05 2.604308792797382921e-05 6.984725769143551588e-05 2.577765371825080365e-05 3.289019150543026626e-05 5.407905700849369168e-05 2.604308792797382921e-05 6.984725769143551588e-05 2.577765371825080365e-05
1.130000000000000000e+04 3.033189386769663543e-05 4.853455902775749564e-05 2.318935185030568391e-05 5.783528104075230658e-05 2.385789593972731382e-05 3.033189386769663543e-05 4.853455902775749564e-05 2.318935185030568391e-05 5.783528104075230658e-05 2.385789593972731382e-05
1.140000000000000000e+04 2.844508162525016814e-05 4.475205059861764312e-05 2.126945219060871750e-05 4.963815081282518804e-05 2.268661228299606591e-05 2.844508162525016814e-05 4.475205059861764312e-05 2.126945219060871750e-05 4.963815081282518804e-05 2.268661228299606591e-05
1.150000000000000000e+04 2.706618579395581037e-05 4.210353654343634844e-05 2.015389873122330755e-05 5.115380554343573749e-05 2.245351606688927859e-05 2.706618579395581037e-05 4.210353654343634844e-05 2.015389873122330755e-05 5.115380554343573749e-05 2.245351606688927859e-05
1.160000000000000000e+04 2.558910819061566144e-05 4.006106246379204094e-05 1.904090822790749371e-05 4.069270653417333961e-05 2.084015250147785991e-05 2.558910819061566144e-05 4.006106246379204094e-05 1.904090822790749371e-05 4.069270653417333961e-05 2.084015250147785991e-05
1.170000000000000000e+04 2.492845669621601701e-05 4.090312722837552428e-05 1.970916673599276692e-05 5.767218681285157800e-05 2.150008367607370019e-05 2.492845669621601701e-05 4.090312722837552428e-05 1.970916673599276692e-05 5.767218681285157800e-05 2.150008367607370019e-05
1.180000000000000000e+04 2.341114304726943374e-05 3.675063999253325164e-05 1.764942498994059861e-05 3.557957825250923634e-05 1.951315425685606897e-05 2.341114304726943374e-05 3.675063999253325164e-05 1.764942498994059861e-05 3.557957825250923634e-05 1.951315425685606897e-05
1.190000000000000000e+04 2.399234836047980934e-05 3.825627209153026342e-05 1.899032213259488344e-05 1.015650486806407571e-04 3.048845064768102020e-05 2.399234836047980934e-05 3.825627209153026342e-05 1.899032213259488344e-05 1.015650486806407571e-04 3.048845064768102020e-05
1.200000000000000000e+04 2.173557550122495741e-05 3.414897946640849113e-05 1.657846587477251887e-05 3.230530273867771029e-05 1.845539372880011797e-05 2.173557550122495741e-05 3.414897946640849113e-05 1.657846587477251887e-05 3.230530273867771029e-05 1.845539372880011797e-05
1.210000000000000000e+04 2.483919706719461828e-05 4.656216333387419581e-05 2.789379141177050769e-05 4.428087559062987566e-04 6.147383101051673293e-05 2.483919706719461828e-05 4.656216333387419581e-05 2.789379141177050769e-05 4.428087559062987566e-04 6.147383101051673293e-05
1.220000000000000000e+04 2.039520768448710442e-05 3.194452801835723221e-05 1.565352431498467922e-05 3.013728019141126424e-05 1.752747630234807730e-05 2.039520768448710442e-05 3.194452801835723221e-05 1.565352431498467922e-05 3.013728019141126424e-05 1.752747630234807730e-05
1.230000000000000000e+04 1.981345485546626151e-05 3.109113458776846528e-05 1.538485048513393849e-05 2.907298039644956589e-05 1.695306855253875256e-05 1.981345485546626151e-05 3.109113458776846528e-05 1.538485048513393849e-05 2.907298039644956589e-05 1.695306855253875256e-05
1.240000000000000000e+04 1.943256029335316271e-05 3.068967271246947348e-05 1.517491818958660588e-05 5.310010237735696137e-05 1.978629006771370769e-05 1.943256029335316271e-05 3.068967271246947348e-05 1.517491818958660588e-05 5.310010237735696137e-05 1.978629006771370769e-05
1.250000000000000000e+04 1.946317570400424302e-05 3.100609683315269649e-05 1.580068783368915319e-05 9.472850797465071082e-05 2.005284659389872104e-05 1.946317570400424302e-05 3.100609683315269649e-05 1.580068783368915319e-05 9.472850797465071082e-05 2.005284659389872104e-05
1.260000000000000000e+04 1.820591387513559312e-05 2.963898441521450877e-05 1.445998987037455663e-05 3.805642700172029436e-05 1.642557617742568254e-05 1.820591387513559312e-05 2.963898441521450877e-05 1.445998987037455663e-05 3.805642700172029436e-05 1.642557617742568254e-05
1.270000000000000000e+04 1.941974551300518215e-05 3.242403909098356962e-05 1.519176203146344051e-05 3.288463631179183722e-04 4.675948366639204323e-05 1.941974551300518215e-05 3.242403909098356962e-05 1.519176203146344051e-05 3.288463631179183722e-04 4.675948366639204323e-05
1.280000000000000000e+04 2.065638182102702558e-05 3.341296178405173123e-05 1.841068660723976791e-05 3.718234947882592678e-04 4.198969691060483456e-05 2.065638182102702558e-05 3.341296178405173123e-05 1.841068660723976791e-05 3.718234947882592678e-04 4.198969691060483456e-05
1.290000000000000000e+04 1.757372228894382715e-05 3.339647446409799159e-05 1.487008648837218061e-05 6.343727000057697296e-05 3.190197458025068045e-05 1.757372228894382715e-05 3.339647446409799159e-05 1.487008648837218061e-05 6.343727000057697296e-05 3.190197458025068045e-05
1.300000000000000000e+04 1.727207563817501068e-05 2.996284092660062015e-05 1.536456147732678801e-05 1.055929606081917882e-04 2.261087502120062709e-05 1.727207563817501068e-05 2.996284092660062015e-05 1.536456147732678801e-05 1.055929606081917882e-04 2.261087502120062709e-05
1.310000000000000000e+04 2.248974305985029787e-05 4.330695446697063744e-05 1.846959457907360047e-05 8.018809603527188301e-04 8.525384328095242381e-05 2.248974305985029787e-05 4.330695446697063744e-05 1.846959457907360047e-05 8.018809603527188301e-04 8.525384328095242381e-05
1.320000000000000000e+04 1.681505636952351779e-05 3.643074887804687023e-05 1.481784238421823829e-05 5.745795715483836830e-05 3.190152347087860107e-05 1.681505636952351779e-05 3.643074887804687023e-05 1.481784238421823829e-05 5.745795715483836830e-05 3.190152347087860107e-05
1.330000000000000000e+04 1.678575608821120113e-05 3.193791053490713239e-05 1.434285422874381766e-05 1.642447896301746368e-04 3.881030352204106748e-05 1.678575608821120113e-05 3.193791053490713239e-05 1.434285422874381766e-05 1.642447896301746368e-04 3.881030352204106748e-05
1.340000000000000000e+04 1.955104926310013980e-05 3.898046270478516817e-05 1.770248672983143479e-05 8.823461248539388180e-04 7.883115904405713081e-05 1.955104926310013980e-05 3.898046270478516817e-05 1.770248672983143479e-05 8.823461248539388180e-04 7.883115904405713081e-05
1.350000000000000000e+04 1.668395816523116082e-05 2.715140362852253020e-05 1.496528057032264769e-05 2.202568139182403684e-04 3.234841642552055418e-05 1.668395816523116082e-05 2.715140362852253020e-05 1.496528057032264769e-05 2.202568139182403684e-04 3.234841642552055418e-05
1.360000000000000000e+04 1.642097231524530798e-05 3.403450682526454329e-05 1.429306394129525870e-05 2.374073374085128307e-04 4.024945155833847821e-05 1.642097231524530798e-05 3.403450682526454329e-05 1.429306394129525870e-05 2.374073374085128307e-04 4.024945155833847821e-05
1.370000000000000000e+04 1.445697580493288115e-05 2.397963544353842735e-05 1.176407658931566402e-05 2.547851909184828401e-05 1.542197242088150233e-05 1.445697580493288115e-05 2.397963544353842735e-05 1.176407658931566402e-05 2.547851909184828401e-05 1.542197242088150233e-05
1.380000000000000000e+04 1.406708179274573922e-05 2.307384056621231139e-05 1.188678379548946396e-05 3.480858504190109670e-05 1.268393862119410187e-05 1.406708179274573922e-05 2.307384056621231139e-05 1.188678379548946396e-05 3.480858504190109670e-05 1.268393862119410187e-05
1.390000000000000000e+04 1.759591032168827951e-05 3.703184847836382687e-05 2.221712020400445908e-05 5.305308732204139233e-04 5.082768257125280797e-05 1.759591032168827951e-05 3.703184847836382687e-05 2.221712020400445908e-05 5.305308732204139233e-04 5.082768257125280797e-05
1.400000000000000000e+04 1.500172584201209247e-05 2.680995930859353393e-05 1.380187313770875335e-05 3.622476069722324610e-04 3.383031798875890672e-05 1.500172584201209247e-05 2.680995930859353393e-05 1.380187313770875335e-05 3.622476069722324610e-04 3.383031798875890672e-05
1.410000000000000000e+04 1.722862180031370372e-05 5.195404810365289450e-05 1.713025449134875089e-05 2.803976822178810835e-04 5.551391222979873419e-05 1.722862180031370372e-05 5.195404810365289450e-05 1.713025449134875089e-05 2.803976822178810835e-04 5.551391222979873419e-05
1.420000000000000000e+04 1.356224129267502576e-05 2.380576916038990021e-05 1.321305899182334542e-05 1.648438046686351299e-04 2.156879781978204846e-05 1.356224129267502576e-05 2.380576916038990021e-05 1.321305899182334542e-05 1.648438046686351299e-04 2.156879781978204846e-05
1.430000000000000000e+04 1.555096059746574610e-05 3.202844891347922385e-05 1.431778946425765753e-05 5.632647080346941948e-04 5.629588849842548370e-05 1.555096059746574610e-05 3.202844891347922385e-05 1.431778946425765753e-05 5.632647080346941948e-04 5.629588849842548370e-05
1.440000000000000000e+04 1.423569301550742239e-05 4.572008037939667702e-05 1.413937661709496751e-05 2.063501306110993028e-04 3.811356509686447680e-05 1.423569301550742239e-05 4.572008037939667702e-05 1.413937661709496751e-05 2.063501306110993028e-04 3.811356509686447680e-05
1.450000000000000000e+04 1.263740250578848645e-05 2.466439400450326502e-05 1.183570930152200162e-05 2.633367512316908687e-05 2.036993646470364183e-05 1.263740250578848645e-05 2.466439400450326502e-05 1.183570930152200162e-05 2.633367512316908687e-05 2.036993646470364183e-05
1.460000000000000000e+04 1.425392201781505719e-05 3.619485505623742938e-05 1.469705966883338988e-05 3.801771381404250860e-04 5.072462226962670684e-05 1.425392201781505719e-05 3.619485505623742938e-05 1.469705966883338988e-05 3.801771381404250860e-04 5.072462226962670684e-05
1.470000000000000000e+04 1.268994037673110142e-05 2.330207098566461354e-05 1.341824918199563399e-05 7.784148328937590122e-05 1.385818450216902420e-05 1.268994037673110142e-05 2.330207098566461354e-05 1.341824918199563399e-05 7.784148328937590122e-05 1.385818450216902420e-05
1.480000000000000000e+04 1.184533357445616275e-05 3.684043258544988930e-05 1.489717124059097841e-05 7.021844066912308335e-05 3.064500560867600143e-05 1.184533357445616275e-05 3.684043258544988930e-05 1.489717124059097841e-05 7.021844066912308335e-05 3.064500560867600143e-05
1.490000000000000000e+04 1.334170792688382789e-05 2.953278635686729103e-05 1.702566078165546060e-05 2.473804925102740526e-04 4.054454984725452960e-05 1.334170792688382789e-05 2.953278635686729103e-05 1.702566078165546060e-05 2.473804925102740526e-04 4.054454984725452960e-05
1.500000000000000000e+04 1.335258002654882148e-05 5.053373752161860466e-05 1.722959132166579366e-05 2.672881528269499540e-04 7.950772851472720504e-05 1.335258002654882148e-05 5.053373752161860466e-05 1.722959132166579366e-05 2.672881528269499540e-04 7.950772851472720504e-05
1.510000000000000000e+04 1.467609581595752388e-05 2.666640648385509849e-05 1.530472036392893642e-05 6.133440765552222729e-04 5.406369746197015047e-05 1.467609581595752388e-05 2.666640648385509849e-05 1.530472036392893642e-05 6.133440765552222729e-04 5.406369746197015047e-05
1.520000000000000000e+04 1.321222771366592497e-05 3.595245652832090855e-05 1.584732854098547250e-05 1.127361247199587524e-04 2.409041007922496647e-05 1.321222771366592497e-05 3.595245652832090855e-05 1.584732854098547250e-05 1.127361247199587524e-04 2.409041007922496647e-05
1.530000000000000000e+04 1.181707921205088496e-05 2.058441168628633022e-05 1.055953089235117659e-05 2.808306307997554541e-04 3.277824725955724716e-05 1.181707921205088496e-05 2.058441168628633022e-05 1.055953089235117659e-05 2.808306307997554541e-04 3.277824725955724716e-05
1.540000000000000000e+04 1.068959772965172306e-05 2.149145984731148928e-05 9.724168194225057960e-06 2.264324393763672560e-05 1.451944626751355827e-05 1.068959772965172306e-05 2.149145984731148928e-05 9.724168194225057960e-06 2.264324393763672560e-05 1.451944626751355827e-05
1.550000000000000000e+04 1.121423065342241898e-05 2.899538776546251029e-05 1.399944176228018478e-05 5.001619501854293048e-05 3.269221269874833524e-05 1.121423065342241898e-05 2.899538776546251029e-05 1.399944176228018478e-05 5.001619501854293048e-05 3.269221269874833524e-05
1.560000000000000000e+04 1.075780164683237672e-05 1.920583963510580361e-05 9.725082236400339752e-06 1.430817646905779839e-04 1.713649362500291318e-05 1.075780164683237672e-05 1.920583963510580361e-05 9.725082236400339752e-06 1.430817646905779839e-04 1.713649362500291318e-05
1.570000000000000000e+04 1.260240605915896595e-05 3.710581586346961558e-05 1.236414300365140662e-05 2.398836368229240179e-04 5.790288923890329897e-05 1.260240605915896595e-05 3.710581586346961558e-05 1.236414300365140662e-05 2.398836368229240179e-04 5.790288923890329897e-05
1.580000000000000000e+04 1.007068749458994716e-05 2.269938158860895783e-05 1.001407963485689834e-05 4.109131987206637859e-05 2.114331437041983008e-05 1.007068749458994716e-05 2.269938158860895783e-05 1.001407963485689834e-05 4.109131987206637859e-05 2.114331437041983008e-05
1.590000000000000000e+04 1.131058706960175186e-05 2.151352600776590407e-05 1.064824118657270446e-05 3.573209105525165796e-04 4.203868957119993865e-05 1.131058706960175186e-05 2.151352600776590407e-05 1.064824118657270446e-05 3.573209105525165796e-04 4.203868957119993865e-05
1.600000000000000000e+04 1.094382332667009905e-05 2.592693090264219791e-05 1.087810051103588194e-05 1.978127984330058098e-04 3.078884765272960067e-05 1.094382332667009905e-05 2.592693090264219791e-05 1.087810051103588194e-05 1.978127984330058098e-04 3.078884765272960067e-05
1.610000000000000000e+04 1.195083041238831356e-05 2.940923332062084228e-05 1.114037604565965012e-05 2.894191129598766565e-04 3.879916039295494556e-05 1.195083041238831356e-05 2.940923332062084228e-05 1.114037604565965012e-05 2.894191129598766565e-04 3.879916039295494556e-05
1.620000000000000000e+04 9.483733265369664878e-06 1.958601933438330889e-05 9.720275556901469827e-06 5.062907075625844300e-05 1.580066236783750355e-05 9.483733265369664878e-06 1.958601933438330889e-05 9.720275556901469827e-06 5.062907075625844300e-05 1.580066236783750355e-05
1.630000000000000000e+04 1.058399357134476304e-05 1.855511800386011600e-05 9.564524589222855866e-06 2.916941011790186167e-04 3.273782931501045823e-05 1.058399357134476304e-05 1.855511800386011600e-05 9.564524589222855866e-06 2.916941011790186167e-04 3.273782931501045823e-05
1.640000000000000000e+04 1.012971279124030843e-05 1.941668415383901447e-05 1.037274432746926323e-05 2.379788056714460254e-04 2.517228858778253198e-05 1.012971279124030843e-05 1.941668415383901447e-05 1.037274432746926323e-05 2.379788056714460254e-04 2.517228858778253198e-05
1.650000000000000000e+04 1.910281207528896630e-05 6.175321323098614812e-05 1.995812817767728120e-05 7.142603280954062939e-04 9.660616342443972826e-05 1.910281207528896630e-05 6.175321323098614812e-05 1.995812817767728120e-05 7.142603280954062939e-04 9.660616342443972826e-05
1.660000000000000000e+04 9.815594239626079798e-06 1.757418795023113489e-05 9.313861482951324433e-06 1.668554759817197919e-04 2.150902037101332098e-05 9.815594239626079798e-06 1.757418795023113489e-05 9.313861482951324433e-06 1.668554759817197919e-04 2.150902037101332098e-05
1.670000000000000000e+04 8.762740435486193746e-06 1.493485251558013260e-05 7.751597877359017730e-06 1.374424573441501707e-05 1.069461086444789544e-05 8.762740435486193746e-06 1.493485251558013260e-05 7.751597877359017730e-06 1.374424573441501707e-05 1.069461086444789544e-05
1.680000000000000000e+04 8.920674190449062735e-06 1.502313261880772188e-05 7.971554623509291559e-06 2.776122710201889277e-05 8.585991054133046418e-06 8.920674190449062735e-06 1.502313261880772188e-05 7.971554623509291559e-06 2.776122710201889277e-05 8.585991054133046418e-06
1.690000000000000000e+04 8.806675396044738591e-06 1.454046923754503950e-05 8.214505214709788561e-06 2.968512308143544942e-05 8.995310963655356318e-06 8.806675396044738591e-06 1.454046923754503950e-05 8.214505214709788561e-06 2.968512308143544942e-05 8.995310963655356318e-06
1.700000000000000000e+04 1.276011334994109347e-05 2.610427327454090118e-05 1.063421950675547123e-05 2.719312615226954222e-04 4.196013469481840730e-05 1.276011334994109347e-05 2.610427327454090118e-05 1.063421950675547123e-05 2.719312615226954222e-04 4.196013469481840730e-05
1.710000000000000000e+04 8.842142051435075700e-06 1.575211354065686464e-05 1.179434730147477239e-05 7.907739927759394050e-05 8.821814844850450754e-06 8.842142051435075700e-06 1.575211354065686464e-05 1.179434730147477239e-05 7.907739927759394050e-05 8.821814844850450754e-06
1.720000000000000000e+04 8.428537512372713536e-06 1.498411256761755794e-05 7.554110197816044092e-06 3.541471596690826118e-05 8.860533853294327855e-06 8.428537512372713536e-06 1.498411256761755794e-05 7.554110197816044092e-06 3.541471596690826118e-05 8.860533853294327855e-06
1.730000000000000000e+04 9.443166163691785187e-06 1.834766226238571107e-05 8.371191142941825092e-06 1.729245414026081562e-04 2.173366738134063780e-05 9.443166163691785187e-06 1.834766226238571107e-05 8.371191142941825092e-06 1.729245414026081562e-04 2.173366738134063780e-05
1.740000000000000000e+04 8.332242032338399440e-06 1.549679836898576468e-05 7.323604222619906068e-06 3.106107033090665936e-05 1.221239290316589177e-05 8.332242032338399440e-06 1.549679836898576468e-05 7.323604222619906068e-06 3.106107033090665936e-05 1.221239290316589177e-05
1.750000000000000000e+04 8.817175512376707047e-06 1.465752029616851360e-05 8.342020919371861964e-06 1.529739820398390293e-04 1.694987258815672249e-05 8.817175512376707047e-06 1.465752029616851360e-05 8.342020919371861964e-06 1.529739820398390293e-04 1.694987258815672249e-05
1.760000000000000000e+04 7.959912181831896305e-06 1.307169532083207741e-05 6.887042218295391649e-06 2.183319520554505289e-05 9.467386917094700038e-06 7.959912181831896305e-06 1.307169532083207741e-05 6.887042218295391649e-06 2.183319520554505289e-05 9.467386917094700038e-06
1.770000000000000000e+04 8.830642400425858796e-06 2.204131305916234851e-05 1.080138008546782658e-05 8.768090629018843174e-05 1.841573248384520411e-05 8.830642400425858796e-06 2.204131305916234851e-05 1.080138008546782658e-05 8.768090629018843174e-05 1.841573248384520411e-05
1.780000000000000000e+04 8.839235306368209422e-06 6.451135413954034448e-05 1.412260917277308181e-05 4.291793811717070639e-05 1.068034034688025713e-04 8.839235306368209422e-06 6.451135413954034448e-05 1.412260917277308181e-05 4.291793811717070639e-05 1.068034034688025713e-04
1.790000000000000000e+04 8.567112672608345747e-06 2.183121432608459145e-05 1.057630379364127293e-05 1.063103045453317463e-04 1.775226155587006360e-05 8.567112672608345747e-06 2.183121432608459145e-05 1.057630379364127293e-05 1.063103045453317463e-04 1.775226155587006360e-05
1.800000000000000000e+04 8.046136827033478767e-06 1.451294610887998715e-05 7.625146736245369539e-06 9.802445856621488929e-05 1.349537888017948717e-05 8.046136827033478767e-06 1.451294610887998715e-05 7.625146736245369539e-06 9.802445856621488929e-05 1.349537888017948717e-05
1.810000000000000000e+04 8.546049684809986502e-06 1.636176602914929390e-05 9.980641152651514858e-06 1.568381703691557050e-04 1.833781061577610672e-05 8.546049684809986502e-06 1.636176602914929390e-05 9.980641152651514858e-06 1.568381703691557050e-04 1.833781061577610672e-05
1.820000000000000000e+04 9.051570486917626113e-06 1.894224078569095582e-05 8.274694664578419179e-06 1.770726084941998124e-04 2.124383536283858120e-05 9.051570486917626113e-06 1.894224078569095582e-05 8.274694664578419179e-06 1.770726084941998124e-04 2.124383536283858120e-05
1.830000000000000000e+04 9.395024790137540549e-06 1.696495746728032827e-05 8.987325600173790008e-06 4.369495145510882139e-04 3.425841714488342404e-05 9.395024790137540549e-06 1.696495746728032827e-05 8.987325600173790008e-06 4.369495145510882139e-04 3.425841714488342404e-05
1.840000000000000000e+04 1.188779788208194077e-05 3.311148248030804098e-05 1.390349734720075503e-05 7.941834046505391598e-04 7.881307101342827082e-05 1.188779788208194077e-05 3.311148248030804098e-05 1.390349734720075503e-05 7.941834046505391598e-04 7.881307101342827082e-05
1.850000000000000000e+04 7.036892384348902851e-06 1.159150542662246153e-05 6.260216196096735075e-06 1.146509293903363869e-05 6.906217095092870295e-06 7.036892384348902851e-06 1.159150542662246153e-05 6.260216196096735075e-06 1.146509293903363869e-05 6.906217095092870295e-06
1.860000000000000000e+04 7.295117939065676183e-06 1.601919575477950275e-05 6.702749487885739654e-06 6.778419628972187638e-05 1.847106977947987616e-05 7.295117939065676183e-06 1.601919575477950275e-05 6.702749487885739654e-06 6.778419628972187638e-05 1.847106977947987616e-05
1.870000000000000000e+04 6.926052265043836087e-06 1.111157962441211566e-05 6.038877017999766394e-06 1.832398993428796530e-05 7.008474767644656822e-06 6.926052265043836087e-06 1.111157962441211566e-05 6.038877017999766394e-06 1.832398993428796530e-05 7.008474767644656822e-06
1.880000000000000000e+04 8.213664841605350375e-06 1.524743038316955790e-05 7.829483365640044212e-06 1.628699101274833083e-04 2.127941297658253461e-05 8.213664841605350375e-06 1.524743038316955790e-05 7.829483365640044212e-06 1.628699101274833083e-04 2.127941297658253461e-05
1.890000000000000000e+04 9.380019946547690779e-06 2.382739876338746399e-05 1.163931483461055905e-05 5.158074782229959965e-04 6.430796929635107517e-05 9.380019946547690779e-06 2.382739876338746399e-05 1.163931483461055905e-05 5.158074782229959965e-04 6.430796929635107517e-05
1.900000000000000000e+04 8.218797120207455009e-06 3.009194915648549795e-05 1.193389107356779277e-05 1.006539387162774801e-04 3.659541107481345534e-05 8.218797120207455009e-06 3.009194915648549795e-05 1.193389107356779277e-05 1.006539387162774801e-04 3.659541107481345534e-05
1.910000000000000000e+04 7.767444913042709231e-06 1.415456063114106655e-05 7.423735041811596602e-06 4.849047036259435117e-05 1.034726665238849819e-05 7.767444913042709231e-06 1.415456063114106655e-05 7.423735041811596602e-06 4.849047036259435117e-05 1.034726665238849819e-05
1.920000000000000000e+04 6.988213499425910413e-06 1.522420279798097908e-05 7.091241059242747724e-06 4.014206206193193793e-05 1.253399022971279919e-05 6.988213499425910413e-06 1.522420279798097908e-05 7.091241059242747724e-06 4.014206206193193793e-05 1.253399022971279919e-05
1.930000000000000000e+04 6.826131539128255099e-06 3.522010956658050418e-05 9.626040082366671413e-06 8.515625086147338152e-05 4.670928319683298469e-05 6.826131539128255099e-06 3.522010956658050418e-05 9.626040082366671413e-06 8.515625086147338152e-05 4.670928319683298469e-05
1.940000000000000000e+04 7.411637398035963997e-06 1.864905607362743467e-05 9.327754014520905912e-06 1.845658553065732121e-04 2.938243960670661181e-05 7.411637398035963997e-06 1.864905607362743467e-05 9.327754014520905912e-06 1.845658553065732121e-04 2.938243960670661181e-05
1.950000000000000000e+04 8.231508218159433454e-06 1.509955382061889395e-05 7.995905434654559940e-06 5.063097341917455196e-04 4.794511551153846085e-05 8.231508218159433454e-06 1.509955382061889395e-05 7.995905434654559940e-06 5.063097341917455196e-04 4.794511551153846085e-05
1.960000000000000000e+04 6.862668669782578945e-06 1.717368832032661885e-05 6.247166766115697101e-06 1.161022373707965016e-04 2.330473216716200113e-05 6.862668669782578945e-06 1.717368832032661885e-05 6.247166766115697101e-06 1.161022373707965016e-04 2.330473216716200113e-05
1.970000000000000000e+04 6.846248197689419612e-06 1.555356720928102732e-05 7.771545824653003365e-06 6.697339267702773213e-05 1.309345680056139827e-05 6.846248197689419612e-06 1.555356720928102732e-05 7.771545824653003365e-06 6.697339267702773213e-05 1.309345680056139827e-05
1.980000000000000000e+04 7.791559255565516651e-06 3.032942549907602370e-05 1.294506819249363616e-05 1.149555464508011937e-04 3.097211811109445989e-05 7.791559255565516651e-06 3.032942549907602370e-05 1.294506819249363616e-05 1.149555464508011937e-04 3.097211811109445989e-05
1.990000000000000000e+04 6.493262389994924888e-06 1.226107178808888420e-05 5.857219548488501459e-06 2.540438617870677263e-05 8.800525392871350050e-06 6.493262389994924888e-06 1.226107178808888420e-05 5.857219548488501459e-06 2.540438617870677263e-05 8.800525392871350050e-06
2.000000000000000000e+04 6.618855422857450321e-06 1.914375570777337998e-05 7.215865025500534102e-06 2.490006590960547328e-05 1.577990406076423824e-05 6.618855422857450321e-06 1.914375570777337998e-05 7.215865025500534102e-06 2.490006590960547328e-05 1.577990406076423824e-05
2.000000000000000000e+04 6.618855422857450321e-06 1.914375570777337998e-05 7.215865025500534102e-06 2.490006590960547328e-05 1.577990406076423824e-05 6.618855422857450321e-06 1.914375570777337998e-05 7.215865025500534102e-06 2.490006590960547328e-05 1.577990406076423824e-05
2.010000000000000000e+04 5.969502126390580088e-06 9.366222002427093685e-06 5.160846740182023495e-06 8.022807378438301384e-06 5.373758085625013337e-06 5.969502126390580088e-06 9.366222002427093685e-06 5.160846740182023495e-06 8.022807378438301384e-06 5.373758085625013337e-06
2.020000000000000000e+04 5.889492967980913818e-06 9.290344678447581828e-06 5.131214493303559721e-06 7.888642358011566103e-06 5.307910214469302446e-06 5.889492967980913818e-06 9.290344678447581828e-06 5.131214493303559721e-06 7.888642358011566103e-06 5.307910214469302446e-06
2.030000000000000000e+04 5.830091140524018556e-06 9.198205589200370014e-06 5.099557711218949407e-06 7.795641067787073553e-06 5.263360435492359102e-06 5.830091140524018556e-06 9.198205589200370014e-06 5.099557711218949407e-06 7.795641067787073553e-06 5.263360435492359102e-06
2.040000000000000000e+04 5.771814358013216406e-06 9.106151992455124855e-06 5.061963747721165419e-06 7.735593499091919512e-06 5.244603471510345116e-06 5.771814358013216406e-06 9.106151992455124855e-06 5.061963747721165419e-06 7.735593499091919512e-06 5.244603471510345116e-06
2.050000000000000000e+04 5.717441581509774551e-06 9.000450518215075135e-06 5.024250640417449176e-06 7.771946002321783453e-06 5.161482931725913659e-06 5.717441581509774551e-06 9.000450518215075135e-06 5.024250640417449176e-06 7.771946002321783453e-06 5.161482931725913659e-06
2.060000000000000000e+04 5.655855147779220715e-06 8.904780770535580814e-06 4.978719061909941956e-06 7.559071946161566302e-06 5.149818207428324968e-06 5.655855147779220715e-06 8.904780770535580814e-06 4.978719061909941956e-06 7.559071946161566302e-06 5.149818207428324968e-06
2.070000000000000000e+04 5.599558335234178230e-06 8.876491847331635654e-06 4.947142770106438547e-06 1.110086122935172170e-05 5.610571861325297505e-06 5.599558335234178230e-06 8.876491847331635654e-06 4.947142770106438547e-06 1.110086122935172170e-05 5.610571861325297505e-06
2.080000000000000000e+04 5.536223397939465940e-06 8.698392775841057301e-06 4.887710929324384779e-06 7.408885267068399116e-06 5.067511210654629394e-06 5.536223397939465940e-06 8.698392775841057301e-06 4.887710929324384779e-06 7.408885267068399116e-06 5.067511210654629394e-06
2.090000000000000000e+04 5.473445071402238682e-06 8.607414201833307743e-06 4.839951088797533885e-06 7.647287930012680590e-06 5.116462034493451938e-06 5.473445071402238682e-06 8.607414201833307743e-06 4.839951088797533885e-06 7.647287930012680590e-06 5.116462034493451938e-06
2.100000000000000000e+04 5.413743565441109240e-06 8.489625543006695807e-06 4.793161679117474705e-06 7.255918262671912089e-06 4.990851721231592819e-06 5.413743565441109240e-06 8.489625543006695807e-06 4.793161679117474705e-06 7.255918262671912089e-06 4.990851721231592819e-06
2.110000000000000000e+04 5.349325419956585392e-06 8.394709766434971243e-06 4.743782028526766226e-06 7.322004421439487487e-06 5.000932560506043956e-06 5.349325419956585392e-06 8.394709766434971243e-06 4.743782028526766226e-06 7.322004421439487487e-06 5.000932560506043956e-06
2.120000000000000000e+04 5.290498847898561507e-06 8.278412678919266909e-06 4.697139502241043374e-06 7.103886673576198518e-06 4.909922608931083232e-06 5.290498847898561507e-06 8.278412678919266909e-06 4.697139502241043374e-06 7.103886673576198518e-06 4.909922608931083232e-06
2.130000000000000000e+04 5.234208401816431433e-06 8.169075044861529022e-06 4.650460141419898719e-06 7.149014891183469445e-06 4.856728992308489978e-06 5.234208401816431433e-06 8.169075044861529022e-06 4.650460141419898719e-06 7.149014891183469445e-06 4.856728992308489978e-06
2.140000000000000000e+04 5.169099040358560160e-06 8.068907845881767571e-06 4.601266027748351917e-06 6.950980605324730277e-06 4.828218607144663110e-06 5.169099040358560160e-06 8.068907845881767571e-06 4.601266027748351917e-06 6.950980605324730277e-06 4.828218607144663110e-06
2.150000000000000000e+04 5.110788151796441525e-06 7.962811650941148400e-06 4.553444796329131350e-06 6.909003786859102547e-06 4.777995400218060240e-06 5.110788151796441525e-06 7.962811650941148400e-06 4.553444796329131350e-06 6.909003786859102547e-06 4.777995400218060240e-06
2.160000000000000000e+04 5.050365416536806151e-06 7.861269295972306281e-06 4.506232926360098645e-06 6.798738468205556273e-06 4.744780198961962014e-06 5.050365416536806151e-06 7.861269295972306281e-06 4.506232926360098645e-06 6.798738468205556273e-06 4.744780198961962014e-06
2.170000000000000000e+04 4.994174105377169326e-06 7.759490472381003201e-06 4.458667717699427158e-06 6.761553322576219216e-06 4.724969130620593205e-06 4.994174105377169326e-06 7.759490472381003201e-06 4.458667717699427158e-06 6.761553322576219216e-06 4.724969130620593205e-06
2.180000000000000000e+04 4.945351520291296765e-06 8.232496838900260627e-06 4.508725396590307355e-06 7.245433607749873772e-06 5.469927600643131882e-06 4.945351520291296765e-06 8.232496838900260627e-06 4.508725396590307355e-06 7.245433607749873772e-06 5.469927600643131882e-06
2.190000000000000000e+04 4.884419013251317665e-06 7.570845809823367745e-06 4.375783191790105775e-06 6.768908860976807773e-06 4.656930741475662217e-06 4.884419013251317665e-06 7.570845809823367745e-06 4.375783191790105775e-06 6.768908860976807773e-06 4.656930741475662217e-06
2.200000000000000000e+04 4.836157131649088115e-06 7.460850156348897144e-06 4.330525825935183093e-06 6.580391982424771413e-06 4.593031917465850711e-06 4.836157131649088115e-06 7.460850156348897144e-06 4.330525825935183093e-06 6.580391982424771413e-06 4.593031917465850711e-06
2.210000000000000000e+04 4.766181973536731675e-06 7.369841569015989080e-06 4.280288521840702742e-06 6.468851552199339494e-06 4.527035343926399946e-06 4.766181973536731675e-06 7.369841569015989080e-06 4.280288521840702742e-06 6.468851552199339494e-06 4.527035343926399946e-06
2.220000000000000000e+04 4.733860350825125352e-06 7.290776920854113996e-06 4.250966867402894422e-06 7.323606041609309614e-06 4.510881808528210968e-06 4.733860350825125352e-06 7.290776920854113996e-06 4.250966867402894422e-06 7.323606041609309614e-06 4.510881808528210968e-06
2.230000000000000000e+04 4.658056241169106215e-06 7.190384167188312858e-06 4.211245595797663555e-06 6.773577297281008214e-06 4.538129360298626125e-06 4.658056241169106215e-06 7.190384167188312858e-06 4.211245595797663555e-06 6.773577297281008214e-06 4.538129360298626125e-06
2.240000000000000000e+04 4.619487754098372534e-06 7.087423909979406744e-06 4.158760930295102298e-06 6.243149528017966077e-06 4.417841410031542182e-06 4.619487754098372534e-06 7.087423909979406744e-06 4.158760930295102298e-06 6.243149528017966077e-06 4.417841410031542182e-06
2.250000000000000000e+04 4.571736099023837596e-06 6.998535354796331376e-06 4.119707682548323646e-06 6.255404969124356285e-06 4.369856469566002488e-06 4.571736099023837596e-06 6.998535354796331376e-06 4.119707682548323646e-06 6.255404969124356285e-06 4.369856469566002488e-06
2.260000000000000000e+04 4.525972599367378280e-06 6.913354809512384236e-06 4.082939540239749476e-06 6.163360012578777969e-06 4.340174655226292089e-06 4.525972599367378280e-06 6.913354809512384236e-06 4.082939540239749476e-06 6.163360012578777969e-06 4.340174655226292089e-06
2.270000000000000000e+04 4.471688498597359285e-06 6.873927759443176910e-06 4.048226855957182124e-06 6.105738975747954100e-06 4.348322363512124866e-06 4.471688498597359285e-06 6.873927759443176910e-06 4.048226855957182124e-06 6.105738975747954100e-06 4.348322363512124866e-06
2.280000000000000000e+04 4.443432317202677950e-06 6.787299753341358155e-06 4.014523710793582723e-06 7.472348443116061389e-06 4.500819613895146176e-06 4.443432317202677950e-06 6.787299753341358155e-06 4.014523710793582723e-06 7.472348443116061389e-06 4.500819613895146176e-06
2.290000000000000000e+04 4.388108663988532498e-06 6.671742994512896985e-06 3.970739271608181298e-06 5.933214652031892911e-06 4.229810656397603452e-06 4.388108663988532498e-06 6.671742994512896985e-06 3.970739271608181298e-06 5.933214652031892911e-06 4.229810656397603452e-06
2.300000000000000000e+04 4.353951680968748406e-06 6.590675639017717913e-06 3.937262590625323355e-06 6.184458470670506358e-06 4.186617843515705317e-06 4.353951680968748406e-06 6.590675639017717913e-06 3.937262590625323355e-06 6.184458470670506358e-06 4.186617843515705317e-06
2.310000000000000000e+04 4.302484285290120170e-06 6.520993338199332356e-06 3.902376192854717374e-06 5.851875357620883733e-06 4.182715201750397682e-06 4.302484285290120170e-06 6.520993338199332356e-06 3.902376192854717374e-06 5.851875357620883733e-06 4.182715201750397682e-06
2.320000000000000000e+04 4.264813924237387255e-06 6.443220172513974831e-06 3.868244220939232036e-06 5.812658400827785954e-06 4.115915089641930535e-06 4.264813924237387255e-06 6.443220172513974831e-06 3.868244220939232036e-06 5.812658400827785954e-06 4.115915089641930535e-06
2.330000000000000000e+04 4.225637894705869257e-06 6.365186436596559361e-06 3.833996743196621537e-06 5.713265636586584151e-06 4.095679742022184655e-06 4.225637894705869257e-06 6.365186436596559361e-06 3.833996743196621537e-06 5.713265636586584151e-06 4.095679742022184655e-06
2.340000000000000000e+04 4.190428171568783000e-06 6.294507329585030675e-06 3.802811534114880487e-06 5.705119747290154919e-06 4.094353243999648839e-06 4.190428171568783000e-06 6.294507329585030675e-06 3.802811534114880487e-06 5.705119747290154919e-06 4.094353243999648839e-06
2.350000000000000000e+04 4.152645487920381129e-06 6.277834927459480241e-06 3.795031716435914859e-06 6.216079327714396641e-06 4.148247171542607248e-06 4.152645487920381129e-06 6.277834927459480241e-06 3.795031716435914859e-06 6.216079327714396641e-06 4.148247171542607248e-06
2.360000000000000000e+04 4.109527708351379260e-06 6.172923804115271196e-06 3.740500233107013628e-06 5.676959517586510628e-06 4.024177997052902356e-06 4.109527708351379260e-06 6.172923804115271196e-06 3.740500233107013628e-06 5.676959517586510628e-06 4.024177997052902356e-06
2.370000000000000000e+04 4.076040568179450929e-06 6.091886461945250630e-06 3.707785026563215069e-06 5.521186267287703231e-06 3.960856247431365773e-06 4.076040568179450929e-06 6.091886461945250630e-06 3.707785026563215069e-06 5.521186267287703231e-06 3.960856247431365773e-06
2.380000000000000000e+04 4.043009084853110835e-06 6.099664005887461826e-06 3.700349225255195051e-06 7.500068022636696696e-06 4.176029051450314000e-06 4.043009084853110835e-06 6.099664005887461826e-06 3.700349225255195051e-06 7.500068022636696696e-06 4.176029051450314000e-06
2.390000000000000000e+04 3.996004124928731471e-06 6.064853096177102998e-06 3.678955863506416790e-06 5.922713171457871795e-06 4.033730874652974308e-06 3.996004124928731471e-06 6.064853096177102998e-06 3.678955863506416790e-06 5.922713171457871795e-06 4.033730874652974308e-06
2.400000000000000000e+04 3.970572379330405965e-06 5.903579221921972930e-06 3.622242275014286861e-06 5.417700776888523251e-06 3.876010850945021957e-06 3.970572379330405965e-06 5.903579221921972930e-06 3.622242275014286861e-06 5.417700776888523251e-06 3.876010850945021957e-06
2.410000000000000000e+04 3.945358002965804189e-06 5.862828857061685994e-06 3.598197736209840514e-06 5.334087290975730866e-06 3.935744643968064338e-06 3.945358002965804189e-06 5.862828857061685994e-06 3.598197736209840514e-06 5.334087290975730866e-06 3.935744643968064338e-06
2.420000000000000000e+04 3.901545824191998690e-06 5.803291969641577452e-06 3.564577582437777892e-06 5.409948244050610811e-06 3.841695615847129375e-06 3.901545824191998690e-06 5.803291969641577452e-06 3.564577582437777892e-06 5.409948244050610811e-06 3.841695615847129375e-06
2.430000000000000000e+04 3.878179541061399505e-06 5.725394203182077035e-06 3.535544465194107033e-06 5.235541721049230546e-06 3.781713530770502985e-06 3.878179541061399505e-06 5.725394203182077035e-06 3.535544465194107033e-06 5.235541721049230546e-06 3.781713530770502985e-06
2.440000000000000000e+04 3.844835646305000409e-06 5.701473583030747250e-06 3.516900051181437448e-06 5.410890935308998451e-06 3.816139269474660978e-06 3.844835646305000409e-06 5.701473583030747250e-06 3.516900051181437448e-06 5.410890935308998451e-06 3.816139269474660978e-06
2.450000000000000000e+04 3.854188435070682317e-06 5.847531156177865341e-06 3.553585656845825724e-06 8.944072760641574860e-06 4.496254859986947849e-06 3.854188435070682317e-06 5.847531156177865341e-06 3.553585656845825724e-06 8.944072760641574860e-06 4.496254859986947849e-06
2.460000000000000000e+04 3.786693014262709767e-06 5.550076366489520296e-06 3.454336592767504044e-06 5.101134320284472778e-06 3.702689809870207682e-06 3.786693014262709767e-06 5.550076366489520296e-06 3.454336592767504044e-06 5.101134320284472778e-06 3.702689809870207682e-06
2.470000000000000000e+04 3.758592583835707046e-06 5.504982254933565855e-06 3.431349568927544169e-06 5.102691829961258918e-06 3.687152457132469863e-06 3.758592583835707046e-06 5.504982254933565855e-06 3.431349568927544169e-06 5.102691829961258918e-06 3.687152457132469863e-06
2.480000000000000000e+04 3.729590162038221024e-06 5.442246219899971038e-06 3.402656147954985499e-06 5.045130819780752063e-06 3.642564934125402942e-06 3.729590162038221024e-06 5.442246219899971038e-06 3.402656147954985499e-06 5.045130819780752063e-06 3.642564934125402942e-06
2.490000000000000000e+04 3.704059281517402269e-06 5.418425644165836275e-06 3.385790023457957432e-06 5.067060556029900908e-06 3.696171233968925662e-06 3.704059281517402269e-06 5.418425644165836275e-06 3.385790023457957432e-06 5.067060556029900908e-06 3.696171233968925662e-06
2.500000000000000000e+04 3.679361725517082959e-06 5.452683126350166276e-06 3.389385028640390374e-06 9.862956176220905036e-06 4.097222699783742428e-06 3.679361725517082959e-06 5.452683126350166276e-06 3.389385028640390374e-06 9.862956176220905036e-06 4.097222699783742428e-06
2.510000000000000000e+04 3.653058911368134432e-06 5.955571396043524146e-06 3.480777195363771170e-06 5.422849881142610684e-06 4.689295110438251868e-06 3.653058911368134432e-06 5.955571396043524146e-06 3.480777195363771170e-06 5.422849881142610684e-06 4.689295110438251868e-06
2.520000000000000000e+04 3.613502258303924464e-06 5.253173185337800533e-06 3.307796077933744527e-06 5.024124220653902739e-06 3.572416972019709647e-06 3.613502258303924464e-06 5.253173185337800533e-06 3.307796077933744527e-06 5.024124220653902739e-06 3.572416972019709647e-06
2.530000000000000000e+04 3.668380713861552067e-06 5.642993528454098850e-06 3.461549567873589694e-06 2.381411104579456151e-05 5.475326361192855984e-06 3.668380713861552067e-06 5.642993528454098850e-06 3.461549567873589694e-06 2.381411104579456151e-05 5.475326361192855984e-06
2.540000000000000000e+04 3.569021828297991306e-06 5.142999725649133325e-06 3.256280024288571440e-06 4.792635081685148180e-06 3.500256070765317418e-06 3.569021828297991306e-06 5.142999725649133325e-06 3.256280024288571440e-06 4.792635081685148180e-06 3.500256070765317418e-06
2.550000000000000000e+04 3.547607548171072267e-06 5.113833140057977289e-06 3.240927071601618081e-06 5.654639608110301197e-06 3.587248556868871674e-06 3.547607548171072267e-06 5.113833140057977289e-06 3.240927071601618081e-06 5.654639608110301197e-06 3.587248556868871674e-06
2.560000000000000000e+04 3.521651933624525554e-06 5.056835561845218763e-06 3.224951115043950267e-06 5.186283488001208752e-06 3.528218940118676983e-06 3.521651933624525554e-06 5.056835561845218763e-06 3.224951115043950267e-06 5.186283488001208752e-06 3.528218940118676983e-06
2.570000000000000000e+04 3.532681603246601298e-06 5.318906914908438921e-06 3.250246891184360720e-06 5.003058049624087289e-06 4.060200353706022725e-06 3.532681603246601298e-06 5.318906914908438921e-06 3.250246891184360720e-06 5.003058049624087289e-06 4.060200353706022725e-06
2.580000000000000000e+04 3.471634272500523366e-06 4.961973900208249688e-06 3.165785074088489637e-06 4.667871507990639657e-06 3.408418933759094216e-06 3.471634272500523366e-06 4.961973900208249688e-06 3.165785074088489637e-06 4.667871507990639657e-06 3.408418933759094216e-06
2.590000000000000000e+04 3.447532662903540768e-06 4.920942046737764031e-06 3.144617721773101948e-06 4.634392098523676395e-06 3.395696467123343609e-06 3.447532662903540768e-06 4.920942046737764031e-06 3.144617721773101948e-06 4.634392098523676395e-06 3.395696467123343609e-06
2.600000000000000000e+04 3.446484015512396581e-06 4.897899088973645121e-06 3.134511189273325726e-06 4.867685674980748445e-06 3.424011993047315627e-06 3.446484015512396581e-06 4.897899088973645121e-06 3.134511189273325726e-06 4.867685674980748445e-06 3.424011993047315627e-06
2.610000000000000000e+04 3.403059963602572680e-06 4.837968390347668901e-06 3.102278242295142263e-06 4.553624421532731503e-06 3.355201897647930309e-06 3.403059963602572680e-06 4.837968390347668901e-06 3.102278242295142263e-06 4.553624421532731503e-06 3.355201897647930309e-06
2.620000000000000000e+04 3.380747784831328318e-06 4.799902853847015649e-06 3.081403292526374571e-06 4.531530521489912644e-06 3.323035116409300826e-06 3.380747784831328318e-06 4.799902853847015649e-06 3.081403292526374571e-06 4.531530521489912644e-06 3.323035116409300826e-06
2.630000000000000000e+04 3.359859420015709475e-06 4.769102361024124548e-06 3.063802523683989421e-06 4.541702310234541073e-06 3.327295416966080666e-06 3.359859420015709475e-06 4.769102361024124548e-06 3.063802523683989421e-06 4.541702310234541073e-06 3.327295416966080666e-06
2.640000000000000000e+04 3.336189593028393574e-06 4.721103778138058260e-06 3.043716560569009744e-06 4.539256678981473669e-06 3.285873162894858979e-06 3.336189593028393574e-06 4.721103778138058260e-06 3.043716560569009744e-06 4.539256678981473669e-06 3.285873162894858979e-06
2.650000000000000000e+04 3.311302180009079166e-06 4.693996288551716134e-06 3.021184738827287219e-06 4.452713255886919796e-06 3.264352017140481621e-06 3.311302180009079166e-06 4.693996288551716134e-06 3.021184738827287219e-06 4.452713255886919796e-06 3.264352017140481621e-06
2.660000000000000000e+04 3.293106601631734520e-06 4.646883553505176678e-06 3.000510787387611344e-06 4.399119916342897341e-06 3.246408823542878963e-06 3.293106601631734520e-06 4.646883553505176678e-06 3.000510787387611344e-06 4.399119916342897341e-06 3.246408823542878963e-06
2.670000000000000000e+04 3.278928261352120899e-06 4.609227744367672130e-06 2.982610794788342901e-06 4.388741217553615570e-06 3.229702997487038374e-06 3.278928261352120899e-06 4.609227744367672130e-06 2.982610794788342901e-06 4.388741217553615570e-06 3.229702997487038374e-06
2.680000000000000000e+04 3.254484909120947123e-06 4.571408226183848456e-06 2.962209691759198904e-06 4.339646238804562017e-06 3.213226818843395449e-06 3.254484909120947123e-06 4.571408226183848456e-06 2.962209691759198904e-06 4.339646238804562017e-06 3.213226818843395449e-06
2.690000000000000000e+04 3.239917532482650131e-06 4.531716967903776094e-06 2.944424295492353849e-06 4.396144504426047206e-06 3.193802513123955578e-06 3.239917532482650131e-06 4.531716967903776094e-06 2.944424295492353849e-06 4.396144504426047206e-06 3.193802513123955578e-06
2.700000000000000000e+04 3.206263500032946467e-06 4.528219960775459185e-06 2.929624542957753874e-06 4.513516159931896254e-06 3.206574547220952809e-06 3.206263500032946467e-06 4.528219960775459185e-06 2.929624542957753874e-06 4.513516159931896254e-06 3.206574547220952809e-06
2.710000000000000000e+04 3.194305918441386893e-06 4.523581537796417251e-06 2.915352524723857641e-06 4.331554464442888275e-06 3.232484687032410875e-06 3.194305918441386893e-06 4.523581537796417251e-06 2.915352524723857641e-06 4.331554464442888275e-06 3.232484687032410875e-06
2.720000000000000000e+04 3.173519871779717505e-06 4.487789283302845433e-06 2.904808752646204084e-06 4.716633611678844318e-06 3.253928525737137534e-06 3.173519871779717505e-06 4.487789283302845433e-06 2.904808752646204084e-06 4.716633611678844318e-06 3.253928525737137534e-06
2.730000000000000000e+04 3.157375886075897142e-06 4.447391347639495507e-06 2.888396011258009821e-06 5.700689598597818986e-06 3.270359684393042699e-06 3.157375886075897142e-06 4.447391347639495507e-06 2.888396011258009821e-06 5.700689598597818986e-06 3.270359684393042699e-06
2.740000000000000000e+04 3.188574737578164786e-06 5.128445081936661154e-06 3.083272531512193382e-06 1.170761424873489887e-05 4.858254214923363179e-06 3.188574737578164786e-06 5.128445081936661154e-06 3.083272531512193382e-06 1.170761424873489887e-05 4.858254214923363179e-06
2.750000000000000000e+04 3.137316070933593437e-06 4.345625256974017248e-06 2.850010105248657055e-06 4.613117653207154945e-06 3.118686436209827662e-06 3.137316070933593437e-06 4.345625256974017248e-06 2.850010105248657055e-06 4.613117653207154945e-06 3.118686436209827662e-06
2.760000000000000000e+04 3.160655751344165765e-06 4.447825176612241194e-06 2.880714419006835669e-06 8.961474122770596296e-06 3.417886091483524069e-06 3.160655751344165765e-06 4.447825176612241194e-06 2.880714419006835669e-06 8.961474122770596296e-06 3.417886091483524069e-06
2.770000000000000000e+04 3.086907781835179776e-06 4.278118922229623422e-06 2.803807092277565971e-06 4.268318207323318347e-06 3.049713541258824989e-06 3.086907781835179776e-06 4.278118922229623422e-06 2.803807092277565971e-06 4.268318207323318347e-06 3.049713541258824989e-06
2.780000000000000000e+04 3.066787030547857285e-06 4.241405349603155628e-06 2.782134970402694307e-06 4.103056653548264876e-06 3.050241502933204174e-06 3.066787030547857285e-06 4.241405349603155628e-06 2.782134970402694307e-06 4.103056653548264876e-06 3.050241502933204174e-06
2.790000000000000000e+04 3.046337724299519323e-06 4.212956810079049319e-06 2.764887540251947939e-06 4.045455170853529125e-06 3.017819608430727385e-06 3.046337724299519323e-06 4.212956810079049319e-06 2.764887540251947939e-06 4.045455170853529125e-06 3.017819608430727385e-06
2.800000000000000000e+04 3.060045173697290011e-06 4.229046680848114192e-06 2.785839114949340001e-06 6.821852821303764358e-06 3.219788595743011683e-06 3.060045173697290011e-06 4.229046680848114192e-06 2.785839114949340001e-06 6.821852821303764358e-06 3.219788595743011683e-06
2.810000000000000000e+04 3.049202177862753160e-06 4.725860890175681561e-06 2.892109478125348687e-06 5.452282039186684415e-06 4.021733275294536725e-06 3.049202177862753160e-06 4.725860890175681561e-06 2.892109478125348687e-06 5.452282039186684415e-06 4.021733275294536725e-06
2.820000000000000000e+04 2.998996023961808532e-06 4.149388132645981386e-06 2.729350626395898871e-06 4.643233751266961917e-06 2.995576096509466879e-06 2.998996023961808532e-06 4.149388132645981386e-06 2.729350626395898871e-06 4.643233751266961917e-06 2.995576096509466879e-06
2.830000000000000000e+04 2.988869027831242420e-06 4.145420007262146100e-06 2.723430952755734324e-06 6.682566436211345717e-06 3.213366426280117594e-06 2.988869027831242420e-06 4.145420007262146100e-06 2.723430952755734324e-06 6.682566436211345717e-06 3.213366426280117594e-06
2.840000000000000000e+04 2.961821337521541864e-06 4.076418008480686694e-06 2.692767338885460049e-06 4.452051143744029105e-06 3.006541419381392188e-06 2.961821337521541864e-06 4.076418008480686694e-06 2.692767338885460049e-06 4.452051143744029105e-06 3.006541419381392188e-06
2.850000000000000000e+04 2.952941258627106436e-06 4.044125034852186218e-06 2.675353925951640122e-06 4.163114226685138419e-06 2.971274852825445123e-06 2.952941258627106436e-06 4.044125034852186218e-06 2.675353925951640122e-06 4.163114226685138419e-06 2.971274852825445123e-06
2.860000000000000000e+04 2.940235845017014071e-06 4.021717813884606585e-06 2.656446213222807273e-06 3.957613898819545284e-06 2.929007450802600943e-06 2.940235845017014071e-06 4.021717813884606585e-06 2.656446213222807273e-06 3.957613898819545284e-06 2.929007450802600943e-06
2.870000000000000000e+04 2.919363851106027141e-06 3.984327577200019732e-06 2.640927050379104912e-06 3.967702923546312377e-06 2.897507329180371016e-06 2.919363851106027141e-06 3.984327577200019732e-06 2.640927050379104912e-06 3.967702923546312377e-06 2.897507329180371016e-06
2.880000000000000000e+04 2.897832473536254838e-06 3.963105427828850225e-06 2.621732619445538148e-06 3.887505499733379111e-06 2.876626012948690914e-06 2.897832473536254838e-06 3.963105427828850225e-06 2.621732619445538148e-06 3.887505499733379111e-06 2.876626012948690914e-06
2.890000000000000000e+04 2.882896524170064367e-06 3.939455837098648772e-06 2.607383976283017546e-06 3.860288870782824233e-06 2.865026999643305317e-06 2.882896524170064367e-06 3.939455837098648772e-06 2.607383976283017546e-06 3.860288870782824233e-06 2.865026999643305317e-06
2.900000000000000000e+04 2.880295824070344679e-06 3.914685748895863071e-06 2.596040758362505585e-06 4.067596819368191063e-06 2.896349769798689522e-06 2.880295824070344679e-06 3.914685748895863071e-06 2.596040758362505585e-06 4.067596819368191063e-06 2.896349769798689522e-06
2.910000000000000000e+04 2.850845021384884603e-06 3.886399099428672343e-06 2.577639634182560258e-06 3.780400220421142876e-06 2.842674803105182946e-06 2.850845021384884603e-06 3.886399099428672343e-06 2.577639634182560258e-06 3.780400220421142876e-06 2.842674803105182946e-06
2.920000000000000000e+04 2.837117563103674911e-06 3.860781816911185160e-06 2.562847612352925353e-06 3.742763965419726446e-06 2.823659087880514562e-06 2.837117563103674911e-06 3.860781816911185160e-06 2.562847612352925353e-06 3.742763965419726446e-06 2.823659087880514562e-06
2.930000000000000000e+04 2.823423756126430817e-06 3.835969891952117905e-06 2.549600139900576323e-06 3.732874574779998511e-06 2.823695467668585479e-06 2.823423756126430817e-06 3.835969891952117905e-06 2.549600139900576323e-06 3.732874574779998511e-06 2.823695467668585479e-06
2.940000000000000000e+04 2.805659960358752869e-06 3.817108790826750919e-06 2.535577323214965872e-06 3.748184553842293099e-06 2.804621544783003628e-06 2.805659960358752869e-06 3.817108790826750919e-06 2.535577323214965872e-06 3.748184553842293099e-06 2.804621544783003628e-06
2.950000000000000000e+04 2.794573902065167204e-06 3.799716296271071769e-06 2.526013759052148089e-06 4.213434749544830993e-06 2.847745236067567021e-06 2.794573902065167204e-06 3.799716296271071769e-06 2.526013759052148089e-06 4.213434749544830993e-06 2.847745236067567021e-06
2.960000000000000000e+04 2.793317662508343346e-06 3.796675628109369427e-06 2.526403022784506902e-06 5.150274773768614978e-06 2.881404725485481322e-06 2.793317662508343346e-06 3.796675628109369427e-06 2.526403022784506902e-06 5.150274773768614978e-06 2.881404725485481322e-06
2.970000000000000000e+04 2.783266836559050716e-06 3.926462341041769832e-06 2.535629391786642373e-06 3.916877631127135828e-06 3.031660980923334137e-06 2.783266836559050716e-06 3.926462341041769832e-06 2.535629391786642373e-06 3.916877631127135828e-06 3.031660980923334137e-06
2.980000000000000000e+04 2.758173195616109297e-06 3.731711785803781822e-06 2.503177938706357963e-06 4.416860519995680079e-06 2.758676600933540612e-06 2.758173195616109297e-06 3.731711785803781822e-06 2.503177938706357963e-06 4.416860519995680079e-06 2.758676600933540612e-06
2.990000000000000000e+04 2.739322098932461813e-06 3.752301381609868258e-06 2.494370164640713483e-06 5.754947324021486565e-06 2.906623421949916519e-06 2.739322098932461813e-06 3.752301381609868258e-06 2.494370164640713483e-06 5.754947324021486565e-06 2.906623421949916519e-06
3.000000000000000000e+04 2.723112174862762913e-06 3.678129132822505198e-06 2.454361037962371483e-06 3.584046453397604637e-06 2.720769771258346736e-06 2.723112174862762913e-06 3.678129132822505198e-06 2.454361037962371483e-06 3.584046453397604637e-06 2.720769771258346736e-06
