# x
1.804560089111328125e+01 1.119099998474121094e+01
1.747170066833496094e+01 6.625309944152832031e+00
1.951560020446777344e+01 1.015900039672851562e+01
2.025169944763183594e+01 2.845669984817504883e+00
3.528340148925781250e+01 1.217290019989013672e+01
1.811960029602050781e+01 6.304890155792236328e+00
1.947349929809570312e+01 1.525429964065551758e+00
3.794150161743164062e+01 1.000000000000000000e+00
1.977949905395507812e+01 4.443689823150634766e+00
2.601989936828613281e+01 1.136590003967285156e+01
1.666950035095214844e+01 1.253349971771240234e+01
1.950429916381835938e+01 7.605710029602050781e+00
2.100279998779296875e+01 9.657460212707519531e+00
2.738629913330078125e+01 1.419379997253417969e+01
2.234980010986328125e+01 4.499899864196777344e+00
3.011739921569824219e+01 2.577460050582885742e+00
3.031130027770996094e+01 2.966330051422119141e+00
2.220260047912597656e+01 6.408720016479492188e+00
1.784869956970214844e+01 3.983700037002563477e+00
1.690189933776855469e+01 6.935279846191406250e+00
3.773569869995117188e+01 4.074779987335205078e+00
2.448229980468750000e+01 1.450179958343505859e+01
3.222930145263671875e+01 5.863659858703613281e+00
3.914530181884765625e+01 7.767660140991210938e+00
3.577080154418945312e+01 1.212849998474121094e+01
2.050709915161132812e+01 4.515490055084228516e+00
4.000000000000000000e+01 1.500000000000000000e+01
1.623609924316406250e+01 7.685379981994628906e+00
3.179030036926269531e+01 1.271609973907470703e+01
2.486490058898925781e+01 2.031150102615356445e+00
2.611079978942871094e+01 5.332159996032714844e+00
1.959980010986328125e+01 1.123169994354248047e+01
2.037109947204589844e+01 1.160589981079101562e+01
1.669109916687011719e+01 6.532110214233398438e+00
2.188500022888183594e+01 6.628570079803466797e+00
3.170800018310546875e+01 1.079899978637695312e+01
1.917200088500976562e+01 1.050819969177246094e+01
3.650070190429687500e+01 5.149569988250732422e+00
1.715119934082031250e+01 7.686319828033447266e+00
1.605599975585937500e+01 6.433119773864746094e+00
1.728479957580566406e+01 3.200220108032226562e+00
3.560160064697265625e+01 5.091919898986816406e+00
2.526919937133789062e+01 9.040419578552246094e+00
1.689599990844726562e+01 1.309850025177001953e+01
3.561999893188476562e+01 1.401749992370605469e+01
2.405690002441406250e+01 4.811920166015625000e+00
1.681060028076171875e+01 8.344929695129394531e+00
3.778580093383789062e+01 1.297309970855712891e+01
2.872039985656738281e+01 1.385249996185302734e+01
1.963059997558593750e+01 7.214469909667968750e+00
2.888929939270019531e+01 1.273470020294189453e+01
2.965749931335449219e+01 1.313049983978271484e+01
3.188619995117187500e+01 1.347609996795654297e+01
2.218379974365234375e+01 1.165390014648437500e+01
1.995509910583496094e+01 1.015909957885742188e+01
2.236219978332519531e+01 8.281299591064453125e+00
3.055730056762695312e+01 9.521260261535644531e+00
1.887999916076660156e+01 8.030890464782714844e+00
1.871660041809082031e+01 5.180819988250732422e+00
1.933289909362792969e+01 1.170969963073730469e+01
1.620089912414550781e+01 7.291850090026855469e+00
2.172750091552734375e+01 5.258820056915283203e+00
2.206500053405761719e+01 9.768610000610351562e+00
2.573559951782226562e+01 1.048859977722167969e+01
1.688529968261718750e+01 9.133299827575683594e+00
3.958269882202148438e+01 9.123959541320800781e+00
2.352779960632324219e+01 2.591029882431030273e+00
2.712159919738769531e+01 1.455169963836669922e+01
2.721330070495605469e+01 7.238860130310058594e+00
1.681749916076660156e+01 8.033100128173828125e+00
3.102210044860839844e+01 1.232030010223388672e+01
2.386829948425292969e+01 8.219960212707519531e+00
1.795680046081542969e+01 1.305210018157958984e+01
1.618050003051757812e+01 6.857409954071044922e+00
2.857290077209472656e+01 1.015190029144287109e+01
3.316519927978515625e+01 7.449560165405273438e+00
4.000000000000000000e+01 2.000000000000000000e+00
2.473570060729980469e+01 6.607500076293945312e+00
2.099769973754882812e+01 9.340589523315429688e+00
1.672380065917968750e+01 2.935070037841796875e+00
2.065040016174316406e+01 9.726030349731445312e+00
3.451100158691406250e+01 3.875449895858764648e+00
1.799860000610351562e+01 7.241390228271484375e+00
3.744499969482421875e+01 1.068509960174560547e+01
3.402050018310546875e+01 1.297889995574951172e+01
1.797489929199218750e+01 9.867380142211914062e+00
2.276980018615722656e+01 9.631480216979980469e+00
3.242499923706054688e+01 1.012209987640380859e+01
2.598539924621582031e+01 4.134789943695068359e+00
2.079940032958984375e+01 1.331919956207275391e+01
3.698939895629882812e+01 1.643700003623962402e+00
2.701409912109375000e+01 9.035710334777832031e+00
2.632379913330078125e+01 5.774640083312988281e+00
2.993330001831054688e+01 3.847899913787841797e+00
3.122089958190917969e+01 1.191829967498779297e+01
2.283779907226562500e+01 5.969019889831542969e+00
3.488140106201171875e+01 8.738349914550781250e+00
1.813689994812011719e+01 6.058239936828613281e+00
2.217770004272460938e+01 2.401609897613525391e+00
2.816090011596679688e+01 1.385249996185302734e+01
1.607979965209960938e+01 8.517279624938964844e+00
3.395869827270507812e+01 2.333240032196044922e+00
1.941930007934570312e+01 4.872109889984130859e+00
2.077000045776367188e+01 1.334349989891052246e+00
1.634840011596679688e+01 7.807050228118896484e+00
1.768169975280761719e+01 7.110179901123046875e+00
3.749599838256835938e+01 9.743760108947753906e+00
1.790979957580566406e+01 8.641010284423828125e+00
2.168720054626464844e+01 8.252849578857421875e+00
3.678340148925781250e+01 1.356770038604736328e+01
1.890130043029785156e+01 1.220350027084350586e+00
1.680900001525878906e+01 4.772630214691162109e+00
2.472739982604980469e+01 1.487629985809326172e+01
2.010429954528808594e+01 1.208390045166015625e+01
1.691880035400390625e+01 5.664010047912597656e+00
1.809339904785156250e+01 1.008870029449462891e+01
2.786820030212402344e+01 8.919989585876464844e+00
2.474589920043945312e+01 9.827719688415527344e+00
3.479209899902343750e+01 1.024450016021728516e+01
1.875650024414062500e+01 3.246000051498413086e+00
1.626280021667480469e+01 5.898509979248046875e+00
2.064970016479492188e+01 1.040460014343261719e+01
1.831450080871582031e+01 6.263299942016601562e+00
3.705860137939453125e+01 8.387459754943847656e+00
2.014649963378906250e+01 6.823160171508789062e+00
1.999049949645996094e+01 7.933139801025390625e+00
1.963879966735839844e+01 5.795919895172119141e+00
3.005809974670410156e+01 1.420730018615722656e+01
2.005209922790527344e+01 1.906520009040832520e+00
3.391049957275390625e+01 1.091600036621093750e+01
2.066679954528808594e+01 1.408510017395019531e+01
3.786230087280273438e+01 1.106110000610351562e+01
1.643670082092285156e+01 8.621649742126464844e+00
3.510979843139648438e+01 1.102939987182617188e+01
3.582180023193359375e+01 1.118719959259033203e+01
2.517499923706054688e+01 1.234850025177001953e+01
1.802350044250488281e+01 7.749090194702148438e+00
1.616270065307617188e+01 2.669919967651367188e+00
2.446689987182617188e+01 1.136009979248046875e+01
1.674020004272460938e+01 9.848569869995117188e+00
1.634779930114746094e+01 2.412750005722045898e+00
1.781229972839355469e+01 1.822540044784545898e+00
3.916529846191406250e+01 1.074790000915527344e+01
2.706389999389648438e+01 8.586500167846679688e+00
1.649279975891113281e+01 1.505480051040649414e+00
3.874800109863281250e+01 1.087189960479736328e+01
2.675790023803710938e+01 1.172669982910156250e+01
3.703850173950195312e+01 7.907189846038818359e+00
2.168090057373046875e+01 1.409360027313232422e+01
2.157799911499023438e+01 4.883259773254394531e+00
3.490900039672851562e+01 4.130280017852783203e+00
3.297760009765625000e+01 9.323730468750000000e+00
2.508390045166015625e+01 5.072040081024169922e+00
2.602319908142089844e+01 6.087049961090087891e+00
3.370019912719726562e+01 5.428609848022460938e+00
2.619840049743652344e+01 4.577270030975341797e+00
3.246070098876953125e+01 2.373939990997314453e+00
1.714010047912597656e+01 4.782040119171142578e+00
2.849290084838867188e+01 5.943550109863281250e+00
2.404050064086914062e+01 1.004409980773925781e+01
2.080209922790527344e+01 1.982519984245300293e+00
2.996920013427734375e+01 1.152550029754638672e+01
1.717429924011230469e+01 6.526440143585205078e+00
1.777039909362792969e+01 1.145950031280517578e+01
2.755120086669921875e+01 6.370520114898681641e+00
3.363800048828125000e+01 2.722110033035278320e+00
2.176689910888671875e+01 5.601260185241699219e+00
2.687649917602539062e+01 1.417710018157958984e+01
1.646059989929199219e+01 7.928730010986328125e+00
3.227669906616210938e+01 3.644390106201171875e+00
2.373329925537109375e+01 1.498630046844482422e+00
2.576259994506835938e+01 6.867619991302490234e+00
3.742689895629882812e+01 1.500000000000000000e+00
3.170439910888671875e+01 1.191520023345947266e+01
1.869449996948242188e+01 1.338869953155517578e+01
3.160420036315917969e+01 1.636899948120117188e+00
2.144930076599121094e+01 5.821109771728515625e+00
3.783679962158203125e+01 1.153180027008056641e+01
3.539599990844726562e+01 2.065140008926391602e+00
1.672080039978027344e+01 2.416749954223632812e+00
1.925930023193359375e+01 4.118919849395751953e+00
2.716090011596679688e+01 1.308670043945312500e+01
2.664019966125488281e+01 8.475370407104492188e+00
2.418530082702636719e+01 1.168760013580322266e+01
2.658309936523437500e+01 1.071090030670166016e+01
2.782699966430664062e+01 2.936990022659301758e+00
2.164730072021484375e+01 7.784709930419921875e+00
4.000000000000000000e+01 1.400000000000000000e+01
2.469580078125000000e+01 6.139349937438964844e+00
3.594829940795898438e+01 3.607350111007690430e+00
1.877289962768554688e+01 6.529739856719970703e+00
2.140990066528320312e+01 5.478670120239257812e+00
3.515250015258789062e+01 3.097709894180297852e+00
2.378849983215332031e+01 7.283669948577880859e+00
3.662919998168945312e+01 2.431090116500854492e+00
2.033709907531738281e+01 7.532400131225585938e+00
1.826210021972656250e+01 7.549439907073974609e+00
2.307780075073242188e+01 2.527889966964721680e+00
3.066419982910156250e+01 4.670479774475097656e+00
1.818540000915527344e+01 1.826529979705810547e+00
1.850720024108886719e+01 1.251519966125488281e+01
1.773310089111328125e+01 8.311610221862792969e+00
3.138629913330078125e+01 8.323699951171875000e+00
3.897069931030273438e+01 1.500000000000000000e+00
1.959819984436035156e+01 9.926130294799804688e+00
2.653669929504394531e+01 6.217110157012939453e+00
2.063220024108886719e+01 1.148960018157958984e+01
2.465950012207031250e+01 3.123549938201904297e+00
1.932810020446777344e+01 6.480869770050048828e+00
3.390390014648437500e+01 1.338420009613037109e+01
3.603739929199218750e+01 1.287389993667602539e+00
1.723889923095703125e+01 1.513460040092468262e+00
1.808390045166015625e+01 1.047999954223632812e+01
1.740200042724609375e+01 1.492059993743896484e+01
3.510049819946289062e+01 5.289090156555175781e+00
3.016810035705566406e+01 1.112349987030029297e+01
2.305170059204101562e+01 1.029260039329528809e+00
2.062999916076660156e+01 8.458559989929199219e+00
1.613949966430664062e+01 5.047210216522216797e+00
2.685040092468261719e+01 2.054490089416503906e+00
3.825410079956054688e+01 1.190779972076416016e+01
1.611090087890625000e+01 5.793859958648681641e+00
1.729059982299804688e+01 4.236879825592041016e+00
3.747600173950195312e+01 8.263500213623046875e+00
3.005509948730468750e+01 1.232649993896484375e+01
1.642090034484863281e+01 8.208749771118164062e+00
1.770660018920898438e+01 7.617879867553710938e+00
2.169510078430175781e+01 1.092220020294189453e+01
3.656100082397460938e+01 6.590360164642333984e+00
1.875880050659179688e+01 2.135610103607177734e+00
1.736339950561523438e+01 9.543609619140625000e+00
2.927989959716796875e+01 1.385249996185302734e+01
2.007839965820312500e+01 1.295940017700195312e+01
2.099259948730468750e+01 9.023719787597656250e+00
2.703949928283691406e+01 1.139920043945312500e+01
3.186380004882812500e+01 5.452370166778564453e+00
2.905870056152343750e+01 1.158640003204345703e+01
3.325389862060546875e+01 8.924550056457519531e+00
1.935040092468261719e+01 1.062469959259033203e+01
2.485680007934570312e+01 1.337810039520263672e+01
2.987730026245117188e+01 6.758299827575683594e+00
3.113109970092773438e+01 1.492010021209716797e+01
2.550979995727539062e+01 5.956989765167236328e+00
2.487089920043945312e+01 4.629570007324218750e+00
3.634629821777343750e+01 3.862179994583129883e+00
2.077479934692382812e+01 5.918360233306884766e+00
3.788779830932617188e+01 1.059049987792968750e+01
2.261470031738281250e+01 1.715430021286010742e+00
1.834119987487792969e+01 9.390089988708496094e+00
1.836140060424804688e+01 4.770699977874755859e+00
2.270680046081542969e+01 4.622489929199218750e+00
3.028100013732910156e+01 9.920450210571289062e+00
3.016539955139160156e+01 6.339169979095458984e+00
2.109230041503906250e+01 5.698520183563232422e+00
2.801759910583496094e+01 7.572350025177001953e+00
3.236970138549804688e+01 1.347299957275390625e+01
1.933090019226074219e+01 7.806079864501953125e+00
2.256240081787109375e+01 1.486789989471435547e+01
1.924930000305175781e+01 5.795989990234375000e+00
2.591300010681152344e+01 1.270930004119873047e+01
3.958269882202148438e+01 9.623959541320800781e+00
3.132950019836425781e+01 2.066469907760620117e+00
1.857869911193847656e+01 1.413150024414062500e+01
2.638109970092773438e+01 1.218690037727355957e+00
1.919289970397949219e+01 8.558699607849121094e+00
1.872170066833496094e+01 8.958149909973144531e+00
1.659770011901855469e+01 5.701350212097167969e+00
1.736479949951171875e+01 6.978980064392089844e+00
4.000000000000000000e+01 1.450000000000000000e+01
3.562659835815429688e+01 1.248709964752197266e+01
2.390819931030273438e+01 8.688110351562500000e+00
2.330780029296875000e+01 3.997659921646118164e+00
1.696969985961914062e+01 1.044499969482421875e+01
2.611790084838867188e+01 1.624920010566711426e+00
3.464530181884765625e+01 1.410620021820068359e+01
2.135009956359863281e+01 9.272020339965820312e+00
3.073040008544921875e+01 1.384329986572265625e+01
3.624160003662109375e+01 1.008940029144287109e+01
1.658359909057617188e+01 3.705149888992309570e+00
2.262969970703125000e+01 1.029260039329528809e+00
2.300580024719238281e+01 5.373610019683837891e+00
2.624810028076171875e+01 1.171010017395019531e+01
2.295750045776367188e+01 7.373459815979003906e+00
2.100790023803710938e+01 9.974320411682128906e+00
2.136030006408691406e+01 9.905750274658203125e+00
3.955720138549804688e+01 1.409459972381591797e+01
3.573659896850585938e+01 1.361209964752197266e+01
3.342319869995117188e+01 1.096030044555664062e+01
3.845610046386718750e+01 1.500000000000000000e+00
1.801409912109375000e+01 8.816940307617187500e+00
1.656660079956054688e+01 6.107820034027099609e+00
2.878089904785156250e+01 5.524419784545898438e+00
2.254199981689453125e+01 1.122369956970214844e+01
2.311709976196289062e+01 9.246040344238281250e+00
2.073539924621582031e+01 5.575930118560791016e+00
1.974810028076171875e+01 8.509819984436035156e+00
2.729179954528808594e+01 1.032549953460693359e+01
2.845569992065429688e+01 1.421039962768554688e+01
3.207500076293945312e+01 1.311509990692138672e+01
3.743579864501953125e+01 7.302969932556152344e+00
2.581030082702636719e+01 5.644579887390136719e+00
3.253889846801757812e+01 4.507669925689697266e+00
3.699300003051757812e+01 1.478390026092529297e+01
2.488800048828125000e+01 1.026640033721923828e+01
2.538439941406250000e+01 4.759620189666748047e+00
2.012269973754882812e+01 7.361219882965087891e+00
3.371519851684570312e+01 3.365809917449951172e+00
1.657060050964355469e+01 7.045599937438964844e+00
2.149029922485351562e+01 1.371059989929199219e+01
2.205990028381347656e+01 9.451749801635742188e+00
3.152339935302734375e+01 2.455349922180175781e+00
1.912380027770996094e+01 8.935000419616699219e+00
3.100900077819824219e+01 7.932350158691406250e+00
3.501599884033203125e+01 1.446720027923583984e+01
1.784099960327148438e+01 1.379489994049072266e+01
1.800659942626953125e+01 8.453499794006347656e+00
2.002000045776367188e+01 1.258350014686584473e+00
1.636540031433105469e+01 8.075860023498535156e+00
1.880249977111816406e+01 1.173289966583251953e+01
2.984259986877441406e+01 3.007030010223388672e+00
3.430459976196289062e+01 4.779439926147460938e+00
3.410960006713867188e+01 1.158880043029785156e+01
2.441489982604980469e+01 1.968009948730468750e+00
2.606699943542480469e+01 9.711879730224609375e+00
3.916529846191406250e+01 8.747920036315917969e+00
2.686470031738281250e+01 1.038329982757568359e+01
3.207020187377929688e+01 4.548379898071289062e+00
1.984910011291503906e+01 1.183860015869140625e+01
3.273360061645507812e+01 1.491699981689453125e+01
3.868780136108398438e+01 6.931089878082275391e+00
1.741160011291503906e+01 1.212360024452209473e+00
2.027319908142089844e+01 8.225569725036621094e+00
1.674160003662109375e+01 7.465779781341552734e+00
2.028339958190917969e+01 8.859299659729003906e+00
3.499720001220703125e+01 5.741079807281494141e+00
1.636560058593750000e+01 1.312170028686523438e+01
2.197419929504394531e+01 2.058520078659057617e+00
1.786689949035644531e+01 7.087369918823242188e+00
2.375880050659179688e+01 1.037160015106201172e+01
2.114500045776367188e+01 1.372349977493286133e+00
3.518640136718750000e+01 9.617389678955078125e+00
1.636459922790527344e+01 1.384130001068115234e+01
1.877569961547851562e+01 7.854959964752197266e+00
2.065559959411621094e+01 1.004290008544921875e+01
2.071459960937500000e+01 4.262519836425781250e+00
1.940150070190429688e+01 8.910570144653320312e+00
1.766360092163085938e+01 4.240869998931884766e+00
2.252020072937011719e+01 6.188869953155517578e+00
2.262779998779296875e+01 2.464750051498413086e+00
2.390099906921386719e+01 1.081029987335205078e+01
1.612459945678710938e+01 5.634039878845214844e+00
2.744120025634765625e+01 8.977849960327148438e+00
2.465789985656738281e+01 4.187089920043945312e+00
2.942560005187988281e+01 8.347209930419921875e+00
1.734429931640625000e+01 1.032629966735839844e+01
1.877400016784667969e+01 2.697860002517700195e+00
2.022349929809570312e+01 1.601430058479309082e+00
2.178560066223144531e+01 1.029260039329528809e+00
2.210880088806152344e+01 3.120249986648559570e+00
1.772970008850097656e+01 6.388090133666992188e+00
3.602550125122070312e+01 4.251049995422363281e+00
3.737549972534179688e+01 4.862180233001708984e+00
1.816410064697265625e+01 1.341189956665039062e+01
3.734289932250976562e+01 1.256770038604736328e+01
1.899320030212402344e+01 1.485109996795654297e+01
1.698040008544921875e+01 8.986160278320312500e+00
3.329990005493164062e+01 1.383399963378906250e+01
1.601490020751953125e+01 6.912569999694824219e+00
1.881520080566406250e+01 1.027519989013671875e+01
3.695819854736328125e+01 5.986139774322509766e+00
3.958269882202148438e+01 1.062399959564208984e+01
1.781349945068359375e+01 7.264210224151611328e+00
3.650830078125000000e+01 1.181560039520263672e+01
2.512159919738769531e+01 1.302019977569580078e+01
3.340549850463867188e+01 4.721789836883544922e+00
2.563139915466308594e+01 1.303680038452148438e+01
3.829050064086914062e+01 7.535309791564941406e+00
2.626619911193847656e+01 7.915030002593994141e+00
1.898430061340332031e+01 8.206830024719238281e+00
1.663229942321777344e+01 5.208040237426757812e+00
2.481550025939941406e+01 7.543789863586425781e+00
2.009989929199218750e+01 8.425939559936523438e+00
1.698730087280273438e+01 8.674329757690429688e+00
2.709300041198730469e+01 1.072749996185302734e+01
2.811580085754394531e+01 1.694959998130798340e+00
1.943219947814941406e+01 1.372539997100830078e+01
1.678019905090332031e+01 1.384130001068115234e+01
1.779910087585449219e+01 1.113980007171630859e+01
2.737700080871582031e+01 1.242040038108825684e+00
2.268420028686523438e+01 1.166230010986328125e+01
3.561890029907226562e+01 8.425499916076660156e+00
1.926189994812011719e+01 8.182390213012695312e+00
2.587649917602539062e+01 1.341139984130859375e+01
1.734749984741210938e+01 9.021280288696289062e+00
2.204170036315917969e+01 1.121529960632324219e+01
2.758919906616210938e+01 2.507420063018798828e+00
1.728650093078613281e+01 6.648119926452636719e+00
3.747050094604492188e+01 1.021440029144287109e+01
1.703860092163085938e+01 1.208369970321655273e+00
1.736280059814453125e+01 8.357239723205566406e+00
1.804560089111328125e+01 1.119099998474121094e+01
1.747170066833496094e+01 6.625309944152832031e+00
1.951560020446777344e+01 1.015900039672851562e+01
2.025169944763183594e+01 2.845669984817504883e+00
3.528340148925781250e+01 1.217290019989013672e+01
1.811960029602050781e+01 6.304890155792236328e+00
1.947349929809570312e+01 1.525429964065551758e+00
3.794150161743164062e+01 1.000000000000000000e+00
1.977949905395507812e+01 4.443689823150634766e+00
2.601989936828613281e+01 1.136590003967285156e+01
1.666950035095214844e+01 1.253349971771240234e+01
1.950429916381835938e+01 7.605710029602050781e+00
2.100279998779296875e+01 9.657460212707519531e+00
2.738629913330078125e+01 1.419379997253417969e+01
2.234980010986328125e+01 4.499899864196777344e+00
3.011739921569824219e+01 2.577460050582885742e+00
3.031130027770996094e+01 2.966330051422119141e+00
2.220260047912597656e+01 6.408720016479492188e+00
1.784869956970214844e+01 3.983700037002563477e+00
1.690189933776855469e+01 6.935279846191406250e+00
3.773569869995117188e+01 4.074779987335205078e+00
2.448229980468750000e+01 1.450179958343505859e+01
3.222930145263671875e+01 5.863659858703613281e+00
3.914530181884765625e+01 7.767660140991210938e+00
3.577080154418945312e+01 1.212849998474121094e+01
2.050709915161132812e+01 4.515490055084228516e+00
4.000000000000000000e+01 1.500000000000000000e+01
1.623609924316406250e+01 7.685379981994628906e+00
3.179030036926269531e+01 1.271609973907470703e+01
2.486490058898925781e+01 2.031150102615356445e+00
2.611079978942871094e+01 5.332159996032714844e+00
1.959980010986328125e+01 1.123169994354248047e+01
2.037109947204589844e+01 1.160589981079101562e+01
1.669109916687011719e+01 6.532110214233398438e+00
2.188500022888183594e+01 6.628570079803466797e+00
3.170800018310546875e+01 1.079899978637695312e+01
1.917200088500976562e+01 1.050819969177246094e+01
3.650070190429687500e+01 5.149569988250732422e+00
1.715119934082031250e+01 7.686319828033447266e+00
1.605599975585937500e+01 6.433119773864746094e+00
1.728479957580566406e+01 3.200220108032226562e+00
3.560160064697265625e+01 5.091919898986816406e+00
2.526919937133789062e+01 9.040419578552246094e+00
1.689599990844726562e+01 1.309850025177001953e+01
3.561999893188476562e+01 1.401749992370605469e+01
2.405690002441406250e+01 4.811920166015625000e+00
1.681060028076171875e+01 8.344929695129394531e+00
3.778580093383789062e+01 1.297309970855712891e+01
2.872039985656738281e+01 1.385249996185302734e+01
1.963059997558593750e+01 7.214469909667968750e+00
2.888929939270019531e+01 1.273470020294189453e+01
2.965749931335449219e+01 1.313049983978271484e+01
3.188619995117187500e+01 1.347609996795654297e+01
2.218379974365234375e+01 1.165390014648437500e+01
1.995509910583496094e+01 1.015909957885742188e+01
2.236219978332519531e+01 8.281299591064453125e+00
3.055730056762695312e+01 9.521260261535644531e+00
1.887999916076660156e+01 8.030890464782714844e+00
1.871660041809082031e+01 5.180819988250732422e+00
1.933289909362792969e+01 1.170969963073730469e+01
1.620089912414550781e+01 7.291850090026855469e+00
2.172750091552734375e+01 5.258820056915283203e+00
2.206500053405761719e+01 9.768610000610351562e+00
2.573559951782226562e+01 1.048859977722167969e+01
1.688529968261718750e+01 9.133299827575683594e+00
3.958269882202148438e+01 9.123959541320800781e+00
2.352779960632324219e+01 2.591029882431030273e+00
2.712159919738769531e+01 1.455169963836669922e+01
2.721330070495605469e+01 7.238860130310058594e+00
1.681749916076660156e+01 8.033100128173828125e+00
3.102210044860839844e+01 1.232030010223388672e+01
2.386829948425292969e+01 8.219960212707519531e+00
1.795680046081542969e+01 1.305210018157958984e+01
1.618050003051757812e+01 6.857409954071044922e+00
2.857290077209472656e+01 1.015190029144287109e+01
3.316519927978515625e+01 7.449560165405273438e+00
4.000000000000000000e+01 2.000000000000000000e+00
2.473570060729980469e+01 6.607500076293945312e+00
2.099769973754882812e+01 9.340589523315429688e+00
1.672380065917968750e+01 2.935070037841796875e+00
2.065040016174316406e+01 9.726030349731445312e+00
3.451100158691406250e+01 3.875449895858764648e+00
1.799860000610351562e+01 7.241390228271484375e+00
3.744499969482421875e+01 1.068509960174560547e+01
3.402050018310546875e+01 1.297889995574951172e+01
1.797489929199218750e+01 9.867380142211914062e+00
2.276980018615722656e+01 9.631480216979980469e+00
3.242499923706054688e+01 1.012209987640380859e+01
2.598539924621582031e+01 4.134789943695068359e+00
2.079940032958984375e+01 1.331919956207275391e+01
3.698939895629882812e+01 1.643700003623962402e+00
2.701409912109375000e+01 9.035710334777832031e+00
2.632379913330078125e+01 5.774640083312988281e+00
2.993330001831054688e+01 3.847899913787841797e+00
3.122089958190917969e+01 1.191829967498779297e+01
2.283779907226562500e+01 5.969019889831542969e+00
3.488140106201171875e+01 8.738349914550781250e+00
1.813689994812011719e+01 6.058239936828613281e+00
2.217770004272460938e+01 2.401609897613525391e+00
2.816090011596679688e+01 1.385249996185302734e+01
1.607979965209960938e+01 8.517279624938964844e+00
3.395869827270507812e+01 2.333240032196044922e+00
1.941930007934570312e+01 4.872109889984130859e+00
2.077000045776367188e+01 1.334349989891052246e+00
1.634840011596679688e+01 7.807050228118896484e+00
1.768169975280761719e+01 7.110179901123046875e+00
3.749599838256835938e+01 9.743760108947753906e+00
1.790979957580566406e+01 8.641010284423828125e+00
2.168720054626464844e+01 8.252849578857421875e+00
3.678340148925781250e+01 1.356770038604736328e+01
1.890130043029785156e+01 1.220350027084350586e+00
1.680900001525878906e+01 4.772630214691162109e+00
2.472739982604980469e+01 1.487629985809326172e+01
2.010429954528808594e+01 1.208390045166015625e+01
1.691880035400390625e+01 5.664010047912597656e+00
1.809339904785156250e+01 1.008870029449462891e+01
2.786820030212402344e+01 8.919989585876464844e+00
2.474589920043945312e+01 9.827719688415527344e+00
3.479209899902343750e+01 1.024450016021728516e+01
1.875650024414062500e+01 3.246000051498413086e+00
1.626280021667480469e+01 5.898509979248046875e+00
2.064970016479492188e+01 1.040460014343261719e+01
1.831450080871582031e+01 6.263299942016601562e+00
3.705860137939453125e+01 8.387459754943847656e+00
2.014649963378906250e+01 6.823160171508789062e+00
1.999049949645996094e+01 7.933139801025390625e+00
1.963879966735839844e+01 5.795919895172119141e+00
3.005809974670410156e+01 1.420730018615722656e+01
2.005209922790527344e+01 1.906520009040832520e+00
3.391049957275390625e+01 1.091600036621093750e+01
2.066679954528808594e+01 1.408510017395019531e+01
3.786230087280273438e+01 1.106110000610351562e+01
1.643670082092285156e+01 8.621649742126464844e+00
3.510979843139648438e+01 1.102939987182617188e+01
3.582180023193359375e+01 1.118719959259033203e+01
2.517499923706054688e+01 1.234850025177001953e+01
1.802350044250488281e+01 7.749090194702148438e+00
1.616270065307617188e+01 2.669919967651367188e+00
2.446689987182617188e+01 1.136009979248046875e+01
1.674020004272460938e+01 9.848569869995117188e+00
1.634779930114746094e+01 2.412750005722045898e+00
1.781229972839355469e+01 1.822540044784545898e+00
3.916529846191406250e+01 1.074790000915527344e+01
2.706389999389648438e+01 8.586500167846679688e+00
1.649279975891113281e+01 1.505480051040649414e+00
3.874800109863281250e+01 1.087189960479736328e+01
2.675790023803710938e+01 1.172669982910156250e+01
3.703850173950195312e+01 7.907189846038818359e+00
2.168090057373046875e+01 1.409360027313232422e+01
2.157799911499023438e+01 4.883259773254394531e+00
3.490900039672851562e+01 4.130280017852783203e+00
3.297760009765625000e+01 9.323730468750000000e+00
2.508390045166015625e+01 5.072040081024169922e+00
2.602319908142089844e+01 6.087049961090087891e+00
3.370019912719726562e+01 5.428609848022460938e+00
2.619840049743652344e+01 4.577270030975341797e+00
3.246070098876953125e+01 2.373939990997314453e+00
1.714010047912597656e+01 4.782040119171142578e+00
2.849290084838867188e+01 5.943550109863281250e+00
2.404050064086914062e+01 1.004409980773925781e+01
2.080209922790527344e+01 1.982519984245300293e+00
2.996920013427734375e+01 1.152550029754638672e+01
1.717429924011230469e+01 6.526440143585205078e+00
1.777039909362792969e+01 1.145950031280517578e+01
2.755120086669921875e+01 6.370520114898681641e+00
3.363800048828125000e+01 2.722110033035278320e+00
2.176689910888671875e+01 5.601260185241699219e+00
2.687649917602539062e+01 1.417710018157958984e+01
1.646059989929199219e+01 7.928730010986328125e+00
3.227669906616210938e+01 3.644390106201171875e+00
2.373329925537109375e+01 1.498630046844482422e+00
2.576259994506835938e+01 6.867619991302490234e+00
3.742689895629882812e+01 1.500000000000000000e+00
3.170439910888671875e+01 1.191520023345947266e+01
1.869449996948242188e+01 1.338869953155517578e+01
3.160420036315917969e+01 1.636899948120117188e+00
2.144930076599121094e+01 5.821109771728515625e+00
3.783679962158203125e+01 1.153180027008056641e+01
3.539599990844726562e+01 2.065140008926391602e+00
1.672080039978027344e+01 2.416749954223632812e+00
1.925930023193359375e+01 4.118919849395751953e+00
2.716090011596679688e+01 1.308670043945312500e+01
2.664019966125488281e+01 8.475370407104492188e+00
2.418530082702636719e+01 1.168760013580322266e+01
2.658309936523437500e+01 1.071090030670166016e+01
2.782699966430664062e+01 2.936990022659301758e+00
2.164730072021484375e+01 7.784709930419921875e+00
4.000000000000000000e+01 1.400000000000000000e+01
2.469580078125000000e+01 6.139349937438964844e+00
3.594829940795898438e+01 3.607350111007690430e+00
1.877289962768554688e+01 6.529739856719970703e+00
2.140990066528320312e+01 5.478670120239257812e+00
3.515250015258789062e+01 3.097709894180297852e+00
2.378849983215332031e+01 7.283669948577880859e+00
3.662919998168945312e+01 2.431090116500854492e+00
2.033709907531738281e+01 7.532400131225585938e+00
1.826210021972656250e+01 7.549439907073974609e+00
2.307780075073242188e+01 2.527889966964721680e+00
3.066419982910156250e+01 4.670479774475097656e+00
1.818540000915527344e+01 1.826529979705810547e+00
1.850720024108886719e+01 1.251519966125488281e+01
1.773310089111328125e+01 8.311610221862792969e+00
3.138629913330078125e+01 8.323699951171875000e+00
3.897069931030273438e+01 1.500000000000000000e+00
1.959819984436035156e+01 9.926130294799804688e+00
2.653669929504394531e+01 6.217110157012939453e+00
2.063220024108886719e+01 1.148960018157958984e+01
2.465950012207031250e+01 3.123549938201904297e+00
1.932810020446777344e+01 6.480869770050048828e+00
3.390390014648437500e+01 1.338420009613037109e+01
3.603739929199218750e+01 1.287389993667602539e+00
1.723889923095703125e+01 1.513460040092468262e+00
1.808390045166015625e+01 1.047999954223632812e+01
1.740200042724609375e+01 1.492059993743896484e+01
3.510049819946289062e+01 5.289090156555175781e+00
3.016810035705566406e+01 1.112349987030029297e+01
2.305170059204101562e+01 1.029260039329528809e+00
2.062999916076660156e+01 8.458559989929199219e+00
1.613949966430664062e+01 5.047210216522216797e+00
2.685040092468261719e+01 2.054490089416503906e+00
3.825410079956054688e+01 1.190779972076416016e+01
1.611090087890625000e+01 5.793859958648681641e+00
1.729059982299804688e+01 4.236879825592041016e+00
3.747600173950195312e+01 8.263500213623046875e+00
3.005509948730468750e+01 1.232649993896484375e+01
1.642090034484863281e+01 8.208749771118164062e+00
1.770660018920898438e+01 7.617879867553710938e+00
2.169510078430175781e+01 1.092220020294189453e+01
3.656100082397460938e+01 6.590360164642333984e+00
1.875880050659179688e+01 2.135610103607177734e+00
1.736339950561523438e+01 9.543609619140625000e+00
2.927989959716796875e+01 1.385249996185302734e+01
2.007839965820312500e+01 1.295940017700195312e+01
2.099259948730468750e+01 9.023719787597656250e+00
2.703949928283691406e+01 1.139920043945312500e+01
3.186380004882812500e+01 5.452370166778564453e+00
2.905870056152343750e+01 1.158640003204345703e+01
3.325389862060546875e+01 8.924550056457519531e+00
1.935040092468261719e+01 1.062469959259033203e+01
2.485680007934570312e+01 1.337810039520263672e+01
2.987730026245117188e+01 6.758299827575683594e+00
3.113109970092773438e+01 1.492010021209716797e+01
2.550979995727539062e+01 5.956989765167236328e+00
2.487089920043945312e+01 4.629570007324218750e+00
3.634629821777343750e+01 3.862179994583129883e+00
2.077479934692382812e+01 5.918360233306884766e+00
3.788779830932617188e+01 1.059049987792968750e+01
2.261470031738281250e+01 1.715430021286010742e+00
1.834119987487792969e+01 9.390089988708496094e+00
1.836140060424804688e+01 4.770699977874755859e+00
2.270680046081542969e+01 4.622489929199218750e+00
3.028100013732910156e+01 9.920450210571289062e+00
3.016539955139160156e+01 6.339169979095458984e+00
2.109230041503906250e+01 5.698520183563232422e+00
2.801759910583496094e+01 7.572350025177001953e+00
3.236970138549804688e+01 1.347299957275390625e+01
1.933090019226074219e+01 7.806079864501953125e+00
2.256240081787109375e+01 1.486789989471435547e+01
1.924930000305175781e+01 5.795989990234375000e+00
2.591300010681152344e+01 1.270930004119873047e+01
3.958269882202148438e+01 9.623959541320800781e+00
3.132950019836425781e+01 2.066469907760620117e+00
1.857869911193847656e+01 1.413150024414062500e+01
2.638109970092773438e+01 1.218690037727355957e+00
1.919289970397949219e+01 8.558699607849121094e+00
1.872170066833496094e+01 8.958149909973144531e+00
1.659770011901855469e+01 5.701350212097167969e+00
1.736479949951171875e+01 6.978980064392089844e+00
4.000000000000000000e+01 1.450000000000000000e+01
3.562659835815429688e+01 1.248709964752197266e+01
2.390819931030273438e+01 8.688110351562500000e+00
2.330780029296875000e+01 3.997659921646118164e+00
1.696969985961914062e+01 1.044499969482421875e+01
2.611790084838867188e+01 1.624920010566711426e+00
3.464530181884765625e+01 1.410620021820068359e+01
2.135009956359863281e+01 9.272020339965820312e+00
3.073040008544921875e+01 1.384329986572265625e+01
3.624160003662109375e+01 1.008940029144287109e+01
1.658359909057617188e+01 3.705149888992309570e+00
2.262969970703125000e+01 1.029260039329528809e+00
2.300580024719238281e+01 5.373610019683837891e+00
2.624810028076171875e+01 1.171010017395019531e+01
2.295750045776367188e+01 7.373459815979003906e+00
2.100790023803710938e+01 9.974320411682128906e+00
2.136030006408691406e+01 9.905750274658203125e+00
3.955720138549804688e+01 1.409459972381591797e+01
3.573659896850585938e+01 1.361209964752197266e+01
3.342319869995117188e+01 1.096030044555664062e+01
3.845610046386718750e+01 1.500000000000000000e+00
1.801409912109375000e+01 8.816940307617187500e+00
1.656660079956054688e+01 6.107820034027099609e+00
2.878089904785156250e+01 5.524419784545898438e+00
2.254199981689453125e+01 1.122369956970214844e+01
2.311709976196289062e+01 9.246040344238281250e+00
2.073539924621582031e+01 5.575930118560791016e+00
1.974810028076171875e+01 8.509819984436035156e+00
2.729179954528808594e+01 1.032549953460693359e+01
2.845569992065429688e+01 1.421039962768554688e+01
3.207500076293945312e+01 1.311509990692138672e+01
3.743579864501953125e+01 7.302969932556152344e+00
2.581030082702636719e+01 5.644579887390136719e+00
3.253889846801757812e+01 4.507669925689697266e+00
3.699300003051757812e+01 1.478390026092529297e+01
2.488800048828125000e+01 1.026640033721923828e+01
2.538439941406250000e+01 4.759620189666748047e+00
2.012269973754882812e+01 7.361219882965087891e+00
3.371519851684570312e+01 3.365809917449951172e+00
1.657060050964355469e+01 7.045599937438964844e+00
2.149029922485351562e+01 1.371059989929199219e+01
2.205990028381347656e+01 9.451749801635742188e+00
3.152339935302734375e+01 2.455349922180175781e+00
1.912380027770996094e+01 8.935000419616699219e+00
3.100900077819824219e+01 7.932350158691406250e+00
3.501599884033203125e+01 1.446720027923583984e+01
1.784099960327148438e+01 1.379489994049072266e+01
1.800659942626953125e+01 8.453499794006347656e+00
2.002000045776367188e+01 1.258350014686584473e+00
1.636540031433105469e+01 8.075860023498535156e+00
1.880249977111816406e+01 1.173289966583251953e+01
2.984259986877441406e+01 3.007030010223388672e+00
3.430459976196289062e+01 4.779439926147460938e+00
3.410960006713867188e+01 1.158880043029785156e+01
2.441489982604980469e+01 1.968009948730468750e+00
2.606699943542480469e+01 9.711879730224609375e+00
3.916529846191406250e+01 8.747920036315917969e+00
2.686470031738281250e+01 1.038329982757568359e+01
3.207020187377929688e+01 4.548379898071289062e+00
1.984910011291503906e+01 1.183860015869140625e+01
3.273360061645507812e+01 1.491699981689453125e+01
3.868780136108398438e+01 6.931089878082275391e+00
1.741160011291503906e+01 1.212360024452209473e+00
2.027319908142089844e+01 8.225569725036621094e+00
1.674160003662109375e+01 7.465779781341552734e+00
2.028339958190917969e+01 8.859299659729003906e+00
3.499720001220703125e+01 5.741079807281494141e+00
1.636560058593750000e+01 1.312170028686523438e+01
2.197419929504394531e+01 2.058520078659057617e+00
1.786689949035644531e+01 7.087369918823242188e+00
2.375880050659179688e+01 1.037160015106201172e+01
2.114500045776367188e+01 1.372349977493286133e+00
3.518640136718750000e+01 9.617389678955078125e+00
1.636459922790527344e+01 1.384130001068115234e+01
1.877569961547851562e+01 7.854959964752197266e+00
2.065559959411621094e+01 1.004290008544921875e+01
2.071459960937500000e+01 4.262519836425781250e+00
1.940150070190429688e+01 8.910570144653320312e+00
1.766360092163085938e+01 4.240869998931884766e+00
2.252020072937011719e+01 6.188869953155517578e+00
2.262779998779296875e+01 2.464750051498413086e+00
2.390099906921386719e+01 1.081029987335205078e+01
1.612459945678710938e+01 5.634039878845214844e+00
2.744120025634765625e+01 8.977849960327148438e+00
2.465789985656738281e+01 4.187089920043945312e+00
2.942560005187988281e+01 8.347209930419921875e+00
1.734429931640625000e+01 1.032629966735839844e+01
1.877400016784667969e+01 2.697860002517700195e+00
2.022349929809570312e+01 1.601430058479309082e+00
2.178560066223144531e+01 1.029260039329528809e+00
2.210880088806152344e+01 3.120249986648559570e+00
1.772970008850097656e+01 6.388090133666992188e+00
3.602550125122070312e+01 4.251049995422363281e+00
3.737549972534179688e+01 4.862180233001708984e+00
1.816410064697265625e+01 1.341189956665039062e+01
3.734289932250976562e+01 1.256770038604736328e+01
1.899320030212402344e+01 1.485109996795654297e+01
1.698040008544921875e+01 8.986160278320312500e+00
3.329990005493164062e+01 1.383399963378906250e+01
1.601490020751953125e+01 6.912569999694824219e+00
1.881520080566406250e+01 1.027519989013671875e+01
3.695819854736328125e+01 5.986139774322509766e+00
3.958269882202148438e+01 1.062399959564208984e+01
1.781349945068359375e+01 7.264210224151611328e+00
3.650830078125000000e+01 1.181560039520263672e+01
2.512159919738769531e+01 1.302019977569580078e+01
3.340549850463867188e+01 4.721789836883544922e+00
2.563139915466308594e+01 1.303680038452148438e+01
3.829050064086914062e+01 7.535309791564941406e+00
2.626619911193847656e+01 7.915030002593994141e+00
1.898430061340332031e+01 8.206830024719238281e+00
1.663229942321777344e+01 5.208040237426757812e+00
2.481550025939941406e+01 7.543789863586425781e+00
2.009989929199218750e+01 8.425939559936523438e+00
1.698730087280273438e+01 8.674329757690429688e+00
2.709300041198730469e+01 1.072749996185302734e+01
2.811580085754394531e+01 1.694959998130798340e+00
1.943219947814941406e+01 1.372539997100830078e+01
1.678019905090332031e+01 1.384130001068115234e+01
1.779910087585449219e+01 1.113980007171630859e+01
2.737700080871582031e+01 1.242040038108825684e+00
2.268420028686523438e+01 1.166230010986328125e+01
3.561890029907226562e+01 8.425499916076660156e+00
1.926189994812011719e+01 8.182390213012695312e+00
2.587649917602539062e+01 1.341139984130859375e+01
1.734749984741210938e+01 9.021280288696289062e+00
2.204170036315917969e+01 1.121529960632324219e+01
2.758919906616210938e+01 2.507420063018798828e+00
1.728650093078613281e+01 6.648119926452636719e+00
3.747050094604492188e+01 1.021440029144287109e+01
1.703860092163085938e+01 1.208369970321655273e+00
1.736280059814453125e+01 8.357239723205566406e+00
1.804560089111328125e+01 1.119099998474121094e+01
1.747170066833496094e+01 6.625309944152832031e+00
1.951560020446777344e+01 1.015900039672851562e+01
2.025169944763183594e+01 2.845669984817504883e+00
3.528340148925781250e+01 1.217290019989013672e+01
1.811960029602050781e+01 6.304890155792236328e+00
1.947349929809570312e+01 1.525429964065551758e+00
3.794150161743164062e+01 1.000000000000000000e+00
1.977949905395507812e+01 4.443689823150634766e+00
2.601989936828613281e+01 1.136590003967285156e+01
1.666950035095214844e+01 1.253349971771240234e+01
1.950429916381835938e+01 7.605710029602050781e+00
2.100279998779296875e+01 9.657460212707519531e+00
2.738629913330078125e+01 1.419379997253417969e+01
2.234980010986328125e+01 4.499899864196777344e+00
3.011739921569824219e+01 2.577460050582885742e+00
3.031130027770996094e+01 2.966330051422119141e+00
2.220260047912597656e+01 6.408720016479492188e+00
1.784869956970214844e+01 3.983700037002563477e+00
1.690189933776855469e+01 6.935279846191406250e+00
3.773569869995117188e+01 4.074779987335205078e+00
2.448229980468750000e+01 1.450179958343505859e+01
3.222930145263671875e+01 5.863659858703613281e+00
3.914530181884765625e+01 7.767660140991210938e+00
3.577080154418945312e+01 1.212849998474121094e+01
2.050709915161132812e+01 4.515490055084228516e+00
4.000000000000000000e+01 1.500000000000000000e+01
1.623609924316406250e+01 7.685379981994628906e+00
3.179030036926269531e+01 1.271609973907470703e+01
2.486490058898925781e+01 2.031150102615356445e+00
2.611079978942871094e+01 5.332159996032714844e+00
1.959980010986328125e+01 1.123169994354248047e+01
2.037109947204589844e+01 1.160589981079101562e+01
1.669109916687011719e+01 6.532110214233398438e+00
2.188500022888183594e+01 6.628570079803466797e+00
3.170800018310546875e+01 1.079899978637695312e+01
1.917200088500976562e+01 1.050819969177246094e+01
3.650070190429687500e+01 5.149569988250732422e+00
1.715119934082031250e+01 7.686319828033447266e+00
1.605599975585937500e+01 6.433119773864746094e+00
1.728479957580566406e+01 3.200220108032226562e+00
3.560160064697265625e+01 5.091919898986816406e+00
2.526919937133789062e+01 9.040419578552246094e+00
1.689599990844726562e+01 1.309850025177001953e+01
3.561999893188476562e+01 1.401749992370605469e+01
2.405690002441406250e+01 4.811920166015625000e+00
1.681060028076171875e+01 8.344929695129394531e+00
3.778580093383789062e+01 1.297309970855712891e+01
2.872039985656738281e+01 1.385249996185302734e+01
1.963059997558593750e+01 7.214469909667968750e+00
2.888929939270019531e+01 1.273470020294189453e+01
2.965749931335449219e+01 1.313049983978271484e+01
3.188619995117187500e+01 1.347609996795654297e+01
2.218379974365234375e+01 1.165390014648437500e+01
1.995509910583496094e+01 1.015909957885742188e+01
2.236219978332519531e+01 8.281299591064453125e+00
3.055730056762695312e+01 9.521260261535644531e+00
1.887999916076660156e+01 8.030890464782714844e+00
1.871660041809082031e+01 5.180819988250732422e+00
1.933289909362792969e+01 1.170969963073730469e+01
1.620089912414550781e+01 7.291850090026855469e+00
2.172750091552734375e+01 5.258820056915283203e+00
2.206500053405761719e+01 9.768610000610351562e+00
2.573559951782226562e+01 1.048859977722167969e+01
1.688529968261718750e+01 9.133299827575683594e+00
3.958269882202148438e+01 9.123959541320800781e+00
2.352779960632324219e+01 2.591029882431030273e+00
2.712159919738769531e+01 1.455169963836669922e+01
2.721330070495605469e+01 7.238860130310058594e+00
1.681749916076660156e+01 8.033100128173828125e+00
3.102210044860839844e+01 1.232030010223388672e+01
2.386829948425292969e+01 8.219960212707519531e+00
1.795680046081542969e+01 1.305210018157958984e+01
1.618050003051757812e+01 6.857409954071044922e+00
2.857290077209472656e+01 1.015190029144287109e+01
3.316519927978515625e+01 7.449560165405273438e+00
4.000000000000000000e+01 2.000000000000000000e+00
2.473570060729980469e+01 6.607500076293945312e+00
2.099769973754882812e+01 9.340589523315429688e+00
1.672380065917968750e+01 2.935070037841796875e+00
2.065040016174316406e+01 9.726030349731445312e+00
3.451100158691406250e+01 3.875449895858764648e+00
1.799860000610351562e+01 7.241390228271484375e+00
3.744499969482421875e+01 1.068509960174560547e+01
3.402050018310546875e+01 1.297889995574951172e+01
1.797489929199218750e+01 9.867380142211914062e+00
2.276980018615722656e+01 9.631480216979980469e+00
3.242499923706054688e+01 1.012209987640380859e+01
2.598539924621582031e+01 4.134789943695068359e+00
2.079940032958984375e+01 1.331919956207275391e+01
3.698939895629882812e+01 1.643700003623962402e+00
2.701409912109375000e+01 9.035710334777832031e+00
2.632379913330078125e+01 5.774640083312988281e+00
2.993330001831054688e+01 3.847899913787841797e+00
3.122089958190917969e+01 1.191829967498779297e+01
2.283779907226562500e+01 5.969019889831542969e+00
3.488140106201171875e+01 8.738349914550781250e+00
1.813689994812011719e+01 6.058239936828613281e+00
2.217770004272460938e+01 2.401609897613525391e+00
2.816090011596679688e+01 1.385249996185302734e+01
1.607979965209960938e+01 8.517279624938964844e+00
3.395869827270507812e+01 2.333240032196044922e+00
1.941930007934570312e+01 4.872109889984130859e+00
2.077000045776367188e+01 1.334349989891052246e+00
1.634840011596679688e+01 7.807050228118896484e+00
1.768169975280761719e+01 7.110179901123046875e+00
3.749599838256835938e+01 9.743760108947753906e+00
1.790979957580566406e+01 8.641010284423828125e+00
2.168720054626464844e+01 8.252849578857421875e+00
3.678340148925781250e+01 1.356770038604736328e+01
1.890130043029785156e+01 1.220350027084350586e+00
1.680900001525878906e+01 4.772630214691162109e+00
2.472739982604980469e+01 1.487629985809326172e+01
2.010429954528808594e+01 1.208390045166015625e+01
1.691880035400390625e+01 5.664010047912597656e+00
1.809339904785156250e+01 1.008870029449462891e+01
2.786820030212402344e+01 8.919989585876464844e+00
2.474589920043945312e+01 9.827719688415527344e+00
3.479209899902343750e+01 1.024450016021728516e+01
1.875650024414062500e+01 3.246000051498413086e+00
1.626280021667480469e+01 5.898509979248046875e+00
2.064970016479492188e+01 1.040460014343261719e+01
1.831450080871582031e+01 6.263299942016601562e+00
3.705860137939453125e+01 8.387459754943847656e+00
2.014649963378906250e+01 6.823160171508789062e+00
1.999049949645996094e+01 7.933139801025390625e+00
1.963879966735839844e+01 5.795919895172119141e+00
3.005809974670410156e+01 1.420730018615722656e+01
2.005209922790527344e+01 1.906520009040832520e+00
3.391049957275390625e+01 1.091600036621093750e+01
2.066679954528808594e+01 1.408510017395019531e+01
3.786230087280273438e+01 1.106110000610351562e+01
1.643670082092285156e+01 8.621649742126464844e+00
3.510979843139648438e+01 1.102939987182617188e+01
3.582180023193359375e+01 1.118719959259033203e+01
2.517499923706054688e+01 1.234850025177001953e+01
1.802350044250488281e+01 7.749090194702148438e+00
1.616270065307617188e+01 2.669919967651367188e+00
2.446689987182617188e+01 1.136009979248046875e+01
1.674020004272460938e+01 9.848569869995117188e+00
1.634779930114746094e+01 2.412750005722045898e+00
1.781229972839355469e+01 1.822540044784545898e+00
3.916529846191406250e+01 1.074790000915527344e+01
2.706389999389648438e+01 8.586500167846679688e+00
1.649279975891113281e+01 1.505480051040649414e+00
3.874800109863281250e+01 1.087189960479736328e+01
2.675790023803710938e+01 1.172669982910156250e+01
3.703850173950195312e+01 7.907189846038818359e+00
2.168090057373046875e+01 1.409360027313232422e+01
2.157799911499023438e+01 4.883259773254394531e+00
3.490900039672851562e+01 4.130280017852783203e+00
3.297760009765625000e+01 9.323730468750000000e+00
2.508390045166015625e+01 5.072040081024169922e+00
2.602319908142089844e+01 6.087049961090087891e+00
3.370019912719726562e+01 5.428609848022460938e+00
2.619840049743652344e+01 4.577270030975341797e+00
3.246070098876953125e+01 2.373939990997314453e+00
1.714010047912597656e+01 4.782040119171142578e+00
2.849290084838867188e+01 5.943550109863281250e+00
2.404050064086914062e+01 1.004409980773925781e+01
2.080209922790527344e+01 1.982519984245300293e+00
2.996920013427734375e+01 1.152550029754638672e+01
1.717429924011230469e+01 6.526440143585205078e+00
1.777039909362792969e+01 1.145950031280517578e+01
2.755120086669921875e+01 6.370520114898681641e+00
3.363800048828125000e+01 2.722110033035278320e+00
2.176689910888671875e+01 5.601260185241699219e+00
2.687649917602539062e+01 1.417710018157958984e+01
1.646059989929199219e+01 7.928730010986328125e+00
3.227669906616210938e+01 3.644390106201171875e+00
2.373329925537109375e+01 1.498630046844482422e+00
2.576259994506835938e+01 6.867619991302490234e+00
3.742689895629882812e+01 1.500000000000000000e+00
3.170439910888671875e+01 1.191520023345947266e+01
1.869449996948242188e+01 1.338869953155517578e+01
3.160420036315917969e+01 1.636899948120117188e+00
2.144930076599121094e+01 5.821109771728515625e+00
3.783679962158203125e+01 1.153180027008056641e+01
3.539599990844726562e+01 2.065140008926391602e+00
1.672080039978027344e+01 2.416749954223632812e+00
1.925930023193359375e+01 4.118919849395751953e+00
2.716090011596679688e+01 1.308670043945312500e+01
2.664019966125488281e+01 8.475370407104492188e+00
2.418530082702636719e+01 1.168760013580322266e+01
2.658309936523437500e+01 1.071090030670166016e+01
2.782699966430664062e+01 2.936990022659301758e+00
2.164730072021484375e+01 7.784709930419921875e+00
4.000000000000000000e+01 1.400000000000000000e+01
2.469580078125000000e+01 6.139349937438964844e+00
3.594829940795898438e+01 3.607350111007690430e+00
1.877289962768554688e+01 6.529739856719970703e+00
2.140990066528320312e+01 5.478670120239257812e+00
3.515250015258789062e+01 3.097709894180297852e+00
2.378849983215332031e+01 7.283669948577880859e+00
3.662919998168945312e+01 2.431090116500854492e+00
2.033709907531738281e+01 7.532400131225585938e+00
1.826210021972656250e+01 7.549439907073974609e+00
2.307780075073242188e+01 2.527889966964721680e+00
3.066419982910156250e+01 4.670479774475097656e+00
1.818540000915527344e+01 1.826529979705810547e+00
1.850720024108886719e+01 1.251519966125488281e+01
1.773310089111328125e+01 8.311610221862792969e+00
3.138629913330078125e+01 8.323699951171875000e+00
3.897069931030273438e+01 1.500000000000000000e+00
1.959819984436035156e+01 9.926130294799804688e+00
2.653669929504394531e+01 6.217110157012939453e+00
2.063220024108886719e+01 1.148960018157958984e+01
2.465950012207031250e+01 3.123549938201904297e+00
1.932810020446777344e+01 6.480869770050048828e+00
3.390390014648437500e+01 1.338420009613037109e+01
3.603739929199218750e+01 1.287389993667602539e+00
1.723889923095703125e+01 1.513460040092468262e+00
1.808390045166015625e+01 1.047999954223632812e+01
1.740200042724609375e+01 1.492059993743896484e+01
3.510049819946289062e+01 5.289090156555175781e+00
3.016810035705566406e+01 1.112349987030029297e+01
2.305170059204101562e+01 1.029260039329528809e+00
2.062999916076660156e+01 8.458559989929199219e+00
1.613949966430664062e+01 5.047210216522216797e+00
2.685040092468261719e+01 2.054490089416503906e+00
3.825410079956054688e+01 1.190779972076416016e+01
1.611090087890625000e+01 5.793859958648681641e+00
1.729059982299804688e+01 4.236879825592041016e+00
3.747600173950195312e+01 8.263500213623046875e+00
3.005509948730468750e+01 1.232649993896484375e+01
1.642090034484863281e+01 8.208749771118164062e+00
1.770660018920898438e+01 7.617879867553710938e+00
2.169510078430175781e+01 1.092220020294189453e+01
3.656100082397460938e+01 6.590360164642333984e+00
1.875880050659179688e+01 2.135610103607177734e+00
1.736339950561523438e+01 9.543609619140625000e+00
2.927989959716796875e+01 1.385249996185302734e+01
2.007839965820312500e+01 1.295940017700195312e+01
2.099259948730468750e+01 9.023719787597656250e+00
2.703949928283691406e+01 1.139920043945312500e+01
3.186380004882812500e+01 5.452370166778564453e+00
2.905870056152343750e+01 1.158640003204345703e+01
3.325389862060546875e+01 8.924550056457519531e+00
1.935040092468261719e+01 1.062469959259033203e+01
2.485680007934570312e+01 1.337810039520263672e+01
2.987730026245117188e+01 6.758299827575683594e+00
3.113109970092773438e+01 1.492010021209716797e+01
2.550979995727539062e+01 5.956989765167236328e+00
2.487089920043945312e+01 4.629570007324218750e+00
3.634629821777343750e+01 3.862179994583129883e+00
2.077479934692382812e+01 5.918360233306884766e+00
3.788779830932617188e+01 1.059049987792968750e+01
2.261470031738281250e+01 1.715430021286010742e+00
1.834119987487792969e+01 9.390089988708496094e+00
1.836140060424804688e+01 4.770699977874755859e+00
2.270680046081542969e+01 4.622489929199218750e+00
3.028100013732910156e+01 9.920450210571289062e+00
3.016539955139160156e+01 6.339169979095458984e+00
2.109230041503906250e+01 5.698520183563232422e+00
2.801759910583496094e+01 7.572350025177001953e+00
3.236970138549804688e+01 1.347299957275390625e+01
1.933090019226074219e+01 7.806079864501953125e+00
2.256240081787109375e+01 1.486789989471435547e+01
1.924930000305175781e+01 5.795989990234375000e+00
2.591300010681152344e+01 1.270930004119873047e+01
3.958269882202148438e+01 9.623959541320800781e+00
3.132950019836425781e+01 2.066469907760620117e+00
1.857869911193847656e+01 1.413150024414062500e+01
2.638109970092773438e+01 1.218690037727355957e+00
1.919289970397949219e+01 8.558699607849121094e+00
1.872170066833496094e+01 8.958149909973144531e+00
1.659770011901855469e+01 5.701350212097167969e+00
1.736479949951171875e+01 6.978980064392089844e+00
4.000000000000000000e+01 1.450000000000000000e+01
3.562659835815429688e+01 1.248709964752197266e+01
2.390819931030273438e+01 8.688110351562500000e+00
2.330780029296875000e+01 3.997659921646118164e+00
1.696969985961914062e+01 1.044499969482421875e+01
2.611790084838867188e+01 1.624920010566711426e+00
3.464530181884765625e+01 1.410620021820068359e+01
2.135009956359863281e+01 9.272020339965820312e+00
3.073040008544921875e+01 1.384329986572265625e+01
3.624160003662109375e+01 1.008940029144287109e+01
1.658359909057617188e+01 3.705149888992309570e+00
2.262969970703125000e+01 1.029260039329528809e+00
2.300580024719238281e+01 5.373610019683837891e+00
2.624810028076171875e+01 1.171010017395019531e+01
2.295750045776367188e+01 7.373459815979003906e+00
2.100790023803710938e+01 9.974320411682128906e+00
2.136030006408691406e+01 9.905750274658203125e+00
3.955720138549804688e+01 1.409459972381591797e+01
3.573659896850585938e+01 1.361209964752197266e+01
3.342319869995117188e+01 1.096030044555664062e+01
3.845610046386718750e+01 1.500000000000000000e+00
1.801409912109375000e+01 8.816940307617187500e+00
1.656660079956054688e+01 6.107820034027099609e+00
2.878089904785156250e+01 5.524419784545898438e+00
2.254199981689453125e+01 1.122369956970214844e+01
2.311709976196289062e+01 9.246040344238281250e+00
2.073539924621582031e+01 5.575930118560791016e+00
1.974810028076171875e+01 8.509819984436035156e+00
2.729179954528808594e+01 1.032549953460693359e+01
2.845569992065429688e+01 1.421039962768554688e+01
3.207500076293945312e+01 1.311509990692138672e+01
3.743579864501953125e+01 7.302969932556152344e+00
2.581030082702636719e+01 5.644579887390136719e+00
3.253889846801757812e+01 4.507669925689697266e+00
3.699300003051757812e+01 1.478390026092529297e+01
2.488800048828125000e+01 1.026640033721923828e+01
2.538439941406250000e+01 4.759620189666748047e+00
2.012269973754882812e+01 7.361219882965087891e+00
3.371519851684570312e+01 3.365809917449951172e+00
1.657060050964355469e+01 7.045599937438964844e+00
2.149029922485351562e+01 1.371059989929199219e+01
2.205990028381347656e+01 9.451749801635742188e+00
3.152339935302734375e+01 2.455349922180175781e+00
1.912380027770996094e+01 8.935000419616699219e+00
3.100900077819824219e+01 7.932350158691406250e+00
3.501599884033203125e+01 1.446720027923583984e+01
1.784099960327148438e+01 1.379489994049072266e+01
1.800659942626953125e+01 8.453499794006347656e+00
2.002000045776367188e+01 1.258350014686584473e+00
1.636540031433105469e+01 8.075860023498535156e+00
1.880249977111816406e+01 1.173289966583251953e+01
2.984259986877441406e+01 3.007030010223388672e+00
3.430459976196289062e+01 4.779439926147460938e+00
3.410960006713867188e+01 1.158880043029785156e+01
2.441489982604980469e+01 1.968009948730468750e+00
2.606699943542480469e+01 9.711879730224609375e+00
3.916529846191406250e+01 8.747920036315917969e+00
2.686470031738281250e+01 1.038329982757568359e+01
3.207020187377929688e+01 4.548379898071289062e+00
1.984910011291503906e+01 1.183860015869140625e+01
3.273360061645507812e+01 1.491699981689453125e+01
3.868780136108398438e+01 6.931089878082275391e+00
1.741160011291503906e+01 1.212360024452209473e+00
2.027319908142089844e+01 8.225569725036621094e+00
1.674160003662109375e+01 7.465779781341552734e+00
2.028339958190917969e+01 8.859299659729003906e+00
3.499720001220703125e+01 5.741079807281494141e+00
1.636560058593750000e+01 1.312170028686523438e+01
2.197419929504394531e+01 2.058520078659057617e+00
1.786689949035644531e+01 7.087369918823242188e+00
2.375880050659179688e+01 1.037160015106201172e+01
2.114500045776367188e+01 1.372349977493286133e+00
3.518640136718750000e+01 9.617389678955078125e+00
1.636459922790527344e+01 1.384130001068115234e+01
1.877569961547851562e+01 7.854959964752197266e+00
2.065559959411621094e+01 1.004290008544921875e+01
2.071459960937500000e+01 4.262519836425781250e+00
1.940150070190429688e+01 8.910570144653320312e+00
1.766360092163085938e+01 4.240869998931884766e+00
2.252020072937011719e+01 6.188869953155517578e+00
2.262779998779296875e+01 2.464750051498413086e+00
2.390099906921386719e+01 1.081029987335205078e+01
1.612459945678710938e+01 5.634039878845214844e+00
2.744120025634765625e+01 8.977849960327148438e+00
2.465789985656738281e+01 4.187089920043945312e+00
2.942560005187988281e+01 8.347209930419921875e+00
1.734429931640625000e+01 1.032629966735839844e+01
1.877400016784667969e+01 2.697860002517700195e+00
2.022349929809570312e+01 1.601430058479309082e+00
2.178560066223144531e+01 1.029260039329528809e+00
2.210880088806152344e+01 3.120249986648559570e+00
1.772970008850097656e+01 6.388090133666992188e+00
3.602550125122070312e+01 4.251049995422363281e+00
3.737549972534179688e+01 4.862180233001708984e+00
1.816410064697265625e+01 1.341189956665039062e+01
3.734289932250976562e+01 1.256770038604736328e+01
1.899320030212402344e+01 1.485109996795654297e+01
1.698040008544921875e+01 8.986160278320312500e+00
3.329990005493164062e+01 1.383399963378906250e+01
1.601490020751953125e+01 6.912569999694824219e+00
1.881520080566406250e+01 1.027519989013671875e+01
3.695819854736328125e+01 5.986139774322509766e+00
3.958269882202148438e+01 1.062399959564208984e+01
1.781349945068359375e+01 7.264210224151611328e+00
3.650830078125000000e+01 1.181560039520263672e+01
2.512159919738769531e+01 1.302019977569580078e+01
3.340549850463867188e+01 4.721789836883544922e+00
2.563139915466308594e+01 1.303680038452148438e+01
3.829050064086914062e+01 7.535309791564941406e+00
2.626619911193847656e+01 7.915030002593994141e+00
1.898430061340332031e+01 8.206830024719238281e+00
1.663229942321777344e+01 5.208040237426757812e+00
2.481550025939941406e+01 7.543789863586425781e+00
2.009989929199218750e+01 8.425939559936523438e+00
1.698730087280273438e+01 8.674329757690429688e+00
2.709300041198730469e+01 1.072749996185302734e+01
2.811580085754394531e+01 1.694959998130798340e+00
1.943219947814941406e+01 1.372539997100830078e+01
1.678019905090332031e+01 1.384130001068115234e+01
1.779910087585449219e+01 1.113980007171630859e+01
2.737700080871582031e+01 1.242040038108825684e+00
2.268420028686523438e+01 1.166230010986328125e+01
3.561890029907226562e+01 8.425499916076660156e+00
1.926189994812011719e+01 8.182390213012695312e+00
2.587649917602539062e+01 1.341139984130859375e+01
1.734749984741210938e+01 9.021280288696289062e+00
2.204170036315917969e+01 1.121529960632324219e+01
2.758919906616210938e+01 2.507420063018798828e+00
1.728650093078613281e+01 6.648119926452636719e+00
3.747050094604492188e+01 1.021440029144287109e+01
1.703860092163085938e+01 1.208369970321655273e+00
1.736280059814453125e+01 8.357239723205566406e+00
2.100000000000000000e+01 1.500000000000000000e+01
3.500000000000000000e+01 1.000000000000000000e+00
4.000000000000000000e+01 5.500000000000000000e+00
1.600000000000000000e+01 1.050000000000000000e+01
3.050000000000000000e+01 1.500000000000000000e+01
2.550000000000000000e+01 1.000000000000000000e+00
3.025000000000000000e+01 1.000000000000000000e+00
2.575000000000000000e+01 1.500000000000000000e+01
1.600000000000000000e+01 5.750000000000000000e+00
4.000000000000000000e+01 1.025000000000000000e+01
3.975000000000000000e+01 1.000000000000000000e+00
1.625000000000000000e+01 1.500000000000000000e+01
3.525000000000000000e+01 1.500000000000000000e+01
2.075000000000000000e+01 1.000000000000000000e+00
2.312500000000000000e+01 1.000000000000000000e+00
3.287500000000000000e+01 1.500000000000000000e+01
1.600000000000000000e+01 1.287500000000000000e+01
4.000000000000000000e+01 3.125000000000000000e+00
4.000000000000000000e+01 1.262500000000000000e+01
1.600000000000000000e+01 3.375000000000000000e+00
2.337500000000000000e+01 1.500000000000000000e+01
3.262500000000000000e+01 1.000000000000000000e+00
2.787500000000000000e+01 1.000000000000000000e+00
2.812500000000000000e+01 1.500000000000000000e+01
1.600000000000000000e+01 8.125000000000000000e+00
4.000000000000000000e+01 7.875000000000000000e+00
3.737500000000000000e+01 1.000000000000000000e+00
1.862500000000000000e+01 1.500000000000000000e+01
3.762500000000000000e+01 1.500000000000000000e+01
1.837500000000000000e+01 1.000000000000000000e+00
1.956250000000000000e+01 1.000000000000000000e+00
3.643750000000000000e+01 1.500000000000000000e+01
1.743750000000000000e+01 1.500000000000000000e+01
3.856250000000000000e+01 1.000000000000000000e+00
4.000000000000000000e+01 9.062500000000000000e+00
1.600000000000000000e+01 6.937500000000000000e+00
2.693750000000000000e+01 1.500000000000000000e+01
2.906250000000000000e+01 1.000000000000000000e+00
3.381250000000000000e+01 1.000000000000000000e+00
2.218750000000000000e+01 1.500000000000000000e+01
1.600000000000000000e+01 2.187500000000000000e+00
4.000000000000000000e+01 1.381250000000000000e+01
4.000000000000000000e+01 4.312500000000000000e+00
1.600000000000000000e+01 1.168750000000000000e+01
3.168750000000000000e+01 1.500000000000000000e+01
2.431250000000000000e+01 1.000000000000000000e+00
2.193750000000000000e+01 1.000000000000000000e+00
3.406250000000000000e+01 1.500000000000000000e+01
1.600000000000000000e+01 1.406250000000000000e+01
4.000000000000000000e+01 1.937500000000000000e+00
4.000000000000000000e+01 1.143750000000000000e+01
1.600000000000000000e+01 4.562500000000000000e+00
2.456250000000000000e+01 1.500000000000000000e+01
3.143750000000000000e+01 1.000000000000000000e+00
2.668750000000000000e+01 1.000000000000000000e+00
2.931250000000000000e+01 1.500000000000000000e+01
1.600000000000000000e+01 9.312500000000000000e+00
4.000000000000000000e+01 6.687500000000000000e+00
3.618750000000000000e+01 1.000000000000000000e+00
1.981250000000000000e+01 1.500000000000000000e+01
3.881250000000000000e+01 1.500000000000000000e+01
1.718750000000000000e+01 1.000000000000000000e+00
1.778125000000000000e+01 1.000000000000000000e+00
3.821875000000000000e+01 1.500000000000000000e+01
1.921875000000000000e+01 1.500000000000000000e+01
3.678125000000000000e+01 1.000000000000000000e+00
4.000000000000000000e+01 7.281250000000000000e+00
1.600000000000000000e+01 8.718750000000000000e+00
2.871875000000000000e+01 1.500000000000000000e+01
2.728125000000000000e+01 1.000000000000000000e+00
3.203125000000000000e+01 1.000000000000000000e+00
2.396875000000000000e+01 1.500000000000000000e+01
1.600000000000000000e+01 3.968750000000000000e+00
4.000000000000000000e+01 1.203125000000000000e+01
4.000000000000000000e+01 2.531250000000000000e+00
1.600000000000000000e+01 1.346875000000000000e+01
3.346875000000000000e+01 1.500000000000000000e+01
2.253125000000000000e+01 1.000000000000000000e+00
2.490625000000000000e+01 1.000000000000000000e+00
3.109375000000000000e+01 1.500000000000000000e+01
1.600000000000000000e+01 1.109375000000000000e+01
4.000000000000000000e+01 4.906250000000000000e+00
4.000000000000000000e+01 1.440625000000000000e+01
1.600000000000000000e+01 1.593750000000000000e+00
2.159375000000000000e+01 1.500000000000000000e+01
3.440625000000000000e+01 1.000000000000000000e+00
2.965625000000000000e+01 1.000000000000000000e+00
2.634375000000000000e+01 1.500000000000000000e+01
1.600000000000000000e+01 6.343750000000000000e+00
4.000000000000000000e+01 9.656250000000000000e+00
3.915625000000000000e+01 1.000000000000000000e+00
1.684375000000000000e+01 1.500000000000000000e+01
3.584375000000000000e+01 1.500000000000000000e+01
2.015625000000000000e+01 1.000000000000000000e+00
1.896875000000000000e+01 1.000000000000000000e+00
3.703125000000000000e+01 1.500000000000000000e+01
1.803125000000000000e+01 1.500000000000000000e+01
3.796875000000000000e+01 1.000000000000000000e+00
4.000000000000000000e+01 8.468750000000000000e+00
1.600000000000000000e+01 7.531250000000000000e+00
2.753125000000000000e+01 1.500000000000000000e+01
2.846875000000000000e+01 1.000000000000000000e+00
3.321875000000000000e+01 1.000000000000000000e+00
2.278125000000000000e+01 1.500000000000000000e+01
1.600000000000000000e+01 2.781250000000000000e+00
4.000000000000000000e+01 1.321875000000000000e+01
4.000000000000000000e+01 3.718750000000000000e+00
1.600000000000000000e+01 1.228125000000000000e+01
3.228125000000000000e+01 1.500000000000000000e+01
2.371875000000000000e+01 1.000000000000000000e+00
2.134375000000000000e+01 1.000000000000000000e+00
3.465625000000000000e+01 1.500000000000000000e+01
1.600000000000000000e+01 1.465625000000000000e+01
4.000000000000000000e+01 1.343750000000000000e+00
4.000000000000000000e+01 1.084375000000000000e+01
1.600000000000000000e+01 5.156250000000000000e+00
2.515625000000000000e+01 1.500000000000000000e+01
3.084375000000000000e+01 1.000000000000000000e+00
2.609375000000000000e+01 1.000000000000000000e+00
2.990625000000000000e+01 1.500000000000000000e+01
1.600000000000000000e+01 9.906250000000000000e+00
4.000000000000000000e+01 6.093750000000000000e+00
3.559375000000000000e+01 1.000000000000000000e+00
2.040625000000000000e+01 1.500000000000000000e+01
3.940625000000000000e+01 1.500000000000000000e+01
1.659375000000000000e+01 1.000000000000000000e+00
1.689062500000000000e+01 1.000000000000000000e+00
3.910937500000000000e+01 1.500000000000000000e+01
2.010937500000000000e+01 1.500000000000000000e+01
3.589062500000000000e+01 1.000000000000000000e+00
4.000000000000000000e+01 6.390625000000000000e+00
1.600000000000000000e+01 9.609375000000000000e+00
2.960937500000000000e+01 1.500000000000000000e+01
2.639062500000000000e+01 1.000000000000000000e+00
3.114062500000000000e+01 1.000000000000000000e+00
2.485937500000000000e+01 1.500000000000000000e+01
1.600000000000000000e+01 4.859375000000000000e+00
4.000000000000000000e+01 1.114062500000000000e+01
4.000000000000000000e+01 1.640625000000000000e+00
1.600000000000000000e+01 1.435937500000000000e+01
3.435937500000000000e+01 1.500000000000000000e+01
2.164062500000000000e+01 1.000000000000000000e+00
2.401562500000000000e+01 1.000000000000000000e+00
3.198437500000000000e+01 1.500000000000000000e+01
1.600000000000000000e+01 1.198437500000000000e+01
4.000000000000000000e+01 4.015625000000000000e+00
4.000000000000000000e+01 1.351562500000000000e+01
1.600000000000000000e+01 2.484375000000000000e+00
2.248437500000000000e+01 1.500000000000000000e+01
3.351562500000000000e+01 1.000000000000000000e+00
2.876562500000000000e+01 1.000000000000000000e+00
2.723437500000000000e+01 1.500000000000000000e+01
1.600000000000000000e+01 7.234375000000000000e+00
4.000000000000000000e+01 8.765625000000000000e+00
3.826562500000000000e+01 1.000000000000000000e+00
1.773437500000000000e+01 1.500000000000000000e+01
3.673437500000000000e+01 1.500000000000000000e+01
1.926562500000000000e+01 1.000000000000000000e+00
2.045312500000000000e+01 1.000000000000000000e+00
3.554687500000000000e+01 1.500000000000000000e+01
1.654687500000000000e+01 1.500000000000000000e+01
3.945312500000000000e+01 1.000000000000000000e+00
4.000000000000000000e+01 9.953125000000000000e+00
1.600000000000000000e+01 6.046875000000000000e+00
2.604687500000000000e+01 1.500000000000000000e+01
2.995312500000000000e+01 1.000000000000000000e+00
3.470312500000000000e+01 1.000000000000000000e+00
2.129687500000000000e+01 1.500000000000000000e+01
1.600000000000000000e+01 1.296875000000000000e+00
4.000000000000000000e+01 1.470312500000000000e+01
4.000000000000000000e+01 5.203125000000000000e+00
1.600000000000000000e+01 1.079687500000000000e+01
3.079687500000000000e+01 1.500000000000000000e+01
2.520312500000000000e+01 1.000000000000000000e+00
2.282812500000000000e+01 1.000000000000000000e+00
3.317187500000000000e+01 1.500000000000000000e+01
1.600000000000000000e+01 1.317187500000000000e+01
4.000000000000000000e+01 2.828125000000000000e+00
4.000000000000000000e+01 1.232812500000000000e+01
1.600000000000000000e+01 3.671875000000000000e+00
2.367187500000000000e+01 1.500000000000000000e+01
3.232812500000000000e+01 1.000000000000000000e+00
2.757812500000000000e+01 1.000000000000000000e+00
2.842187500000000000e+01 1.500000000000000000e+01
1.600000000000000000e+01 8.421875000000000000e+00
4.000000000000000000e+01 7.578125000000000000e+00
3.707812500000000000e+01 1.000000000000000000e+00
1.892187500000000000e+01 1.500000000000000000e+01
3.792187500000000000e+01 1.500000000000000000e+01
1.807812500000000000e+01 1.000000000000000000e+00
1.748437500000000000e+01 1.000000000000000000e+00
3.851562500000000000e+01 1.500000000000000000e+01
1.951562500000000000e+01 1.500000000000000000e+01
3.648437500000000000e+01 1.000000000000000000e+00
4.000000000000000000e+01 6.984375000000000000e+00
1.600000000000000000e+01 9.015625000000000000e+00
2.901562500000000000e+01 1.500000000000000000e+01
2.698437500000000000e+01 1.000000000000000000e+00
3.173437500000000000e+01 1.000000000000000000e+00
2.426562500000000000e+01 1.500000000000000000e+01
3.400000000000000000e+01 4.500000000000000000e+00
2.200000000000000000e+01 1.150000000000000000e+01
2.500000000000000000e+01 6.250000000000000000e+00
3.700000000000000000e+01 1.325000000000000000e+01
3.100000000000000000e+01 2.750000000000000000e+00
1.900000000000000000e+01 9.750000000000000000e+00
2.050000000000000000e+01 5.375000000000000000e+00
3.250000000000000000e+01 1.237500000000000000e+01
3.850000000000000000e+01 1.875000000000000000e+00
2.650000000000000000e+01 8.875000000000000000e+00
2.350000000000000000e+01 3.625000000000000000e+00
3.550000000000000000e+01 1.062500000000000000e+01
2.950000000000000000e+01 7.125000000000000000e+00
1.750000000000000000e+01 1.412500000000000000e+01
1.825000000000000000e+01 7.562500000000000000e+00
3.025000000000000000e+01 1.456250000000000000e+01
3.625000000000000000e+01 4.062500000000000000e+00
2.425000000000000000e+01 1.106250000000000000e+01
2.725000000000000000e+01 2.312500000000000000e+00
3.925000000000000000e+01 9.312500000000000000e+00
3.325000000000000000e+01 5.812500000000000000e+00
2.125000000000000000e+01 1.281250000000000000e+01
1.975000000000000000e+01 3.187500000000000000e+00
3.175000000000000000e+01 1.018750000000000000e+01
3.775000000000000000e+01 6.687500000000000000e+00
2.575000000000000000e+01 1.368750000000000000e+01
2.275000000000000000e+01 4.937500000000000000e+00
3.475000000000000000e+01 1.193750000000000000e+01
2.875000000000000000e+01 1.437500000000000000e+00
1.675000000000000000e+01 8.437500000000000000e+00
1.712500000000000000e+01 4.718750000000000000e+00
2.912500000000000000e+01 1.171875000000000000e+01
3.512500000000000000e+01 1.218750000000000000e+00
2.312500000000000000e+01 8.218750000000000000e+00
2.612500000000000000e+01 2.968750000000000000e+00
3.812500000000000000e+01 9.968750000000000000e+00
3.212500000000000000e+01 6.468750000000000000e+00
2.012500000000000000e+01 1.346875000000000000e+01
2.162500000000000000e+01 2.093750000000000000e+00
3.362500000000000000e+01 9.093750000000000000e+00
3.962500000000000000e+01 5.593750000000000000e+00
2.762500000000000000e+01 1.259375000000000000e+01
2.462500000000000000e+01 7.343750000000000000e+00
3.662500000000000000e+01 1.434375000000000000e+01
3.062500000000000000e+01 3.843750000000000000e+00
1.862500000000000000e+01 1.084375000000000000e+01
1.787500000000000000e+01 4.281250000000000000e+00
2.987500000000000000e+01 1.128125000000000000e+01
3.587500000000000000e+01 7.781250000000000000e+00
2.387500000000000000e+01 1.478125000000000000e+01
2.687500000000000000e+01 6.031250000000000000e+00
3.887500000000000000e+01 1.303125000000000000e+01
3.287500000000000000e+01 2.531250000000000000e+00
2.087500000000000000e+01 9.531250000000000000e+00
1.937500000000000000e+01 6.906250000000000000e+00
3.137500000000000000e+01 1.390625000000000000e+01
3.737500000000000000e+01 3.406250000000000000e+00
2.537500000000000000e+01 1.040625000000000000e+01
2.237500000000000000e+01 1.656250000000000000e+00
3.437500000000000000e+01 8.656250000000000000e+00
2.837500000000000000e+01 5.156250000000000000e+00
1.637500000000000000e+01 1.215625000000000000e+01
1.656250000000000000e+01 6.578125000000000000e+00
2.856250000000000000e+01 1.357812500000000000e+01
3.456250000000000000e+01 3.078125000000000000e+00
2.256250000000000000e+01 1.007812500000000000e+01
2.556250000000000000e+01 1.328125000000000000e+00
3.756250000000000000e+01 8.328125000000000000e+00
3.156250000000000000e+01 4.828125000000000000e+00
1.956250000000000000e+01 1.182812500000000000e+01
2.106250000000000000e+01 3.953125000000000000e+00
3.306250000000000000e+01 1.095312500000000000e+01
3.906250000000000000e+01 7.453125000000000000e+00
2.706250000000000000e+01 1.445312500000000000e+01
2.406250000000000000e+01 5.703125000000000000e+00
3.606250000000000000e+01 1.270312500000000000e+01
3.006250000000000000e+01 2.203125000000000000e+00
1.806250000000000000e+01 9.203125000000000000e+00
1.881250000000000000e+01 2.640625000000000000e+00
3.081250000000000000e+01 9.640625000000000000e+00
3.681250000000000000e+01 6.140625000000000000e+00
2.481250000000000000e+01 1.314062500000000000e+01
2.781250000000000000e+01 7.890625000000000000e+00
3.981250000000000000e+01 1.489062500000000000e+01
3.381250000000000000e+01 4.390625000000000000e+00
2.181250000000000000e+01 1.139062500000000000e+01
2.031250000000000000e+01 5.265625000000000000e+00
3.231250000000000000e+01 1.226562500000000000e+01
3.831250000000000000e+01 1.765625000000000000e+00
2.631250000000000000e+01 8.765625000000000000e+00
2.331250000000000000e+01 3.515625000000000000e+00
3.531250000000000000e+01 1.051562500000000000e+01
2.931250000000000000e+01 7.015625000000000000e+00
1.731250000000000000e+01 1.401562500000000000e+01
1.693750000000000000e+01 2.859375000000000000e+00
2.893750000000000000e+01 9.859375000000000000e+00
3.493750000000000000e+01 6.359375000000000000e+00
2.293750000000000000e+01 1.335937500000000000e+01
2.593750000000000000e+01 4.609375000000000000e+00
3.793750000000000000e+01 1.160937500000000000e+01
3.193750000000000000e+01 1.109375000000000000e+00
1.993750000000000000e+01 8.109375000000000000e+00
2.143750000000000000e+01 7.234375000000000000e+00
3.343750000000000000e+01 1.423437500000000000e+01
3.943750000000000000e+01 3.734375000000000000e+00
2.743750000000000000e+01 1.073437500000000000e+01
2.443750000000000000e+01 1.984375000000000000e+00
3.643750000000000000e+01 8.984375000000000000e+00
3.043750000000000000e+01 5.484375000000000000e+00
1.843750000000000000e+01 1.248437500000000000e+01
1.768750000000000000e+01 5.921875000000000000e+00
2.968750000000000000e+01 1.292187500000000000e+01
3.568750000000000000e+01 2.421875000000000000e+00
2.368750000000000000e+01 9.421875000000000000e+00
2.668750000000000000e+01 4.171875000000000000e+00
3.868750000000000000e+01 1.117187500000000000e+01
3.268750000000000000e+01 7.671875000000000000e+00
2.068750000000000000e+01 1.467187500000000000e+01
1.918750000000000000e+01 1.546875000000000000e+00
3.118750000000000000e+01 8.546875000000000000e+00
3.718750000000000000e+01 5.046875000000000000e+00
2.518750000000000000e+01 1.204687500000000000e+01
2.218750000000000000e+01 6.796875000000000000e+00
3.418750000000000000e+01 1.379687500000000000e+01
2.818750000000000000e+01 3.296875000000000000e+00
1.618750000000000000e+01 1.029687500000000000e+01
1.628125000000000000e+01 5.648437500000000000e+00
2.828125000000000000e+01 1.264843750000000000e+01
3.428125000000000000e+01 2.148437500000000000e+00
2.228125000000000000e+01 9.148437500000000000e+00
2.528125000000000000e+01 3.898437500000000000e+00
3.728125000000000000e+01 1.089843750000000000e+01
3.128125000000000000e+01 7.398437500000000000e+00
1.928125000000000000e+01 1.439843750000000000e+01
2.078125000000000000e+01 1.273437500000000000e+00
3.278125000000000000e+01 8.273437500000000000e+00
3.878125000000000000e+01 4.773437500000000000e+00
2.678125000000000000e+01 1.177343750000000000e+01
2.378125000000000000e+01 6.523437500000000000e+00
3.578125000000000000e+01 1.352343750000000000e+01
2.978125000000000000e+01 3.023437500000000000e+00
1.778125000000000000e+01 1.002343750000000000e+01
1.853125000000000000e+01 3.460937500000000000e+00
3.053125000000000000e+01 1.046093750000000000e+01
3.653125000000000000e+01 6.960937500000000000e+00
2.453125000000000000e+01 1.396093750000000000e+01
2.753125000000000000e+01 5.210937500000000000e+00
3.953125000000000000e+01 1.221093750000000000e+01
3.353125000000000000e+01 1.710937500000000000e+00
2.153125000000000000e+01 8.710937500000000000e+00
2.003125000000000000e+01 7.835937500000000000e+00
3.203125000000000000e+01 1.483593750000000000e+01
3.803125000000000000e+01 4.335937500000000000e+00
2.603125000000000000e+01 1.133593750000000000e+01
2.303125000000000000e+01 2.585937500000000000e+00
3.503125000000000000e+01 9.585937500000000000e+00
2.903125000000000000e+01 6.085937500000000000e+00
1.703125000000000000e+01 1.308593750000000000e+01
1.740625000000000000e+01 1.929687500000000000e+00
2.940625000000000000e+01 8.929687500000000000e+00
3.540625000000000000e+01 5.429687500000000000e+00
2.340625000000000000e+01 1.242968750000000000e+01
2.640625000000000000e+01 7.179687500000000000e+00
3.840625000000000000e+01 1.417968750000000000e+01
3.240625000000000000e+01 3.679687500000000000e+00
2.040625000000000000e+01 1.067968750000000000e+01
2.190625000000000000e+01 4.554687500000000000e+00
3.390625000000000000e+01 1.155468750000000000e+01
3.990625000000000000e+01 1.054687500000000000e+00
2.790625000000000000e+01 8.054687500000000000e+00
2.490625000000000000e+01 2.804687500000000000e+00
3.690625000000000000e+01 9.804687500000000000e+00
3.090625000000000000e+01 6.304687500000000000e+00
1.890625000000000000e+01 1.330468750000000000e+01
1.815625000000000000e+01 6.742187500000000000e+00
3.015625000000000000e+01 1.374218750000000000e+01
3.615625000000000000e+01 3.242187500000000000e+00
2.415625000000000000e+01 1.024218750000000000e+01
2.715625000000000000e+01 1.492187500000000000e+00
3.915625000000000000e+01 8.492187500000000000e+00
3.315625000000000000e+01 4.992187500000000000e+00
2.115625000000000000e+01 1.199218750000000000e+01
1.965625000000000000e+01 4.117187500000000000e+00
3.165625000000000000e+01 1.111718750000000000e+01
3.765625000000000000e+01 7.617187500000000000e+00
2.565625000000000000e+01 1.461718750000000000e+01
2.265625000000000000e+01 5.867187500000000000e+00
3.465625000000000000e+01 1.286718750000000000e+01
2.865625000000000000e+01 2.367187500000000000e+00
1.665625000000000000e+01 9.367187500000000000e+00
1.646875000000000000e+01 3.789062500000000000e+00
2.846875000000000000e+01 1.078906250000000000e+01
3.446875000000000000e+01 7.289062500000000000e+00
2.246875000000000000e+01 1.428906250000000000e+01
2.546875000000000000e+01 5.539062500000000000e+00
3.746875000000000000e+01 1.253906250000000000e+01
3.146875000000000000e+01 2.039062500000000000e+00
1.946875000000000000e+01 9.039062500000000000e+00
2.096875000000000000e+01 6.414062500000000000e+00
3.296875000000000000e+01 1.341406250000000000e+01
3.896875000000000000e+01 2.914062500000000000e+00
2.696875000000000000e+01 9.914062500000000000e+00
2.396875000000000000e+01 1.164062500000000000e+00
3.596875000000000000e+01 8.164062500000000000e+00
2.996875000000000000e+01 4.664062500000000000e+00
1.796875000000000000e+01 1.166406250000000000e+01
1.871875000000000000e+01 5.101562500000000000e+00
3.071875000000000000e+01 1.210156250000000000e+01
3.671875000000000000e+01 1.601562500000000000e+00
2.471875000000000000e+01 8.601562500000000000e+00
2.771875000000000000e+01 3.351562500000000000e+00
3.971875000000000000e+01 1.035156250000000000e+01
3.371875000000000000e+01 6.851562500000000000e+00
2.171875000000000000e+01 1.385156250000000000e+01
2.021875000000000000e+01 2.476562500000000000e+00
3.221875000000000000e+01 9.476562500000000000e+00
3.821875000000000000e+01 5.976562500000000000e+00
2.621875000000000000e+01 1.297656250000000000e+01
2.321875000000000000e+01 7.726562500000000000e+00
3.521875000000000000e+01 1.472656250000000000e+01
2.921875000000000000e+01 4.226562500000000000e+00
1.721875000000000000e+01 1.122656250000000000e+01
1.684375000000000000e+01 7.507812500000000000e+00
2.884375000000000000e+01 1.450781250000000000e+01
3.484375000000000000e+01 4.007812500000000000e+00
2.284375000000000000e+01 1.100781250000000000e+01
2.584375000000000000e+01 2.257812500000000000e+00
3.784375000000000000e+01 9.257812500000000000e+00
3.184375000000000000e+01 5.757812500000000000e+00
1.984375000000000000e+01 1.275781250000000000e+01
2.134375000000000000e+01 3.132812500000000000e+00
3.334375000000000000e+01 1.013281250000000000e+01
3.934375000000000000e+01 6.632812500000000000e+00
2.734375000000000000e+01 1.363281250000000000e+01
2.434375000000000000e+01 4.882812500000000000e+00
3.634375000000000000e+01 1.188281250000000000e+01
3.034375000000000000e+01 1.382812500000000000e+00
1.834375000000000000e+01 8.382812500000000000e+00
1.759375000000000000e+01 1.820312500000000000e+00
2.959375000000000000e+01 8.820312500000000000e+00
3.559375000000000000e+01 5.320312500000000000e+00
2.359375000000000000e+01 1.232031250000000000e+01
2.659375000000000000e+01 7.070312500000000000e+00
3.859375000000000000e+01 1.407031250000000000e+01
3.259375000000000000e+01 3.570312500000000000e+00
2.059375000000000000e+01 1.057031250000000000e+01
1.909375000000000000e+01 6.195312500000000000e+00
3.109375000000000000e+01 1.319531250000000000e+01
3.709375000000000000e+01 2.695312500000000000e+00
2.509375000000000000e+01 9.695312500000000000e+00
2.209375000000000000e+01 4.445312500000000000e+00
3.409375000000000000e+01 1.144531250000000000e+01
2.809375000000000000e+01 7.945312500000000000e+00
1.609375000000000000e+01 1.494531250000000000e+01
1.614062500000000000e+01 7.972656250000000000e+00
2.814062500000000000e+01 1.497265625000000000e+01
3.414062500000000000e+01 4.472656250000000000e+00
2.214062500000000000e+01 1.147265625000000000e+01
2.514062500000000000e+01 2.722656250000000000e+00
3.714062500000000000e+01 9.722656250000000000e+00
3.114062500000000000e+01 6.222656250000000000e+00
1.914062500000000000e+01 1.322265625000000000e+01
2.064062500000000000e+01 3.597656250000000000e+00
3.264062500000000000e+01 1.059765625000000000e+01
3.864062500000000000e+01 7.097656250000000000e+00
2.664062500000000000e+01 1.409765625000000000e+01
2.364062500000000000e+01 5.347656250000000000e+00
3.564062500000000000e+01 1.234765625000000000e+01
2.964062500000000000e+01 1.847656250000000000e+00
1.764062500000000000e+01 8.847656250000000000e+00
1.839062500000000000e+01 1.410156250000000000e+00
3.039062500000000000e+01 8.410156250000000000e+00
3.639062500000000000e+01 4.910156250000000000e+00
2.439062500000000000e+01 1.191015625000000000e+01
2.739062500000000000e+01 6.660156250000000000e+00
3.939062500000000000e+01 1.366015625000000000e+01
3.339062500000000000e+01 3.160156250000000000e+00
2.139062500000000000e+01 1.016015625000000000e+01
1.989062500000000000e+01 5.785156250000000000e+00
3.189062500000000000e+01 1.278515625000000000e+01
3.789062500000000000e+01 2.285156250000000000e+00
2.589062500000000000e+01 9.285156250000000000e+00
2.289062500000000000e+01 4.035156250000000000e+00
3.489062500000000000e+01 1.103515625000000000e+01
2.889062500000000000e+01 7.535156250000000000e+00
1.689062500000000000e+01 1.453515625000000000e+01
1.726562500000000000e+01 4.253906250000000000e+00
2.926562500000000000e+01 1.125390625000000000e+01
3.526562500000000000e+01 7.753906250000000000e+00
2.326562500000000000e+01 1.475390625000000000e+01
2.626562500000000000e+01 6.003906250000000000e+00
3.826562500000000000e+01 1.300390625000000000e+01
3.226562500000000000e+01 2.503906250000000000e+00
2.026562500000000000e+01 9.503906250000000000e+00
2.176562500000000000e+01 6.878906250000000000e+00
3.376562500000000000e+01 1.387890625000000000e+01
3.976562500000000000e+01 3.378906250000000000e+00
2.776562500000000000e+01 1.037890625000000000e+01
2.476562500000000000e+01 1.628906250000000000e+00
3.676562500000000000e+01 8.628906250000000000e+00
3.076562500000000000e+01 5.128906250000000000e+00
1.876562500000000000e+01 1.212890625000000000e+01
1.801562500000000000e+01 4.691406250000000000e+00
3.001562500000000000e+01 1.169140625000000000e+01
3.601562500000000000e+01 1.191406250000000000e+00
2.401562500000000000e+01 8.191406250000000000e+00
2.701562500000000000e+01 2.941406250000000000e+00
3.901562500000000000e+01 9.941406250000000000e+00
3.301562500000000000e+01 6.441406250000000000e+00
2.101562500000000000e+01 1.344140625000000000e+01
1.951562500000000000e+01 2.066406250000000000e+00
3.151562500000000000e+01 9.066406250000000000e+00
3.751562500000000000e+01 5.566406250000000000e+00
2.551562500000000000e+01 1.256640625000000000e+01
2.251562500000000000e+01 7.316406250000000000e+00
3.451562500000000000e+01 1.431640625000000000e+01
2.851562500000000000e+01 3.816406250000000000e+00
1.651562500000000000e+01 1.081640625000000000e+01
1.670312500000000000e+01 2.394531250000000000e+00
2.870312500000000000e+01 9.394531250000000000e+00
3.470312500000000000e+01 5.894531250000000000e+00
2.270312500000000000e+01 1.289453125000000000e+01
2.570312500000000000e+01 7.644531250000000000e+00
3.770312500000000000e+01 1.464453125000000000e+01
3.170312500000000000e+01 4.144531250000000000e+00
1.970312500000000000e+01 1.114453125000000000e+01
2.120312500000000000e+01 5.019531250000000000e+00
3.320312500000000000e+01 1.201953125000000000e+01
3.920312500000000000e+01 1.519531250000000000e+00
2.720312500000000000e+01 8.519531250000000000e+00
2.420312500000000000e+01 3.269531250000000000e+00
3.620312500000000000e+01 1.026953125000000000e+01
3.020312500000000000e+01 6.769531250000000000e+00
1.820312500000000000e+01 1.376953125000000000e+01
1.895312500000000000e+01 6.332031250000000000e+00
3.095312500000000000e+01 1.333203125000000000e+01
3.695312500000000000e+01 2.832031250000000000e+00
2.495312500000000000e+01 9.832031250000000000e+00
2.795312500000000000e+01 1.082031250000000000e+00
3.995312500000000000e+01 8.082031250000000000e+00
3.395312500000000000e+01 4.582031250000000000e+00
2.195312500000000000e+01 1.158203125000000000e+01
2.045312500000000000e+01 3.707031250000000000e+00
3.245312500000000000e+01 1.070703125000000000e+01
3.845312500000000000e+01 7.207031250000000000e+00
2.645312500000000000e+01 1.420703125000000000e+01
2.345312500000000000e+01 5.457031250000000000e+00
3.545312500000000000e+01 1.245703125000000000e+01
2.945312500000000000e+01 1.957031250000000000e+00
1.745312500000000000e+01 8.957031250000000000e+00
1.707812500000000000e+01 6.113281250000000000e+00
2.907812500000000000e+01 1.311328125000000000e+01
3.507812500000000000e+01 2.613281250000000000e+00
2.307812500000000000e+01 9.613281250000000000e+00
2.607812500000000000e+01 4.363281250000000000e+00
3.807812500000000000e+01 1.136328125000000000e+01
3.207812500000000000e+01 7.863281250000000000e+00
2.007812500000000000e+01 1.486328125000000000e+01
2.157812500000000000e+01 1.738281250000000000e+00
3.357812500000000000e+01 8.738281250000000000e+00
3.957812500000000000e+01 5.238281250000000000e+00
2.757812500000000000e+01 1.223828125000000000e+01
2.457812500000000000e+01 6.988281250000000000e+00
3.657812500000000000e+01 1.398828125000000000e+01
3.057812500000000000e+01 3.488281250000000000e+00
1.857812500000000000e+01 1.048828125000000000e+01
1.782812500000000000e+01 3.050781250000000000e+00
2.982812500000000000e+01 1.005078125000000000e+01
3.582812500000000000e+01 6.550781250000000000e+00
2.382812500000000000e+01 1.355078125000000000e+01
2.682812500000000000e+01 4.800781250000000000e+00
3.882812500000000000e+01 1.180078125000000000e+01
3.282812500000000000e+01 1.300781250000000000e+00
2.082812500000000000e+01 8.300781250000000000e+00
1.932812500000000000e+01 7.425781250000000000e+00
3.132812500000000000e+01 1.442578125000000000e+01
3.732812500000000000e+01 3.925781250000000000e+00
2.532812500000000000e+01 1.092578125000000000e+01
2.232812500000000000e+01 2.175781250000000000e+00
3.432812500000000000e+01 9.175781250000000000e+00
2.832812500000000000e+01 5.675781250000000000e+00
1.632812500000000000e+01 1.267578125000000000e+01
1.623437500000000000e+01 3.324218750000000000e+00
2.823437500000000000e+01 1.032421875000000000e+01
3.423437500000000000e+01 6.824218750000000000e+00
2.223437500000000000e+01 1.382421875000000000e+01
2.523437500000000000e+01 5.074218750000000000e+00
3.723437500000000000e+01 1.207421875000000000e+01
3.123437500000000000e+01 1.574218750000000000e+00
1.923437500000000000e+01 8.574218750000000000e+00
2.073437500000000000e+01 7.699218750000000000e+00
3.273437500000000000e+01 1.469921875000000000e+01
3.873437500000000000e+01 4.199218750000000000e+00
2.673437500000000000e+01 1.119921875000000000e+01
2.373437500000000000e+01 2.449218750000000000e+00
3.573437500000000000e+01 9.449218750000000000e+00
2.973437500000000000e+01 5.949218750000000000e+00
1.773437500000000000e+01 1.294921875000000000e+01
1.848437500000000000e+01 5.511718750000000000e+00
3.048437500000000000e+01 1.251171875000000000e+01
