# step, loss_train, loss_test, metrics_test
0.000000000000000000e+00 4.787549260072410107e-04 5.791143048554658890e-04 1.784065389074385166e-03 5.637093544006347656e+00 2.712730467319488525e-01 4.787549260072410107e-04 5.791143048554658890e-04 1.784065389074385166e-03 5.637093544006347656e+00 2.712730467319488525e-01
1.000000000000000000e+02 9.308621520176529884e-05 2.929180918727070093e-04 7.041873759590089321e-04 6.470159888267517090e-01 9.317885152995586395e-03 9.308621520176529884e-05 2.929180918727070093e-04 7.041873759590089321e-04 6.470159888267517090e-01 9.317885152995586395e-03
2.000000000000000000e+02 1.642718125367537141e-04 6.314350175671279430e-04 4.605086578521877527e-04 6.324427127838134766e-01 8.025499992072582245e-03 1.642718125367537141e-04 6.314350175671279430e-04 4.605086578521877527e-04 6.324427127838134766e-01 8.025499992072582245e-03
3.000000000000000000e+02 4.463029035832732916e-04 2.093523973599076271e-03 7.692439248785376549e-05 6.097929477691650391e-01 7.030867505818605423e-03 4.463029035832732916e-04 2.093523973599076271e-03 7.692439248785376549e-05 6.097929477691650391e-01 7.030867505818605423e-03
4.000000000000000000e+02 1.020099152810871601e-03 4.963809158653020859e-03 7.603270350955426693e-04 5.706783533096313477e-01 7.036687340587377548e-03 1.020099152810871601e-03 4.963809158653020859e-03 7.603270350955426693e-04 5.706783533096313477e-01 7.036687340587377548e-03
5.000000000000000000e+02 2.119787270203232765e-03 9.031324647367000580e-03 1.277929637581110001e-03 5.134769678115844727e-01 7.043936289846897125e-03 2.119787270203232765e-03 9.031324647367000580e-03 1.277929637581110001e-03 5.134769678115844727e-01 7.043936289846897125e-03
6.000000000000000000e+02 3.035954898223280907e-03 1.266197208315134048e-02 1.854648930020630360e-03 4.438555836677551270e-01 6.504295393824577332e-03 3.035954898223280907e-03 1.266197208315134048e-02 1.854648930020630360e-03 4.438555836677551270e-01 6.504295393824577332e-03
7.000000000000000000e+02 3.261777805164456367e-03 1.291225850582122803e-02 1.536322990432381630e-03 3.904139697551727295e-01 5.940301343798637390e-03 3.261777805164456367e-03 1.291225850582122803e-02 1.536322990432381630e-03 3.904139697551727295e-01 5.940301343798637390e-03
8.000000000000000000e+02 3.751416923478245735e-03 1.227861922234296799e-02 1.582057331688702106e-03 3.423097729682922363e-01 5.824817344546318054e-03 3.751416923478245735e-03 1.227861922234296799e-02 1.582057331688702106e-03 3.423097729682922363e-01 5.824817344546318054e-03
9.000000000000000000e+02 4.807783756405115128e-03 1.068862061947584152e-02 1.257394091226160526e-03 2.687835991382598877e-01 6.424078252166509628e-03 4.807783756405115128e-03 1.068862061947584152e-02 1.257394091226160526e-03 2.687835991382598877e-01 6.424078252166509628e-03
1.000000000000000000e+03 5.044899880886077881e-03 8.832882158458232880e-03 8.976360550150275230e-04 1.778907775878906250e-01 6.809595972299575806e-03 5.044899880886077881e-03 8.832882158458232880e-03 8.976360550150275230e-04 1.778907775878906250e-01 6.809595972299575806e-03
1.100000000000000000e+03 3.915577195584774017e-03 7.471154443919658661e-03 7.824132335372269154e-04 1.146379411220550537e-01 6.304057314991950989e-03 3.915577195584774017e-03 7.471154443919658661e-03 7.824132335372269154e-04 1.146379411220550537e-01 6.304057314991950989e-03
1.200000000000000000e+03 2.890480682253837585e-03 5.761198233813047409e-03 6.782588898204267025e-04 7.089562714099884033e-02 5.735989660024642944e-03 2.890480682253837585e-03 5.761198233813047409e-03 6.782588898204267025e-04 7.089562714099884033e-02 5.735989660024642944e-03
1.300000000000000000e+03 1.926721655763685703e-03 4.960351157933473587e-03 5.862656398676335812e-04 5.063005536794662476e-02 5.192243028432130814e-03 1.926721655763685703e-03 4.960351157933473587e-03 5.862656398676335812e-04 5.063005536794662476e-02 5.192243028432130814e-03
1.400000000000000000e+03 1.474245800636708736e-03 4.420975688844919205e-03 4.799785674549639225e-04 4.230715706944465637e-02 4.757524933665990829e-03 1.474245800636708736e-03 4.420975688844919205e-03 4.799785674549639225e-04 4.230715706944465637e-02 4.757524933665990829e-03
1.500000000000000000e+03 1.241585705429315567e-03 4.134974442422389984e-03 4.385981592349708080e-04 3.385708481073379517e-02 4.376175813376903534e-03 1.241585705429315567e-03 4.134974442422389984e-03 4.385981592349708080e-04 3.385708481073379517e-02 4.376175813376903534e-03
1.600000000000000000e+03 1.101710600778460503e-03 3.777302801609039307e-03 4.190402396488934755e-04 2.975647151470184326e-02 4.085056949406862259e-03 1.101710600778460503e-03 3.777302801609039307e-03 4.190402396488934755e-04 2.975647151470184326e-02 4.085056949406862259e-03
1.700000000000000000e+03 1.020314404740929604e-03 3.566147759556770325e-03 4.165495920460671186e-04 2.755594253540039062e-02 3.816179931163787842e-03 1.020314404740929604e-03 3.566147759556770325e-03 4.165495920460671186e-04 2.755594253540039062e-02 3.816179931163787842e-03
1.800000000000000000e+03 9.623856749385595322e-04 3.555553499609231949e-03 4.179060633759945631e-04 3.158257156610488892e-02 3.621597308665513992e-03 9.623856749385595322e-04 3.555553499609231949e-03 4.179060633759945631e-04 3.158257156610488892e-02 3.621597308665513992e-03
1.900000000000000000e+03 8.999917772598564625e-04 3.051684238016605377e-03 4.230136983096599579e-04 2.591042220592498779e-02 3.423147834837436676e-03 8.999917772598564625e-04 3.051684238016605377e-03 4.230136983096599579e-04 2.591042220592498779e-02 3.423147834837436676e-03
2.000000000000000000e+03 8.664748747833073139e-04 2.895193407312035561e-03 4.226270830258727074e-04 2.464958652853965759e-02 3.264310071244835854e-03 8.664748747833073139e-04 2.895193407312035561e-03 4.226270830258727074e-04 2.464958652853965759e-02 3.264310071244835854e-03
2.100000000000000000e+03 8.262078627012670040e-04 2.881231484934687614e-03 4.167997103650122881e-04 2.210106328129768372e-02 3.143377369269728661e-03 8.262078627012670040e-04 2.881231484934687614e-03 4.167997103650122881e-04 2.210106328129768372e-02 3.143377369269728661e-03
2.200000000000000000e+03 8.064722060225903988e-04 2.635903656482696533e-03 4.115244664717465639e-04 2.207586728036403656e-02 3.010441549122333527e-03 8.064722060225903988e-04 2.635903656482696533e-03 4.115244664717465639e-04 2.207586728036403656e-02 3.010441549122333527e-03
2.300000000000000000e+03 7.813264383003115654e-04 2.546145580708980560e-03 4.023973888251930475e-04 2.022190578281879425e-02 2.905918285250663757e-03 7.813264383003115654e-04 2.546145580708980560e-03 4.023973888251930475e-04 2.022190578281879425e-02 2.905918285250663757e-03
2.400000000000000000e+03 7.632977794855833054e-04 2.554930979385972023e-03 3.938683366868644953e-04 1.992918923497200012e-02 2.816058928146958351e-03 7.632977794855833054e-04 2.554930979385972023e-03 3.938683366868644953e-04 1.992918923497200012e-02 2.816058928146958351e-03
2.500000000000000000e+03 7.458288455381989479e-04 2.404630649834871292e-03 3.846666077151894569e-04 1.815163716673851013e-02 2.712747547775506973e-03 7.458288455381989479e-04 2.404630649834871292e-03 3.846666077151894569e-04 1.815163716673851013e-02 2.712747547775506973e-03
2.600000000000000000e+03 7.357857539318501949e-04 2.282316097989678383e-03 3.784087894018739462e-04 1.713892258703708649e-02 2.619497710838913918e-03 7.357857539318501949e-04 2.282316097989678383e-03 3.784087894018739462e-04 1.713892258703708649e-02 2.619497710838913918e-03
2.700000000000000000e+03 7.241421844810247421e-04 2.159518422558903694e-03 3.725639544427394867e-04 1.739044860005378723e-02 2.527586417272686958e-03 7.241421844810247421e-04 2.159518422558903694e-03 3.725639544427394867e-04 1.739044860005378723e-02 2.527586417272686958e-03
2.800000000000000000e+03 7.175985374487936497e-04 2.156808273866772652e-03 3.714535559993237257e-04 1.570715196430683136e-02 2.448758808895945549e-03 7.175985374487936497e-04 2.156808273866772652e-03 3.714535559993237257e-04 1.570715196430683136e-02 2.448758808895945549e-03
2.900000000000000000e+03 7.082074880599975586e-04 2.064041327685117722e-03 3.673446190077811480e-04 1.472145598381757736e-02 2.354197204113006592e-03 7.082074880599975586e-04 2.064041327685117722e-03 3.673446190077811480e-04 1.472145598381757736e-02 2.354197204113006592e-03
3.000000000000000000e+03 7.020654738880693913e-04 2.032769378274679184e-03 3.661379159893840551e-04 1.486038696020841599e-02 2.280921442434191704e-03 7.020654738880693913e-04 2.032769378274679184e-03 3.661379159893840551e-04 1.486038696020841599e-02 2.280921442434191704e-03
3.100000000000000000e+03 6.938374717719852924e-04 1.909363782033324242e-03 3.573350841179490089e-04 1.320548541843891144e-02 2.181165153160691261e-03 6.938374717719852924e-04 1.909363782033324242e-03 3.573350841179490089e-04 1.320548541843891144e-02 2.181165153160691261e-03
3.200000000000000000e+03 6.932589458301663399e-04 1.838288153521716595e-03 3.470430092420428991e-04 1.334144826978445053e-02 2.081460785120725632e-03 6.932589458301663399e-04 1.838288153521716595e-03 3.470430092420428991e-04 1.334144826978445053e-02 2.081460785120725632e-03
3.300000000000000000e+03 6.798474350944161415e-04 1.793405506759881973e-03 3.387796459719538689e-04 1.197180058807134628e-02 2.001860644668340683e-03 6.798474350944161415e-04 1.793405506759881973e-03 3.387796459719538689e-04 1.197180058807134628e-02 2.001860644668340683e-03
3.400000000000000000e+03 6.863354938104748726e-04 1.854128553532063961e-03 3.414235252421349287e-04 1.376885082572698593e-02 1.947248587384819984e-03 6.863354938104748726e-04 1.854128553532063961e-03 3.414235252421349287e-04 1.376885082572698593e-02 1.947248587384819984e-03
3.500000000000000000e+03 6.703902618028223515e-04 1.712666940875351429e-03 3.174907469656318426e-04 1.028091460466384888e-02 1.837543211877346039e-03 6.703902618028223515e-04 1.712666940875351429e-03 3.174907469656318426e-04 1.028091460466384888e-02 1.837543211877346039e-03
3.600000000000000000e+03 6.714905030094087124e-04 1.670505385845899582e-03 2.998648269567638636e-04 1.048990245908498764e-02 1.741499872878193855e-03 6.714905030094087124e-04 1.670505385845899582e-03 2.998648269567638636e-04 1.048990245908498764e-02 1.741499872878193855e-03
3.700000000000000000e+03 6.623921217396855354e-04 1.638735760934650898e-03 2.880702668335288763e-04 9.123134426772594452e-03 1.670373487286269665e-03 6.623921217396855354e-04 1.638735760934650898e-03 2.880702668335288763e-04 9.123134426772594452e-03 1.670373487286269665e-03
3.800000000000000000e+03 6.655956967733800411e-04 1.660169800743460655e-03 2.871209871955215931e-04 9.513565339148044586e-03 1.624564523808658123e-03 6.655956967733800411e-04 1.660169800743460655e-03 2.871209871955215931e-04 9.513565339148044586e-03 1.624564523808658123e-03
3.900000000000000000e+03 6.502683390863239765e-04 1.600366202183067799e-03 2.620658196974545717e-04 8.059887215495109558e-03 1.528118387795984745e-03 6.502683390863239765e-04 1.600366202183067799e-03 2.620658196974545717e-04 8.059887215495109558e-03 1.528118387795984745e-03
4.000000000000000000e+03 6.492705433629453182e-04 1.583317178301513195e-03 2.473342756275087595e-04 8.091438561677932739e-03 1.457854756154119968e-03 6.492705433629453182e-04 1.583317178301513195e-03 2.473342756275087595e-04 8.091438561677932739e-03 1.457854756154119968e-03
4.100000000000000000e+03 6.518521113321185112e-04 1.575012691318988800e-03 2.376074844505637884e-04 7.007065229117870331e-03 1.390248653478920460e-03 6.518521113321185112e-04 1.575012691318988800e-03 2.376074844505637884e-04 7.007065229117870331e-03 1.390248653478920460e-03
4.200000000000000000e+03 6.439112476073205471e-04 1.556916977278888226e-03 2.291560522280633450e-04 5.957056302577257156e-03 1.336576649919152260e-03 6.439112476073205471e-04 1.556916977278888226e-03 2.291560522280633450e-04 5.957056302577257156e-03 1.336576649919152260e-03
4.300000000000000000e+03 6.378028192557394505e-04 1.555103110149502754e-03 2.218318259110674262e-04 5.493521690368652344e-03 1.289011212065815926e-03 6.378028192557394505e-04 1.555103110149502754e-03 2.218318259110674262e-04 5.493521690368652344e-03 1.289011212065815926e-03
4.400000000000000000e+03 6.828999612480401993e-04 1.677448046393692493e-03 1.990181626752018929e-04 1.306743174791336060e-02 1.213780255056917667e-03 6.828999612480401993e-04 1.677448046393692493e-03 1.990181626752018929e-04 1.306743174791336060e-02 1.213780255056917667e-03
4.500000000000000000e+03 6.251982413232326508e-04 1.528298947960138321e-03 2.039871760644018650e-04 4.642216488718986511e-03 1.191872404888272285e-03 6.251982413232326508e-04 1.528298947960138321e-03 2.039871760644018650e-04 4.642216488718986511e-03 1.191872404888272285e-03
4.600000000000000000e+03 6.207994301803410053e-04 1.541180652566254139e-03 2.023950219154357910e-04 5.348734091967344284e-03 1.167966169305145741e-03 6.207994301803410053e-04 1.541180652566254139e-03 2.023950219154357910e-04 5.348734091967344284e-03 1.167966169305145741e-03
4.700000000000000000e+03 6.299911765381693840e-04 1.520182588137686253e-03 1.817147713154554367e-04 5.332644097506999969e-03 1.085525029338896275e-03 6.299911765381693840e-04 1.520182588137686253e-03 1.817147713154554367e-04 5.332644097506999969e-03 1.085525029338896275e-03
4.800000000000000000e+03 6.524316268041729927e-04 1.564123434945940971e-03 1.741535379551351070e-04 7.551213726401329041e-03 1.043149735778570175e-03 6.524316268041729927e-04 1.564123434945940971e-03 1.741535379551351070e-04 7.551213726401329041e-03 1.043149735778570175e-03
4.900000000000000000e+03 6.033633835613727570e-04 1.485690358094871044e-03 1.814136921893805265e-04 3.613915061578154564e-03 1.040363335050642490e-03 6.033633835613727570e-04 1.485690358094871044e-03 1.814136921893805265e-04 3.613915061578154564e-03 1.040363335050642490e-03
5.000000000000000000e+03 6.043523317202925682e-04 1.457202713936567307e-03 1.736413541948422790e-04 3.048877697438001633e-03 1.000222750008106232e-03 6.043523317202925682e-04 1.457202713936567307e-03 1.736413541948422790e-04 3.048877697438001633e-03 1.000222750008106232e-03
5.100000000000000000e+03 5.973001825623214245e-04 1.447439193725585938e-03 1.719945139484480023e-04 3.055552253499627113e-03 9.741290123201906681e-04 5.973001825623214245e-04 1.447439193725585938e-03 1.719945139484480023e-04 3.055552253499627113e-03 9.741290123201906681e-04
5.200000000000000000e+03 5.942568532191216946e-04 1.429085736162960529e-03 1.681652647675946355e-04 2.893013879656791687e-03 9.477636194787919521e-04 5.942568532191216946e-04 1.429085736162960529e-03 1.681652647675946355e-04 2.893013879656791687e-03 9.477636194787919521e-04
5.300000000000000000e+03 5.950017366558313370e-04 1.406574039719998837e-03 1.601927506271749735e-04 2.607634989544749260e-03 8.990986389108002186e-04 5.950017366558313370e-04 1.406574039719998837e-03 1.601927506271749735e-04 2.607634989544749260e-03 8.990986389108002186e-04
5.400000000000000000e+03 5.894880159758031368e-04 1.387840951792895794e-03 1.601327967364341021e-04 2.494180109351873398e-03 8.842479437589645386e-04 5.894880159758031368e-04 1.387840951792895794e-03 1.601327967364341021e-04 2.494180109351873398e-03 8.842479437589645386e-04
5.500000000000000000e+03 5.871629109606146812e-04 1.368920784443616867e-03 1.553376641822978854e-04 2.304489724338054657e-03 8.557371911592781544e-04 5.871629109606146812e-04 1.368920784443616867e-03 1.553376641822978854e-04 2.304489724338054657e-03 8.557371911592781544e-04
5.600000000000000000e+03 5.861874669790267944e-04 1.348267658613622189e-03 1.498351630289107561e-04 2.088243141770362854e-03 8.324973168782889843e-04 5.861874669790267944e-04 1.348267658613622189e-03 1.498351630289107561e-04 2.088243141770362854e-03 8.324973168782889843e-04
5.700000000000000000e+03 5.870617460459470749e-04 1.321783056482672691e-03 1.447038375772535801e-04 1.986392540857195854e-03 8.087765309028327465e-04 5.870617460459470749e-04 1.321783056482672691e-03 1.447038375772535801e-04 1.986392540857195854e-03 8.087765309028327465e-04
5.800000000000000000e+03 5.897698574699461460e-04 1.304358476772904396e-03 1.399204193148761988e-04 1.971799647435545921e-03 7.918131304904818535e-04 5.897698574699461460e-04 1.304358476772904396e-03 1.399204193148761988e-04 1.971799647435545921e-03 7.918131304904818535e-04
5.900000000000000000e+03 5.737212486565113068e-04 1.296118600293993950e-03 1.471489231334999204e-04 2.638958627358078957e-03 8.192128152586519718e-04 5.737212486565113068e-04 1.296118600293993950e-03 1.471489231334999204e-04 2.638958627358078957e-03 8.192128152586519718e-04
6.000000000000000000e+03 6.785308942198753357e-04 1.513412920758128166e-03 1.324472541455179453e-04 1.194038614630699158e-02 7.704866002313792706e-04 6.785308942198753357e-04 1.513412920758128166e-03 1.324472541455179453e-04 1.194038614630699158e-02 7.704866002313792706e-04
6.100000000000000000e+03 5.627800710499286652e-04 1.242627855390310287e-03 1.319009606959298253e-04 1.671262085437774658e-03 7.374591659754514694e-04 5.627800710499286652e-04 1.242627855390310287e-03 1.319009606959298253e-04 1.671262085437774658e-03 7.374591659754514694e-04
6.200000000000000000e+03 5.627918289974331856e-04 1.225760672241449356e-03 1.278035924769937992e-04 1.596120418980717659e-03 7.254756055772304535e-04 5.627918289974331856e-04 1.225760672241449356e-03 1.278035924769937992e-04 1.596120418980717659e-03 7.254756055772304535e-04
6.300000000000000000e+03 5.594008835032582283e-04 1.209362759254872799e-03 1.251331123057752848e-04 1.590058091096580029e-03 7.144542178139090538e-04 5.594008835032582283e-04 1.209362759254872799e-03 1.251331123057752848e-04 1.590058091096580029e-03 7.144542178139090538e-04
6.400000000000000000e+03 5.553905502893030643e-04 1.193251227959990501e-03 1.220872363774105906e-04 1.561320153996348381e-03 7.020108168944716454e-04 5.553905502893030643e-04 1.193251227959990501e-03 1.220872363774105906e-04 1.561320153996348381e-03 7.020108168944716454e-04
6.500000000000000000e+03 5.541389109566807747e-04 1.168731483630836010e-03 1.176362202386371791e-04 1.459995633922517300e-03 6.849626661278307438e-04 5.541389109566807747e-04 1.168731483630836010e-03 1.176362202386371791e-04 1.459995633922517300e-03 6.849626661278307438e-04
6.600000000000000000e+03 5.518972757272422314e-04 1.151746953837573528e-03 1.153244447777979076e-04 1.459590974263846874e-03 6.704327533952891827e-04 5.518972757272422314e-04 1.151746953837573528e-03 1.153244447777979076e-04 1.459590974263846874e-03 6.704327533952891827e-04
6.700000000000000000e+03 5.470372270792722702e-04 1.304555567912757397e-03 1.332040992565453053e-04 7.956778630614280701e-03 7.121789385564625263e-04 5.470372270792722702e-04 1.304555567912757397e-03 1.332040992565453053e-04 7.956778630614280701e-03 7.121789385564625263e-04
6.800000000000000000e+03 5.420734523795545101e-04 1.114014186896383762e-03 1.112667814595624804e-04 1.641100388951599598e-03 6.570427794940769672e-04 5.420734523795545101e-04 1.114014186896383762e-03 1.112667814595624804e-04 1.641100388951599598e-03 6.570427794940769672e-04
6.900000000000000000e+03 5.474528297781944275e-04 1.109249773435294628e-03 1.074959873221814632e-04 1.531086862087249756e-03 6.364438449963927269e-04 5.474528297781944275e-04 1.109249773435294628e-03 1.074959873221814632e-04 1.531086862087249756e-03 6.364438449963927269e-04
7.000000000000000000e+03 5.315321614034473896e-04 1.096813939511775970e-03 1.087011842173524201e-04 1.299852854572236538e-03 6.317429360933601856e-04 5.315321614034473896e-04 1.096813939511775970e-03 1.087011842173524201e-04 1.299852854572236538e-03 6.317429360933601856e-04
7.100000000000000000e+03 5.343698430806398392e-04 1.077685388736426830e-03 1.055258398992009461e-04 1.264983322471380234e-03 6.190514541231095791e-04 5.343698430806398392e-04 1.077685388736426830e-03 1.055258398992009461e-04 1.264983322471380234e-03 6.190514541231095791e-04
7.200000000000000000e+03 5.249360110610723495e-04 1.066933502443134785e-03 1.062720475601963699e-04 1.226550550200045109e-03 6.116069853305816650e-04 5.249360110610723495e-04 1.066933502443134785e-03 1.062720475601963699e-04 1.226550550200045109e-03 6.116069853305816650e-04
7.300000000000000000e+03 5.343210650607943535e-04 1.064690877683460712e-03 1.013750152196735144e-04 2.291196025907993317e-03 5.925746518187224865e-04 5.343210650607943535e-04 1.064690877683460712e-03 1.013750152196735144e-04 2.291196025907993317e-03 5.925746518187224865e-04
7.400000000000000000e+03 5.180960870347917080e-04 1.040595117956399918e-03 1.076043263310566545e-04 1.505899592302739620e-03 6.138607859611511230e-04 5.180960870347917080e-04 1.040595117956399918e-03 1.076043263310566545e-04 1.505899592302739620e-03 6.138607859611511230e-04
7.500000000000000000e+03 5.276659503579139709e-04 1.023929798975586891e-03 9.843911539064720273e-05 1.458601560443639755e-03 5.836601485498249531e-04 5.276659503579139709e-04 1.023929798975586891e-03 9.843911539064720273e-05 1.458601560443639755e-03 5.836601485498249531e-04
7.600000000000000000e+03 5.125618190504610538e-04 1.015532761812210083e-03 1.011310014291666448e-04 1.230109715834259987e-03 5.828449502587318420e-04 5.125618190504610538e-04 1.015532761812210083e-03 1.011310014291666448e-04 1.230109715834259987e-03 5.828449502587318420e-04
7.700000000000000000e+03 5.138788255862891674e-04 9.965191129595041275e-04 9.717303328216075897e-05 1.177578233182430267e-03 5.656033754348754883e-04 5.138788255862891674e-04 9.965191129595041275e-04 9.717303328216075897e-05 1.177578233182430267e-03 5.656033754348754883e-04
7.800000000000000000e+03 5.047617596574127674e-04 9.925131453201174736e-04 9.992843843065202236e-05 1.170098315924406052e-03 5.628068465739488602e-04 5.047617596574127674e-04 9.925131453201174736e-04 9.992843843065202236e-05 1.170098315924406052e-03 5.628068465739488602e-04
7.900000000000000000e+03 4.971495945937931538e-04 9.772521443665027618e-04 1.002234057523310184e-04 1.113813486881554127e-03 5.522633437067270279e-04 4.971495945937931538e-04 9.772521443665027618e-04 1.002234057523310184e-04 1.113813486881554127e-03 5.522633437067270279e-04
8.000000000000000000e+03 5.007981089875102043e-04 1.099031185731291771e-03 1.155346326413564384e-04 6.208734121173620224e-03 5.812215968035161495e-04 5.007981089875102043e-04 1.099031185731291771e-03 1.155346326413564384e-04 6.208734121173620224e-03 5.812215968035161495e-04
8.100000000000000000e+03 4.877341852989047766e-04 9.511805837973952293e-04 9.828092152019962668e-05 9.489704389125108719e-04 5.325554520823061466e-04 4.877341852989047766e-04 9.511805837973952293e-04 9.828092152019962668e-05 9.489704389125108719e-04 5.325554520823061466e-04
8.200000000000000000e+03 4.847832024097442627e-04 9.404125157743692398e-04 9.794283687369897962e-05 9.436162072233855724e-04 5.266209482215344906e-04 4.847832024097442627e-04 9.404125157743692398e-04 9.794283687369897962e-05 9.436162072233855724e-04 5.266209482215344906e-04
8.300000000000000000e+03 4.811668186448514462e-04 9.261647355742752552e-04 9.671197767602279782e-05 8.953327196650207043e-04 5.172924720682203770e-04 4.811668186448514462e-04 9.261647355742752552e-04 9.671197767602279782e-05 8.953327196650207043e-04 5.172924720682203770e-04
8.400000000000000000e+03 4.786040226463228464e-04 9.197866893373429775e-04 9.639081690693274140e-05 8.941505220718681812e-04 5.152842495590448380e-04 4.786040226463228464e-04 9.197866893373429775e-04 9.639081690693274140e-05 8.941505220718681812e-04 5.152842495590448380e-04
8.500000000000000000e+03 4.805021162610501051e-04 9.037322015501558781e-04 9.274940384784713387e-05 8.776125032454729080e-04 5.085281445644795895e-04 4.805021162610501051e-04 9.037322015501558781e-04 9.274940384784713387e-05 8.776125032454729080e-04 5.085281445644795895e-04
8.600000000000000000e+03 4.806370707228779793e-04 8.909718017093837261e-04 9.133407729677855968e-05 8.870503515936434269e-04 5.028469604440033436e-04 4.806370707228779793e-04 8.909718017093837261e-04 9.133407729677855968e-05 8.870503515936434269e-04 5.028469604440033436e-04
8.700000000000000000e+03 4.784819029737263918e-04 8.886342984624207020e-04 9.471215162193402648e-05 1.240346929989755154e-03 5.093714571557939053e-04 4.784819029737263918e-04 8.886342984624207020e-04 9.471215162193402648e-05 1.240346929989755154e-03 5.093714571557939053e-04
8.800000000000000000e+03 4.800343594979494810e-04 8.759815245866775513e-04 9.003996092360466719e-05 1.121794572100043297e-03 4.845745861530303955e-04 4.800343594979494810e-04 8.759815245866775513e-04 9.003996092360466719e-05 1.121794572100043297e-03 4.845745861530303955e-04
8.900000000000000000e+03 4.663133877329528332e-04 8.678645826876163483e-04 9.308387234341353178e-05 9.668433922342956066e-04 4.872939607594162226e-04 4.663133877329528332e-04 8.678645826876163483e-04 9.308387234341353178e-05 9.668433922342956066e-04 4.872939607594162226e-04
9.000000000000000000e+03 4.621485131792724133e-04 8.509110775776207447e-04 9.013201633933931589e-05 8.844039402902126312e-04 4.711079527623951435e-04 4.621485131792724133e-04 8.509110775776207447e-04 9.013201633933931589e-05 8.844039402902126312e-04 4.711079527623951435e-04
9.100000000000000000e+03 4.594197380356490612e-04 8.454023627564311028e-04 9.273269824916496873e-05 8.349948911927640438e-04 4.765981575474143028e-04 4.594197380356490612e-04 8.454023627564311028e-04 9.273269824916496873e-05 8.349948911927640438e-04 4.765981575474143028e-04
9.200000000000000000e+03 4.644119762815535069e-04 8.288698154501616955e-04 9.042705642059445381e-05 7.942577940411865711e-04 4.713914822787046432e-04 4.644119762815535069e-04 8.288698154501616955e-04 9.042705642059445381e-05 7.942577940411865711e-04 4.713914822787046432e-04
9.300000000000000000e+03 4.569291486404836178e-04 8.270930266007781029e-04 8.688310481375083327e-05 1.241409801878035069e-03 4.618135862983763218e-04 4.569291486404836178e-04 8.270930266007781029e-04 8.688310481375083327e-05 1.241409801878035069e-03 4.618135862983763218e-04
9.400000000000000000e+03 4.531338054221123457e-04 8.107109460979700089e-04 8.707432425580918789e-05 1.179643906652927399e-03 4.577174549922347069e-04 4.531338054221123457e-04 8.107109460979700089e-04 8.707432425580918789e-05 1.179643906652927399e-03 4.577174549922347069e-04
9.500000000000000000e+03 4.482787335291504860e-04 8.029177552089095116e-04 9.143880015471950173e-05 9.689644793979823589e-04 4.574279009830206633e-04 4.482787335291504860e-04 8.029177552089095116e-04 9.143880015471950173e-05 9.689644793979823589e-04 4.574279009830206633e-04
9.600000000000000000e+03 4.397106822580099106e-04 7.916025351732969284e-04 8.917065133573487401e-05 6.807378958910703659e-04 4.381759499665349722e-04 4.397106822580099106e-04 7.916025351732969284e-04 8.917065133573487401e-05 6.807378958910703659e-04 4.381759499665349722e-04
9.700000000000000000e+03 4.333766701165586710e-04 7.852972485125064850e-04 9.123994823312386870e-05 7.246564491651952267e-04 4.373608389869332314e-04 4.333766701165586710e-04 7.852972485125064850e-04 9.123994823312386870e-05 7.246564491651952267e-04 4.373608389869332314e-04
9.800000000000000000e+03 4.306784539949148893e-04 7.735219551250338554e-04 8.896625513443723321e-05 7.115201442502439022e-04 4.247896722517907619e-04 4.306784539949148893e-04 7.735219551250338554e-04 8.896625513443723321e-05 7.115201442502439022e-04 4.247896722517907619e-04
9.900000000000000000e+03 4.268161719664931297e-04 7.663920987397432327e-04 8.908630843507125974e-05 6.731626344844698906e-04 4.218735848553478718e-04 4.268161719664931297e-04 7.663920987397432327e-04 8.908630843507125974e-05 6.731626344844698906e-04 4.218735848553478718e-04
1.000000000000000000e+04 4.309929790906608105e-04 7.616600487381219864e-04 8.570261707063764334e-05 9.390544728375971317e-04 4.158011870458722115e-04 4.309929790906608105e-04 7.616600487381219864e-04 8.570261707063764334e-05 9.390544728375971317e-04 4.158011870458722115e-04
1.010000000000000000e+04 4.237844841554760933e-04 7.608398445881903172e-04 9.136159496847540140e-05 1.386919058859348297e-03 4.368227673694491386e-04 4.237844841554760933e-04 7.608398445881903172e-04 9.136159496847540140e-05 1.386919058859348297e-03 4.368227673694491386e-04
1.020000000000000000e+04 4.215232620481401682e-04 7.727114134468138218e-04 9.561560727888718247e-05 2.212663646787405014e-03 4.555592604447156191e-04 4.215232620481401682e-04 7.727114134468138218e-04 9.561560727888718247e-05 2.212663646787405014e-03 4.555592604447156191e-04
1.030000000000000000e+04 3.900578885804861784e-04 7.206614827737212181e-04 9.101511386688798666e-05 6.488028448075056076e-04 4.277416737750172615e-04 3.900578885804861784e-04 7.206614827737212181e-04 9.101511386688798666e-05 6.488028448075056076e-04 4.277416737750172615e-04
1.040000000000000000e+04 5.229316884651780128e-04 1.191758667118847370e-03 1.090002915589138865e-04 2.149906940758228302e-02 4.349538940005004406e-04 5.229316884651780128e-04 1.191758667118847370e-03 1.090002915589138865e-04 2.149906940758228302e-02 4.349538940005004406e-04
1.050000000000000000e+04 3.962254850193858147e-04 7.155505591072142124e-04 8.940033148974180222e-05 5.796232726424932480e-04 3.881828160956501961e-04 3.962254850193858147e-04 7.155505591072142124e-04 8.940033148974180222e-05 5.796232726424932480e-04 3.881828160956501961e-04
1.060000000000000000e+04 3.932499384973198175e-04 7.071759901009500027e-04 8.984798478195443749e-05 5.867619765922427177e-04 3.847829357255250216e-04 3.932499384973198175e-04 7.071759901009500027e-04 8.984798478195443749e-05 5.867619765922427177e-04 3.847829357255250216e-04
1.070000000000000000e+04 3.892988315783441067e-04 6.981337792240083218e-04 8.959686965681612492e-05 5.636428832076489925e-04 3.787116729654371738e-04 3.892988315783441067e-04 6.981337792240083218e-04 8.959686965681612492e-05 5.636428832076489925e-04 3.787116729654371738e-04
1.080000000000000000e+04 3.864816681016236544e-04 6.920486921444535255e-04 8.811769657768309116e-05 5.568201304413378239e-04 3.716066130436956882e-04 3.864816681016236544e-04 6.920486921444535255e-04 8.811769657768309116e-05 5.568201304413378239e-04 3.716066130436956882e-04
1.090000000000000000e+04 3.819001722149550915e-04 6.839144043624401093e-04 8.949412585934624076e-05 5.514832446351647377e-04 3.707905416376888752e-04 3.819001722149550915e-04 6.839144043624401093e-04 8.949412585934624076e-05 5.514832446351647377e-04 3.707905416376888752e-04
1.100000000000000000e+04 3.786146698985248804e-04 6.765791331417858601e-04 8.918520325096324086e-05 5.317301838658750057e-04 3.660642832983285189e-04 3.786146698985248804e-04 6.765791331417858601e-04 8.918520325096324086e-05 5.317301838658750057e-04 3.660642832983285189e-04
1.110000000000000000e+04 3.742796543519943953e-04 6.678081699647009373e-04 8.856818021740764380e-05 5.080458940938115120e-04 3.597771283239126205e-04 3.742796543519943953e-04 6.678081699647009373e-04 8.856818021740764380e-05 5.080458940938115120e-04 3.597771283239126205e-04
1.120000000000000000e+04 3.729131130967289209e-04 6.634371820837259293e-04 8.844154217513278127e-05 5.077762180007994175e-04 3.612425934989005327e-04 3.729131130967289209e-04 6.634371820837259293e-04 8.844154217513278127e-05 5.077762180007994175e-04 3.612425934989005327e-04
1.130000000000000000e+04 3.833189839497208595e-04 6.511006504297256470e-04 8.634805271867662668e-05 5.372097366489470005e-04 3.636045148596167564e-04 3.833189839497208595e-04 6.511006504297256470e-04 8.634805271867662668e-05 5.372097366489470005e-04 3.636045148596167564e-04
1.140000000000000000e+04 3.646509721875190735e-04 6.718250224366784096e-04 8.745756349526345730e-05 1.259887241758406162e-03 3.683169197756797075e-04 3.646509721875190735e-04 6.718250224366784096e-04 8.745756349526345730e-05 1.259887241758406162e-03 3.683169197756797075e-04
1.150000000000000000e+04 3.671713930089026690e-04 6.696013151668012142e-04 8.590337529312819242e-05 1.795437652617692947e-03 3.318992967251688242e-04 3.671713930089026690e-04 6.696013151668012142e-04 8.590337529312819242e-05 1.795437652617692947e-03 3.318992967251688242e-04
1.160000000000000000e+04 3.555091680027544498e-04 6.348439492285251617e-04 8.723598875803872943e-05 4.692152433563023806e-04 3.387088945601135492e-04 3.555091680027544498e-04 6.348439492285251617e-04 8.723598875803872943e-05 4.692152433563023806e-04 3.387088945601135492e-04
1.170000000000000000e+04 3.538747550919651985e-04 6.277009961195290089e-04 8.711257396498695016e-05 4.977574571967124939e-04 3.351796476636081934e-04 3.538747550919651985e-04 6.277009961195290089e-04 8.711257396498695016e-05 4.977574571967124939e-04 3.351796476636081934e-04
1.180000000000000000e+04 3.498504811432212591e-04 6.212352309376001358e-04 8.693258132552728057e-05 4.849612596444785595e-04 3.319363167975097895e-04 3.498504811432212591e-04 6.212352309376001358e-04 8.693258132552728057e-05 4.849612596444785595e-04 3.319363167975097895e-04
1.190000000000000000e+04 3.474291588645428419e-04 6.144024082459509373e-04 8.671733667142689228e-05 4.849831457249820232e-04 3.289430460426956415e-04 3.474291588645428419e-04 6.144024082459509373e-04 8.671733667142689228e-05 4.849831457249820232e-04 3.289430460426956415e-04
1.200000000000000000e+04 3.440681612119078636e-04 6.071819225326180458e-04 8.862352115102112293e-05 5.141818546690046787e-04 3.322868433315306902e-04 3.440681612119078636e-04 6.071819225326180458e-04 8.862352115102112293e-05 5.141818546690046787e-04 3.322868433315306902e-04
1.210000000000000000e+04 3.390959464013576508e-04 6.002666777931153774e-04 8.694243297213688493e-05 4.389110254123806953e-04 3.219294594600796700e-04 3.390959464013576508e-04 6.002666777931153774e-04 8.694243297213688493e-05 4.389110254123806953e-04 3.219294594600796700e-04
1.220000000000000000e+04 3.351580526214092970e-04 5.942387506365776062e-04 8.726827945793047547e-05 4.298424755688756704e-04 3.179017221555113792e-04 3.351580526214092970e-04 5.942387506365776062e-04 8.726827945793047547e-05 4.298424755688756704e-04 3.179017221555113792e-04
1.230000000000000000e+04 3.356381785124540329e-04 5.912280757911503315e-04 8.692075061844661832e-05 4.323633620515465736e-04 3.193626471329480410e-04 3.356381785124540329e-04 5.912280757911503315e-04 8.692075061844661832e-05 4.323633620515465736e-04 3.193626471329480410e-04
1.240000000000000000e+04 3.488518123049288988e-04 5.919280229136347771e-04 9.285328269470483065e-05 1.238068100064992905e-03 3.561839112080633640e-04 3.488518123049288988e-04 5.919280229136347771e-04 9.285328269470483065e-05 1.238068100064992905e-03 3.561839112080633640e-04
1.250000000000000000e+04 4.048015398439019918e-04 9.664616663940250874e-04 1.586556754773482680e-04 1.761815324425697327e-02 4.554407205432653427e-04 4.048015398439019918e-04 9.664616663940250874e-04 1.586556754773482680e-04 1.761815324425697327e-02 4.554407205432653427e-04
1.260000000000000000e+04 3.210665017832070589e-04 5.735728773288428783e-04 8.805358083918690681e-05 5.188498762436211109e-04 3.064427874051034451e-04 3.210665017832070589e-04 5.735728773288428783e-04 8.805358083918690681e-05 5.188498762436211109e-04 3.064427874051034451e-04
1.270000000000000000e+04 3.181884821970015764e-04 5.655804998241364956e-04 8.620086009614169598e-05 3.976592852268368006e-04 2.991741639561951160e-04 3.181884821970015764e-04 5.655804998241364956e-04 8.620086009614169598e-05 3.976592852268368006e-04 2.991741639561951160e-04
1.280000000000000000e+04 3.177845501340925694e-04 5.608578212559223175e-04 8.617891580797731876e-05 3.981394402217119932e-04 2.990554785355925560e-04 3.177845501340925694e-04 5.608578212559223175e-04 8.617891580797731876e-05 3.981394402217119932e-04 2.990554785355925560e-04
1.290000000000000000e+04 3.378282708581537008e-04 5.630785599350929260e-04 8.888080628821626306e-05 8.910681353881955147e-04 3.262183163315057755e-04 3.378282708581537008e-04 5.630785599350929260e-04 8.888080628821626306e-05 8.910681353881955147e-04 3.262183163315057755e-04
1.300000000000000000e+04 3.087332879658788443e-04 5.492488271556794643e-04 8.548980258638039231e-05 3.781099512707442045e-04 2.875564096029847860e-04 3.087332879658788443e-04 5.492488271556794643e-04 8.548980258638039231e-05 3.781099512707442045e-04 2.875564096029847860e-04
1.310000000000000000e+04 3.126643132418394089e-04 5.456457147374749184e-04 8.633285324322059751e-05 3.973112907260656357e-04 2.955759991891682148e-04 3.126643132418394089e-04 5.456457147374749184e-04 8.633285324322059751e-05 3.973112907260656357e-04 2.955759991891682148e-04
1.320000000000000000e+04 2.942307910416275263e-04 5.360259092412889004e-04 9.146460070041939616e-05 7.501465152017772198e-04 3.296206414233893156e-04 2.942307910416275263e-04 5.360259092412889004e-04 9.146460070041939616e-05 7.501465152017772198e-04 3.296206414233893156e-04
1.330000000000000000e+04 3.015851543750613928e-04 5.333943408913910389e-04 8.525785233359783888e-05 3.692088357638567686e-04 2.801350783556699753e-04 3.015851543750613928e-04 5.333943408913910389e-04 8.525785233359783888e-05 3.692088357638567686e-04 2.801350783556699753e-04
1.340000000000000000e+04 3.009089268743991852e-04 5.282757338136434555e-04 8.446423453278839588e-05 3.772535128518939018e-04 2.765773097053170204e-04 3.009089268743991852e-04 5.282757338136434555e-04 8.446423453278839588e-05 3.772535128518939018e-04 2.765773097053170204e-04
1.350000000000000000e+04 3.003534802701324224e-04 5.224355263635516167e-04 8.583197632106021047e-05 3.881223383359611034e-04 2.823195245582610369e-04 3.003534802701324224e-04 5.224355263635516167e-04 8.583197632106021047e-05 3.881223383359611034e-04 2.823195245582610369e-04
1.360000000000000000e+04 3.115518484264612198e-04 5.149188218638300896e-04 8.375895413337275386e-05 4.154971975367516279e-04 2.917839155998080969e-04 3.115518484264612198e-04 5.149188218638300896e-04 8.375895413337275386e-05 4.154971975367516279e-04 2.917839155998080969e-04
1.370000000000000000e+04 2.916656376328319311e-04 5.165571928955614567e-04 8.298964530695229769e-05 5.367746925912797451e-04 2.607168862596154213e-04 2.916656376328319311e-04 5.165571928955614567e-04 8.298964530695229769e-05 5.367746925912797451e-04 2.607168862596154213e-04
1.380000000000000000e+04 2.912557974923402071e-04 5.093514919281005859e-04 8.376191544812172651e-05 3.465102636255323887e-04 2.670555841177701950e-04 2.912557974923402071e-04 5.093514919281005859e-04 8.376191544812172651e-05 3.465102636255323887e-04 2.670555841177701950e-04
1.390000000000000000e+04 2.939544210676103830e-04 5.025215214118361473e-04 8.308573160320520401e-05 3.570163680706173182e-04 2.745386445894837379e-04 2.939544210676103830e-04 5.025215214118361473e-04 8.308573160320520401e-05 3.570163680706173182e-04 2.745386445894837379e-04
1.400000000000000000e+04 2.892717602662742138e-04 5.014227353967726231e-04 9.126782242674380541e-05 5.066798767074942589e-04 3.107667434960603714e-04 2.892717602662742138e-04 5.014227353967726231e-04 9.126782242674380541e-05 5.066798767074942589e-04 3.107667434960603714e-04
1.410000000000000000e+04 2.835385093931108713e-04 4.995491472072899342e-04 8.209487714339047670e-05 6.292173056863248348e-04 2.487404854036867619e-04 2.835385093931108713e-04 4.995491472072899342e-04 8.209487714339047670e-05 6.292173056863248348e-04 2.487404854036867619e-04
1.420000000000000000e+04 2.817553759086877108e-04 4.890096606686711311e-04 8.300338959088549018e-05 3.294360940344631672e-04 2.547287440393120050e-04 2.817553759086877108e-04 4.890096606686711311e-04 8.300338959088549018e-05 3.294360940344631672e-04 2.547287440393120050e-04
1.430000000000000000e+04 2.818318316712975502e-04 4.836932348553091288e-04 8.275533036794513464e-05 3.413037920836359262e-04 2.527442702557891607e-04 2.818318316712975502e-04 4.836932348553091288e-04 8.275533036794513464e-05 3.413037920836359262e-04 2.527442702557891607e-04
1.440000000000000000e+04 2.793921448756009340e-04 4.772350948769599199e-04 8.212620014091953635e-05 3.585832309909164906e-04 2.542791480664163828e-04 2.793921448756009340e-04 4.772350948769599199e-04 8.212620014091953635e-05 3.585832309909164906e-04 2.542791480664163828e-04
1.450000000000000000e+04 2.799796347972005606e-04 4.734261019621044397e-04 8.122779399855062366e-05 3.285107377450913191e-04 2.547189651522785425e-04 2.799796347972005606e-04 4.734261019621044397e-04 8.122779399855062366e-05 3.285107377450913191e-04 2.547189651522785425e-04
1.460000000000000000e+04 2.886965230572968721e-04 4.765450721606612206e-04 8.540249109501019120e-05 7.550968439318239689e-04 2.683055645320564508e-04 2.886965230572968721e-04 4.765450721606612206e-04 8.540249109501019120e-05 7.550968439318239689e-04 2.683055645320564508e-04
1.470000000000000000e+04 2.690924738999456167e-04 4.811102116946130991e-04 8.423512917943298817e-05 9.683893877081573009e-04 2.716544549912214279e-04 2.690924738999456167e-04 4.811102116946130991e-04 8.423512917943298817e-05 9.683893877081573009e-04 2.716544549912214279e-04
1.480000000000000000e+04 2.688284439500421286e-04 4.601727414410561323e-04 8.209038787754252553e-05 3.087875957135111094e-04 2.377273922320455313e-04 2.688284439500421286e-04 4.601727414410561323e-04 8.209038787754252553e-05 3.087875957135111094e-04 2.377273922320455313e-04
1.490000000000000000e+04 2.693881397135555744e-04 4.583515401463955641e-04 8.126308239297941327e-05 3.105652576778084040e-04 2.390823501627892256e-04 2.693881397135555744e-04 4.583515401463955641e-04 8.126308239297941327e-05 3.105652576778084040e-04 2.390823501627892256e-04
1.500000000000000000e+04 2.852932084351778030e-04 4.575810162350535393e-04 8.649216033518314362e-05 8.587190532125532627e-04 2.666759828571230173e-04 2.852932084351778030e-04 4.575810162350535393e-04 8.649216033518314362e-05 8.587190532125532627e-04 2.666759828571230173e-04
1.510000000000000000e+04 3.110546676907688379e-04 6.524852360598742962e-04 1.121482491726055741e-04 1.023354753851890564e-02 2.390452136751264334e-04 3.110546676907688379e-04 6.524852360598742962e-04 1.121482491726055741e-04 1.023354753851890564e-02 2.390452136751264334e-04
1.520000000000000000e+04 2.619554288685321808e-04 4.431461857166141272e-04 8.062936103669926524e-05 2.982211881317198277e-04 2.275916922371834517e-04 2.619554288685321808e-04 4.431461857166141272e-04 8.062936103669926524e-05 2.982211881317198277e-04 2.275916922371834517e-04
1.530000000000000000e+04 2.625712368171662092e-04 4.388452216517180204e-04 8.126170723699033260e-05 3.048243816010653973e-04 2.304058871231973171e-04 2.625712368171662092e-04 4.388452216517180204e-04 8.126170723699033260e-05 3.048243816010653973e-04 2.304058871231973171e-04
1.540000000000000000e+04 2.621267340146005154e-04 4.307391063775867224e-04 8.003348921192809939e-05 3.055906563531607389e-04 2.370144793530926108e-04 2.621267340146005154e-04 4.307391063775867224e-04 8.003348921192809939e-05 3.055906563531607389e-04 2.370144793530926108e-04
1.550000000000000000e+04 2.616331039462238550e-04 4.320596926845610142e-04 7.856593583710491657e-05 3.370891790837049484e-04 2.405676641501486301e-04 2.616331039462238550e-04 4.320596926845610142e-04 7.856593583710491657e-05 3.370891790837049484e-04 2.405676641501486301e-04
1.560000000000000000e+04 3.014819812960922718e-04 6.267632124945521355e-04 1.148768933489918709e-04 1.008981931954622269e-02 2.282965142512694001e-04 3.014819812960922718e-04 6.267632124945521355e-04 1.148768933489918709e-04 1.008981931954622269e-02 2.282965142512694001e-04
1.570000000000000000e+04 2.532515209168195724e-04 4.212921194266527891e-04 7.984086551005020738e-05 2.820530207827687263e-04 2.160732110496610403e-04 2.532515209168195724e-04 4.212921194266527891e-04 7.984086551005020738e-05 2.820530207827687263e-04 2.160732110496610403e-04
1.580000000000000000e+04 2.547305775806307793e-04 4.198343667667359114e-04 7.944527169456705451e-05 2.882500994019210339e-04 2.183406468247994781e-04 2.547305775806307793e-04 4.198343667667359114e-04 7.944527169456705451e-05 2.882500994019210339e-04 2.183406468247994781e-04
1.590000000000000000e+04 2.892098564188927412e-04 4.892642027698457241e-04 1.330966333625838161e-04 3.748969640582799911e-03 3.536026633810251951e-04 2.892098564188927412e-04 4.892642027698457241e-04 1.330966333625838161e-04 3.748969640582799911e-03 3.536026633810251951e-04
1.600000000000000000e+04 2.485286095179617405e-04 4.102167440578341484e-04 7.935461326269432902e-05 2.755655150394886732e-04 2.100732526741921902e-04 2.485286095179617405e-04 4.102167440578341484e-04 7.935461326269432902e-05 2.755655150394886732e-04 2.100732526741921902e-04
1.610000000000000000e+04 2.493559732101857662e-04 4.037176258862018585e-04 7.907335384516045451e-05 2.864674897864460945e-04 2.193004474975168705e-04 2.493559732101857662e-04 4.037176258862018585e-04 7.907335384516045451e-05 2.864674897864460945e-04 2.193004474975168705e-04
1.620000000000000000e+04 3.658606729004532099e-04 8.025037241168320179e-04 2.101361460518091917e-04 1.827494427561759949e-02 4.030469863209873438e-04 3.658606729004532099e-04 8.025037241168320179e-04 2.101361460518091917e-04 1.827494427561759949e-02 4.030469863209873438e-04
1.630000000000000000e+04 2.442864351905882359e-04 3.983435162808746099e-04 7.868872489780187607e-05 2.691457339096814394e-04 2.042122796410694718e-04 2.442864351905882359e-04 3.983435162808746099e-04 7.868872489780187607e-05 2.691457339096814394e-04 2.042122796410694718e-04
1.640000000000000000e+04 2.433384943287819624e-04 3.935769782401621342e-04 7.782656030030921102e-05 3.503904445096850395e-04 2.079509722534567118e-04 2.433384943287819624e-04 3.935769782401621342e-04 7.782656030030921102e-05 3.503904445096850395e-04 2.079509722534567118e-04
1.650000000000000000e+04 2.324533561477437615e-04 4.183973069302737713e-04 8.334876474691554904e-05 1.231959555298089981e-03 2.231506514362990856e-04 2.324533561477437615e-04 4.183973069302737713e-04 8.334876474691554904e-05 1.231959555298089981e-03 2.231506514362990856e-04
1.660000000000000000e+04 2.387665736023336649e-04 3.855888498947024345e-04 7.886911771493032575e-05 2.669733075890690088e-04 1.975736522581428289e-04 2.387665736023336649e-04 3.855888498947024345e-04 7.886911771493032575e-05 2.669733075890690088e-04 1.975736522581428289e-04
1.670000000000000000e+04 2.385660045547410846e-04 3.828303888440132141e-04 7.791860116412863135e-05 2.616704150568693876e-04 1.973808539332821965e-04 2.385660045547410846e-04 3.828303888440132141e-04 7.791860116412863135e-05 2.616704150568693876e-04 1.973808539332821965e-04
1.680000000000000000e+04 2.378342178417369723e-04 3.780704864766448736e-04 7.708593329880386591e-05 3.127836389467120171e-04 2.021612599492073059e-04 2.378342178417369723e-04 3.780704864766448736e-04 7.708593329880386591e-05 3.127836389467120171e-04 2.021612599492073059e-04
1.690000000000000000e+04 2.603801549412310123e-04 5.468355375342071056e-04 1.166790680144913495e-04 7.842437364161014557e-03 2.058060345007106662e-04 2.603801549412310123e-04 5.468355375342071056e-04 1.166790680144913495e-04 7.842437364161014557e-03 2.058060345007106662e-04
1.700000000000000000e+04 2.329953567823395133e-04 3.721917455550283194e-04 7.745781476842239499e-05 2.544038288760930300e-04 1.886014506453648210e-04 2.329953567823395133e-04 3.721917455550283194e-04 7.745781476842239499e-05 2.544038288760930300e-04 1.886014506453648210e-04
1.710000000000000000e+04 2.375442563788965344e-04 3.677149070426821709e-04 7.919054041849449277e-05 3.267478314228355885e-04 2.036100777331739664e-04 2.375442563788965344e-04 3.677149070426821709e-04 7.919054041849449277e-05 3.267478314228355885e-04 2.036100777331739664e-04
1.720000000000000000e+04 2.295832382515072823e-04 3.634221502579748631e-04 7.949921564431861043e-05 2.998685522470623255e-04 1.874285953817889094e-04 2.295832382515072823e-04 3.634221502579748631e-04 7.949921564431861043e-05 2.998685522470623255e-04 1.874285953817889094e-04
1.730000000000000000e+04 2.302443463122472167e-04 3.631565487012267113e-04 7.673887739656493068e-05 2.497791429050266743e-04 1.852339482866227627e-04 2.302443463122472167e-04 3.631565487012267113e-04 7.673887739656493068e-05 2.497791429050266743e-04 1.852339482866227627e-04
1.740000000000000000e+04 2.284853107994422317e-04 3.919087466783821583e-04 8.146758045768365264e-05 1.706152688711881638e-03 2.004184643737971783e-04 2.284853107994422317e-04 3.919087466783821583e-04 8.146758045768365264e-05 1.706152688711881638e-03 2.004184643737971783e-04
1.750000000000000000e+04 2.251812838949263096e-04 3.539408498909324408e-04 7.734782411716878414e-05 2.423705736873671412e-04 1.791089016478508711e-04 2.251812838949263096e-04 3.539408498909324408e-04 7.734782411716878414e-05 2.423705736873671412e-04 1.791089016478508711e-04
1.760000000000000000e+04 2.281737833982333541e-04 3.506172797642648220e-04 7.745559560135006905e-05 2.590561343822628260e-04 1.856256421888247132e-04 2.281737833982333541e-04 3.506172797642648220e-04 7.745559560135006905e-05 2.590561343822628260e-04 1.856256421888247132e-04
1.770000000000000000e+04 3.378757101017981768e-04 6.709383451379835606e-04 2.156697009922936559e-04 1.580137945711612701e-02 3.687650314532220364e-04 3.378757101017981768e-04 6.709383451379835606e-04 2.156697009922936559e-04 1.580137945711612701e-02 3.687650314532220364e-04
1.780000000000000000e+04 2.214691630797460675e-04 3.445825423114001751e-04 7.654032378923147917e-05 2.382560778642073274e-04 1.740794396027922630e-04 2.214691630797460675e-04 3.445825423114001751e-04 7.654032378923147917e-05 2.382560778642073274e-04 1.740794396027922630e-04
1.790000000000000000e+04 2.202927425969392061e-04 3.405478491913527250e-04 7.554456533398479223e-05 4.184209101367741823e-04 1.818804885260760784e-04 2.202927425969392061e-04 3.405478491913527250e-04 7.554456533398479223e-05 4.184209101367741823e-04 1.818804885260760784e-04
1.800000000000000000e+04 2.168286155210807920e-04 3.367533790878951550e-04 7.641676347702741623e-05 2.703767386265099049e-04 1.656860986258834600e-04 2.168286155210807920e-04 3.367533790878951550e-04 7.641676347702741623e-05 2.703767386265099049e-04 1.656860986258834600e-04
1.810000000000000000e+04 2.182625466957688332e-04 3.352640196681022644e-04 7.592913607368245721e-05 2.337162441108375788e-04 1.696103863650932908e-04 2.182625466957688332e-04 3.352640196681022644e-04 7.592913607368245721e-05 2.337162441108375788e-04 1.696103863650932908e-04
1.820000000000000000e+04 2.190861850976943970e-04 3.616439935285598040e-04 8.172319940058514476e-05 1.752593205310404301e-03 1.924306561704725027e-04 2.190861850976943970e-04 3.616439935285598040e-04 8.172319940058514476e-05 1.752593205310404301e-03 1.924306561704725027e-04
1.830000000000000000e+04 2.138233830919489264e-04 3.277467912994325161e-04 7.637880480615422130e-05 2.282797213410958648e-04 1.649768819333985448e-04 2.138233830919489264e-04 3.277467912994325161e-04 7.637880480615422130e-05 2.282797213410958648e-04 1.649768819333985448e-04
1.840000000000000000e+04 2.130734064849093556e-04 3.186877293046563864e-04 7.485197420464828610e-05 4.411426489241421223e-04 1.841797347879037261e-04 2.130734064849093556e-04 3.186877293046563864e-04 7.485197420464828610e-05 4.411426489241421223e-04 1.841797347879037261e-04
1.850000000000000000e+04 2.106242172885686159e-04 3.195904137101024389e-04 7.644517609151080251e-05 2.234771818621084094e-04 1.607318263268098235e-04 2.106242172885686159e-04 3.195904137101024389e-04 7.644517609151080251e-05 2.234771818621084094e-04 1.607318263268098235e-04
1.860000000000000000e+04 2.153790264856070280e-04 3.163642250001430511e-04 7.583519618492573500e-05 2.314865560038015246e-04 1.686878822511062026e-04 2.153790264856070280e-04 3.163642250001430511e-04 7.583519618492573500e-05 2.314865560038015246e-04 1.686878822511062026e-04
1.870000000000000000e+04 2.074942021863535047e-04 3.117742890026420355e-04 7.633547647856175900e-05 2.197005669586360455e-04 1.561727258376777172e-04 2.074942021863535047e-04 3.117742890026420355e-04 7.633547647856175900e-05 2.197005669586360455e-04 1.561727258376777172e-04
1.880000000000000000e+04 2.106870379066094756e-04 3.129470860585570335e-04 7.552890747319906950e-05 2.340161299798637629e-04 1.633459760341793299e-04 2.106870379066094756e-04 3.129470860585570335e-04 7.552890747319906950e-05 2.340161299798637629e-04 1.633459760341793299e-04
1.890000000000000000e+04 2.045782021014019847e-04 3.045343619305640459e-04 7.615467620780691504e-05 2.165576006518676877e-04 1.522204984212294221e-04 2.045782021014019847e-04 3.045343619305640459e-04 7.615467620780691504e-05 2.165576006518676877e-04 1.522204984212294221e-04
1.900000000000000000e+04 2.061059785773977637e-04 3.062020405195653439e-04 7.468811963917687535e-05 2.197726425947621465e-04 1.551606110297143459e-04 2.061059785773977637e-04 3.062020405195653439e-04 7.468811963917687535e-05 2.197726425947621465e-04 1.551606110297143459e-04
1.910000000000000000e+04 2.020204119617119431e-04 2.966107858810573816e-04 7.608994928887113929e-05 2.128678024746477604e-04 1.492932788096368313e-04 2.020204119617119431e-04 2.966107858810573816e-04 7.608994928887113929e-05 2.128678024746477604e-04 1.492932788096368313e-04
1.920000000000000000e+04 2.034940698649734259e-04 3.004924510605633259e-04 7.455460581695660949e-05 2.148676867363974452e-04 1.533260801807045937e-04 2.034940698649734259e-04 3.004924510605633259e-04 7.455460581695660949e-05 2.148676867363974452e-04 1.533260801807045937e-04
1.930000000000000000e+04 1.991192839341238141e-04 2.906817535404115915e-04 7.576188363600522280e-05 2.088458859361708164e-04 1.457762700738385320e-04 1.991192839341238141e-04 2.906817535404115915e-04 7.576188363600522280e-05 2.088458859361708164e-04 1.457762700738385320e-04
1.940000000000000000e+04 2.076827076962217689e-04 2.919694234151393175e-04 7.685594027861952782e-05 2.985488681588321924e-04 1.778041187208145857e-04 2.076827076962217689e-04 2.919694234151393175e-04 7.685594027861952782e-05 2.985488681588321924e-04 1.778041187208145857e-04
1.950000000000000000e+04 1.966315321624279022e-04 2.881858963519334793e-04 7.540728984167799354e-05 2.062055864371359348e-04 1.452648284612223506e-04 1.966315321624279022e-04 2.881858963519334793e-04 7.540728984167799354e-05 2.062055864371359348e-04 1.452648284612223506e-04
1.960000000000000000e+04 1.952015009010210633e-04 2.789677237160503864e-04 7.540604565292596817e-05 2.036202349700033665e-04 1.401083427481353283e-04 1.952015009010210633e-04 2.789677237160503864e-04 7.540604565292596817e-05 2.036202349700033665e-04 1.401083427481353283e-04
1.970000000000000000e+04 1.977326464839279652e-04 2.856046485248953104e-04 7.331463712034747005e-05 2.153786335838958621e-04 1.455988240195438266e-04 1.977326464839279652e-04 2.856046485248953104e-04 7.331463712034747005e-05 2.153786335838958621e-04 1.455988240195438266e-04
1.980000000000000000e+04 1.924740063259378076e-04 2.744950761552900076e-04 7.483806984964758158e-05 2.002401597565039992e-04 1.380218018312007189e-04 1.924740063259378076e-04 2.744950761552900076e-04 7.483806984964758158e-05 2.002401597565039992e-04 1.380218018312007189e-04
1.990000000000000000e+04 2.548671909607946873e-04 3.148048999719321728e-04 1.486819091951474547e-04 3.625131212174892426e-03 3.060196177102625370e-04 2.548671909607946873e-04 3.148048999719321728e-04 1.486819091951474547e-04 3.625131212174892426e-03 3.060196177102625370e-04
2.000000000000000000e+04 1.901419745991006494e-04 2.732694556470960379e-04 7.390558312181383371e-05 1.989481970667839050e-04 1.388338714605197310e-04 1.901419745991006494e-04 2.732694556470960379e-04 7.390558312181383371e-05 1.989481970667839050e-04 1.388338714605197310e-04
2.010000000000000000e+04 1.884868979686871171e-04 2.631663228385150433e-04 7.434433064190670848e-05 1.949654106283560395e-04 1.325701741734519601e-04 1.884868979686871171e-04 2.631663228385150433e-04 7.434433064190670848e-05 1.949654106283560395e-04 1.325701741734519601e-04
2.020000000000000000e+04 1.922262599691748619e-04 2.510308695491403341e-04 7.394696876872330904e-05 2.930268237832933664e-04 1.746185007505118847e-04 1.922262599691748619e-04 2.510308695491403341e-04 7.394696876872330904e-05 2.930268237832933664e-04 1.746185007505118847e-04
2.030000000000000000e+04 1.857111201388761401e-04 2.588577917777001858e-04 7.338720752159133554e-05 1.917341724038124084e-04 1.308142236666753888e-04 1.857111201388761401e-04 2.588577917777001858e-04 7.338720752159133554e-05 1.917341724038124084e-04 1.308142236666753888e-04
2.040000000000000000e+04 3.185797831974923611e-04 5.259671015664935112e-04 2.602009335532784462e-04 1.541756838560104370e-02 3.291705215815454721e-04 3.185797831974923611e-04 5.259671015664935112e-04 2.602009335532784462e-04 1.541756838560104370e-02 3.291705215815454721e-04
2.050000000000000000e+04 1.831537229008972645e-04 2.526470925658941269e-04 7.244817970786243677e-05 1.885681849671527743e-04 1.288835483137518167e-04 1.831537229008972645e-04 2.526470925658941269e-04 7.244817970786243677e-05 1.885681849671527743e-04 1.288835483137518167e-04
2.060000000000000000e+04 1.871653221314772964e-04 2.452846092637628317e-04 7.818495942046865821e-05 5.286593222990632057e-04 1.352668768959119916e-04 1.871653221314772964e-04 2.452846092637628317e-04 7.818495942046865821e-05 5.286593222990632057e-04 1.352668768959119916e-04
2.070000000000000000e+04 1.801958715077489614e-04 2.457459631841629744e-04 7.168945739977061749e-05 1.850414410000666976e-04 1.256926771020516753e-04 1.801958715077489614e-04 2.457459631841629744e-04 7.168945739977061749e-05 1.850414410000666976e-04 1.256926771020516753e-04
2.080000000000000000e+04 1.805171486921608448e-04 2.358493511565029621e-04 7.328168430831283331e-05 2.448631275910884142e-04 1.244040031451731920e-04 1.805171486921608448e-04 2.358493511565029621e-04 7.328168430831283331e-05 2.448631275910884142e-04 1.244040031451731920e-04
2.090000000000000000e+04 1.771208480931818485e-04 2.400645898887887597e-04 7.100291259121149778e-05 1.821476762415841222e-04 1.230144262081012130e-04 1.771208480931818485e-04 2.400645898887887597e-04 7.100291259121149778e-05 1.821476762415841222e-04 1.230144262081012130e-04
2.100000000000000000e+04 1.757740974426269531e-04 2.304935187567025423e-04 7.116177584975957870e-05 1.788478402886539698e-04 1.169241440948098898e-04 1.757740974426269531e-04 2.304935187567025423e-04 7.116177584975957870e-05 1.788478402886539698e-04 1.169241440948098898e-04
2.110000000000000000e+04 1.770224625943228602e-04 2.353774616494774818e-04 7.034829468466341496e-05 1.881591160781681538e-04 1.234682567883282900e-04 1.770224625943228602e-04 2.353774616494774818e-04 7.034829468466341496e-05 1.881591160781681538e-04 1.234682567883282900e-04
2.120000000000000000e+04 1.727051130728796124e-04 2.248705568490549922e-04 7.052576984278857708e-05 1.752066309563815594e-04 1.141929242294281721e-04 1.727051130728796124e-04 2.248705568490549922e-04 7.052576984278857708e-05 1.752066309563815594e-04 1.141929242294281721e-04
2.130000000000000000e+04 1.756751880748197436e-04 2.181899762945249677e-04 7.064145756885409355e-05 2.671340189408510923e-04 1.429930562153458595e-04 1.756751880748197436e-04 2.181899762945249677e-04 7.064145756885409355e-05 2.671340189408510923e-04 1.429930562153458595e-04
2.140000000000000000e+04 1.694814418442547321e-04 2.189153601648285985e-04 6.968252273509278893e-05 1.715326361590996385e-04 1.112699319492094219e-04 1.694814418442547321e-04 2.189153601648285985e-04 6.968252273509278893e-05 1.715326361590996385e-04 1.112699319492094219e-04
2.150000000000000000e+04 1.663814182393252850e-04 2.063857245957478881e-04 6.930329254828393459e-05 3.494517586659640074e-04 1.427412207704037428e-04 1.663814182393252850e-04 2.063857245957478881e-04 6.930329254828393459e-05 3.494517586659640074e-04 1.427412207704037428e-04
2.160000000000000000e+04 1.661833084654062986e-04 2.124971215380355716e-04 6.884810136398300529e-05 1.679328415775671601e-04 1.081831287592649460e-04 1.661833084654062986e-04 2.124971215380355716e-04 6.884810136398300529e-05 1.679328415775671601e-04 1.081831287592649460e-04
2.170000000000000000e+04 1.578019873704761267e-04 2.834092301782220602e-04 1.215524607687257230e-04 5.299502983689308167e-03 1.353297702735289931e-04 1.578019873704761267e-04 2.834092301782220602e-04 1.215524607687257230e-04 5.299502983689308167e-03 1.353297702735289931e-04
2.180000000000000000e+04 1.627847814233973622e-04 2.067715831799432635e-04 6.813643994973972440e-05 1.643561990931630135e-04 1.057500558090396225e-04 1.627847814233973622e-04 2.067715831799432635e-04 6.813643994973972440e-05 1.643561990931630135e-04 1.057500558090396225e-04
2.190000000000000000e+04 1.617939560674130917e-04 1.980088854907080531e-04 6.742674304405227304e-05 1.627255260245874524e-04 1.015794550767168403e-04 1.617939560674130917e-04 1.980088854907080531e-04 6.742674304405227304e-05 1.627255260245874524e-04 1.015794550767168403e-04
2.200000000000000000e+04 1.587128936080262065e-04 2.038925304077565670e-04 6.711146124871447682e-05 1.661194692132994533e-04 1.042621224769391119e-04 1.587128936080262065e-04 2.038925304077565670e-04 6.711146124871447682e-05 1.661194692132994533e-04 1.042621224769391119e-04
2.210000000000000000e+04 1.582231197971850634e-04 1.929617865243926644e-04 6.682173989247530699e-05 1.588455634191632271e-04 9.872962982626631856e-05 1.582231197971850634e-04 1.929617865243926644e-04 6.682173989247530699e-05 1.588455634191632271e-04 9.872962982626631856e-05
2.220000000000000000e+04 1.605169672984629869e-04 1.930394064402207732e-04 6.786817539250478148e-05 2.378729986958205700e-04 1.173073396785184741e-04 1.605169672984629869e-04 1.930394064402207732e-04 6.786817539250478148e-05 2.378729986958205700e-04 1.173073396785184741e-04
2.230000000000000000e+04 1.543314137961715460e-04 1.877971080830320716e-04 6.612768629565834999e-05 1.551580207888036966e-04 9.608611435396596789e-05 1.543314137961715460e-04 1.877971080830320716e-04 6.612768629565834999e-05 1.551580207888036966e-04 9.608611435396596789e-05
2.240000000000000000e+04 1.354465348413214087e-04 1.909284619614481926e-04 7.362427277257665992e-05 8.798869675956666470e-04 1.263209996977820992e-04 1.354465348413214087e-04 1.909284619614481926e-04 7.362427277257665992e-05 8.798869675956666470e-04 1.263209996977820992e-04
2.250000000000000000e+04 1.503358507761731744e-04 1.844939251895993948e-04 6.572320853592827916e-05 1.517721539130434394e-04 9.465184120927006006e-05 1.503358507761731744e-04 1.844939251895993948e-04 6.572320853592827916e-05 1.517721539130434394e-04 9.465184120927006006e-05
2.260000000000000000e+04 1.492785231675952673e-04 1.758091530064120889e-04 6.479701551143079996e-05 1.498332276241853833e-04 9.033874812303110957e-05 1.492785231675952673e-04 1.758091530064120889e-04 6.479701551143079996e-05 1.498332276241853833e-04 9.033874812303110957e-05
2.270000000000000000e+04 1.467358815716579556e-04 1.835513394325971603e-04 6.471051165135577321e-05 1.760826562531292439e-04 9.071354725165292621e-05 1.467358815716579556e-04 1.835513394325971603e-04 6.471051165135577321e-05 1.760826562531292439e-04 9.071354725165292621e-05
2.280000000000000000e+04 1.451461866963654757e-04 1.702513109194114804e-04 6.416773976525291800e-05 1.460711064282804728e-04 8.760964556131511927e-05 1.451461866963654757e-04 1.702513109194114804e-04 6.416773976525291800e-05 1.460711064282804728e-04 8.760964556131511927e-05
2.290000000000000000e+04 1.436175371054559946e-04 1.780143211362883449e-04 6.729819870088249445e-05 2.400774828856810927e-04 8.982392319012433290e-05 1.436175371054559946e-04 1.780143211362883449e-04 6.729819870088249445e-05 2.400774828856810927e-04 8.982392319012433290e-05
2.300000000000000000e+04 1.410527474945411086e-04 1.651651546126231551e-04 6.369649054249748588e-05 1.424168731318786740e-04 8.498554234392940998e-05 1.410527474945411086e-04 1.651651546126231551e-04 6.369649054249748588e-05 1.424168731318786740e-04 8.498554234392940998e-05
2.310000000000000000e+04 3.065649652853608131e-04 4.616938240360468626e-04 3.435882099438458681e-04 1.703007705509662628e-02 3.016691189259290695e-04 3.065649652853608131e-04 4.616938240360468626e-04 3.435882099438458681e-04 1.703007705509662628e-02 3.016691189259290695e-04
2.320000000000000000e+04 1.362288458039984107e-04 1.644971198402345181e-04 6.378778198268264532e-05 1.399612810928374529e-04 8.386759145651012659e-05 1.362288458039984107e-04 1.644971198402345181e-04 6.378778198268264532e-05 1.399612810928374529e-04 8.386759145651012659e-05
2.330000000000000000e+04 1.355190761387348175e-04 1.552907488076016307e-04 6.273209146456792951e-05 1.371499092783778906e-04 7.999394438229501247e-05 1.355190761387348175e-04 1.552907488076016307e-04 6.273209146456792951e-05 1.371499092783778906e-04 7.999394438229501247e-05
2.340000000000000000e+04 1.344973861705511808e-04 1.472548174206167459e-04 6.676130578853189945e-05 2.435522474115714431e-04 1.130855889641679823e-04 1.344973861705511808e-04 1.472548174206167459e-04 6.676130578853189945e-05 2.435522474115714431e-04 1.130855889641679823e-04
2.350000000000000000e+04 1.305534533457830548e-04 1.521028316346928477e-04 6.257100176298990846e-05 1.335156557615846395e-04 7.831535913283005357e-05 1.305534533457830548e-04 1.521028316346928477e-04 6.257100176298990846e-05 1.335156557615846395e-04 7.831535913283005357e-05
2.360000000000000000e+04 1.289318461203947663e-04 1.456395984860137105e-04 6.156315066618844867e-05 1.317498827120289207e-04 7.515058678109198809e-05 1.289318461203947663e-04 1.456395984860137105e-04 6.156315066618844867e-05 1.317498827120289207e-04 7.515058678109198809e-05
2.370000000000000000e+04 1.243190054083243012e-04 1.538555952720344067e-04 6.276468775467947125e-05 1.451325952075421810e-04 7.771906530251726508e-05 1.243190054083243012e-04 1.538555952720344067e-04 6.276468775467947125e-05 1.451325952075421810e-04 7.771906530251726508e-05
2.380000000000000000e+04 1.247886539204046130e-04 1.421507768100127578e-04 6.154558650450780988e-05 1.280164578929543495e-04 7.320809527300298214e-05 1.247886539204046130e-04 1.421507768100127578e-04 6.154558650450780988e-05 1.280164578929543495e-04 7.320809527300298214e-05
2.390000000000000000e+04 1.358146400889381766e-04 1.408464595442637801e-04 7.625456055393442512e-05 1.008612685836851597e-03 8.891789184417575598e-05 1.358146400889381766e-04 1.408464595442637801e-04 7.625456055393442512e-05 1.008612685836851597e-03 8.891789184417575598e-05
2.400000000000000000e+04 1.194963115267455578e-04 1.402919442625716329e-04 6.167098035803064704e-05 1.245554594788700342e-04 7.194168574642390013e-05 1.194963115267455578e-04 1.402919442625716329e-04 6.167098035803064704e-05 1.245554594788700342e-04 7.194168574642390013e-05
2.410000000000000000e+04 1.181524203275330365e-04 1.332782849203795195e-04 6.048760042176581919e-05 1.225591695401817560e-04 6.860934081487357616e-05 1.181524203275330365e-04 1.332782849203795195e-04 6.048760042176581919e-05 1.225591695401817560e-04 6.860934081487357616e-05
2.420000000000000000e+04 1.125640555983409286e-04 1.541126111987978220e-04 7.367485522991046309e-05 6.518995505757629871e-04 8.150074427248910069e-05 1.125640555983409286e-04 1.541126111987978220e-04 7.367485522991046309e-05 6.518995505757629871e-04 8.150074427248910069e-05
2.430000000000000000e+04 1.138216903200373054e-04 1.321132731391116977e-04 6.093701085774227977e-05 1.190302718896418810e-04 6.766519800294190645e-05 1.138216903200373054e-04 1.321132731391116977e-04 6.093701085774227977e-05 1.190302718896418810e-04 6.766519800294190645e-05
2.440000000000000000e+04 1.118032305384986103e-04 1.264533202629536390e-04 5.987039912724867463e-05 1.172488846350461245e-04 6.483954348368570209e-05 1.118032305384986103e-04 1.264533202629536390e-04 5.987039912724867463e-05 1.172488846350461245e-04 6.483954348368570209e-05
2.450000000000000000e+04 1.090020668925717473e-04 1.768891233950853348e-04 9.546077490085735917e-05 3.737775143235921860e-03 1.014441222650930285e-04 1.090020668925717473e-04 1.768891233950853348e-04 9.546077490085735917e-05 3.737775143235921860e-03 1.014441222650930285e-04
2.460000000000000000e+04 1.070225989678874612e-04 1.257101248484104872e-04 6.033696263330057263e-05 1.137712533818557858e-04 6.414591189241036773e-05 1.070225989678874612e-04 1.257101248484104872e-04 6.033696263330057263e-05 1.137712533818557858e-04 6.414591189241036773e-05
2.470000000000000000e+04 1.051936269504949450e-04 1.200390470330603421e-04 5.912144115427508950e-05 1.117760766646824777e-04 6.131985719548538327e-05 1.051936269504949450e-04 1.200390470330603421e-04 5.912144115427508950e-05 1.117760766646824777e-04 6.131985719548538327e-05
2.480000000000000000e+04 1.290771033382043242e-04 1.534629409434273839e-04 8.389991853618994355e-05 1.265435479581356049e-03 1.165504509117454290e-04 1.290771033382043242e-04 1.534629409434273839e-04 8.389991853618994355e-05 1.265435479581356049e-03 1.165504509117454290e-04
2.490000000000000000e+04 1.005855810944922268e-04 1.178931561298668385e-04 5.910709660383872688e-05 1.080728688975796103e-04 6.000218854751437902e-05 1.005855810944922268e-04 1.178931561298668385e-04 5.910709660383872688e-05 1.080728688975796103e-04 6.000218854751437902e-05
2.500000000000000000e+04 9.833663352765142918e-05 1.133848491008393466e-04 5.799602149636484683e-05 1.062461378751322627e-04 5.767590846517123282e-05 9.833663352765142918e-05 1.133848491008393466e-04 5.799602149636484683e-05 1.062461378751322627e-04 5.767590846517123282e-05
2.510000000000000000e+04 9.525219502393156290e-05 1.167769878520630300e-04 5.970485653961077332e-05 1.119022272177971900e-04 6.043376561137847602e-05 9.525219502393156290e-05 1.167769878520630300e-04 5.970485653961077332e-05 1.119022272177971900e-04 6.043376561137847602e-05
2.520000000000000000e+04 9.416132525075227022e-05 1.103603572119027376e-04 5.763561784988269210e-05 1.024624507408589125e-04 5.585164763033390045e-05 9.416132525075227022e-05 1.103603572119027376e-04 5.763561784988269210e-05 1.024624507408589125e-04 5.585164763033390045e-05
2.530000000000000000e+04 9.762036643223837018e-05 1.106953932321630418e-04 6.451462832046672702e-05 2.818655630107969046e-04 9.593016147846356034e-05 9.762036643223837018e-05 1.106953932321630418e-04 6.451462832046672702e-05 2.818655630107969046e-04 9.593016147846356034e-05
2.540000000000000000e+04 9.005700121633708477e-05 1.086344273062422872e-04 5.754621452069841325e-05 9.889487409964203835e-05 5.455246355268172920e-05 9.005700121633708477e-05 1.086344273062422872e-04 5.754621452069841325e-05 9.889487409964203835e-05 5.455246355268172920e-05
2.550000000000000000e+04 8.768292900640517473e-05 1.044699238264001906e-04 5.637518188450485468e-05 9.715335181681439281e-05 5.251176480669528246e-05 8.768292900640517473e-05 1.044699238264001906e-04 5.637518188450485468e-05 9.715335181681439281e-05 5.251176480669528246e-05
2.560000000000000000e+04 8.270530088339000940e-05 1.179265964310616255e-04 5.856187635799869895e-05 1.713254168862476945e-04 5.353732922230847180e-05 8.270530088339000940e-05 1.179265964310616255e-04 5.856187635799869895e-05 1.713254168862476945e-04 5.353732922230847180e-05
2.570000000000000000e+04 8.389024151256307960e-05 1.024744778987951577e-04 5.607341881841421127e-05 9.354580834042280912e-05 5.108871118864044547e-05 8.389024151256307960e-05 1.024744778987951577e-04 5.607341881841421127e-05 9.354580834042280912e-05 5.108871118864044547e-05
2.580000000000000000e+04 8.143229933921247721e-05 9.888717613648623228e-05 5.503182910615578294e-05 9.209503332385793328e-05 4.964584513800218701e-05 8.143229933921247721e-05 9.888717613648623228e-05 5.503182910615578294e-05 9.209503332385793328e-05 4.964584513800218701e-05
2.590000000000000000e+04 7.913638546597212553e-05 1.024983939714729786e-04 5.597499693976715207e-05 9.085996134672313929e-05 5.006048741051927209e-05 7.913638546597212553e-05 1.024983939714729786e-04 5.597499693976715207e-05 9.085996134672313929e-05 5.006048741051927209e-05
2.600000000000000000e+04 7.773631659802049398e-05 9.688980935607105494e-05 5.449086893349885941e-05 8.836964116198942065e-05 4.803475530934520066e-05 7.773631659802049398e-05 9.688980935607105494e-05 5.449086893349885941e-05 8.836964116198942065e-05 4.803475530934520066e-05
2.610000000000000000e+04 7.138595537981018424e-05 9.950907406164333224e-05 5.749604315496981144e-05 1.469954440835863352e-04 5.976723332423716784e-05 7.138595537981018424e-05 9.950907406164333224e-05 5.749604315496981144e-05 1.469954440835863352e-04 5.976723332423716784e-05
2.620000000000000000e+04 7.413887942675501108e-05 9.482730820309370756e-05 5.395446714828722179e-05 8.494256326230242848e-05 4.674954470829106867e-05 7.413887942675501108e-05 9.482730820309370756e-05 5.395446714828722179e-05 8.494256326230242848e-05 4.674954470829106867e-05
2.630000000000000000e+04 7.182845729403197765e-05 9.149631659965962172e-05 5.278981552692130208e-05 8.366210386157035828e-05 4.537789573078043759e-05 7.182845729403197765e-05 9.149631659965962172e-05 5.278981552692130208e-05 8.366210386157035828e-05 4.537789573078043759e-05
2.640000000000000000e+04 7.010636909399181604e-05 9.372072963742539287e-05 5.350930950953625143e-05 8.182464080164209008e-05 4.568591248244047165e-05 7.010636909399181604e-05 9.372072963742539287e-05 5.350930950953625143e-05 8.182464080164209008e-05 4.568591248244047165e-05
2.650000000000000000e+04 6.831221253378316760e-05 8.947294554673135281e-05 5.196896017878316343e-05 8.006270218174904585e-05 4.383376654004678130e-05 6.831221253378316760e-05 8.947294554673135281e-05 5.196896017878316343e-05 8.006270218174904585e-05 4.383376654004678130e-05
2.660000000000000000e+04 6.356045923894271255e-05 1.034096712828613818e-04 5.497526944964192808e-05 1.903849333757534623e-04 4.502436058828607202e-05 6.356045923894271255e-05 1.034096712828613818e-04 5.497526944964192808e-05 1.903849333757534623e-04 4.502436058828607202e-05
2.670000000000000000e+04 6.516209396068006754e-05 8.761572826188057661e-05 5.130531280883587897e-05 7.688123878324404359e-05 4.260665809852071106e-05 6.516209396068006754e-05 8.761572826188057661e-05 5.130531280883587897e-05 7.688123878324404359e-05 4.260665809852071106e-05
2.680000000000000000e+04 6.257917993934825063e-05 8.577133121434599161e-05 4.996437201043590903e-05 7.856346928747370839e-05 4.111423186259344220e-05 6.257917993934825063e-05 8.577133121434599161e-05 4.996437201043590903e-05 7.856346928747370839e-05 4.111423186259344220e-05
2.690000000000000000e+04 6.190115527715533972e-05 8.666306530358269811e-05 5.094278458273038268e-05 7.403203198919072747e-05 4.185102807241491973e-05 6.190115527715533972e-05 8.666306530358269811e-05 5.094278458273038268e-05 7.403203198919072747e-05 4.185102807241491973e-05
2.700000000000000000e+04 6.003167436574585736e-05 8.310067642014473677e-05 4.937777703162282705e-05 7.245043525472283363e-05 4.026577880722470582e-05 6.003167436574585736e-05 8.310067642014473677e-05 4.937777703162282705e-05 7.245043525472283363e-05 4.026577880722470582e-05
2.710000000000000000e+04 5.756624886998906732e-05 8.729000546736642718e-05 5.448478623293340206e-05 9.950582898454740644e-05 5.765504101873375475e-05 5.756624886998906732e-05 8.729000546736642718e-05 5.448478623293340206e-05 9.950582898454740644e-05 5.765504101873375475e-05
2.720000000000000000e+04 5.744466761825606227e-05 8.189652726287022233e-05 4.885975431534461677e-05 6.956782453926280141e-05 3.933833068003877997e-05 5.744466761825606227e-05 8.189652726287022233e-05 4.885975431534461677e-05 6.956782453926280141e-05 3.933833068003877997e-05
2.730000000000000000e+04 5.539954509004019201e-05 7.921715587144717574e-05 4.755341433337889612e-05 6.828697951277717948e-05 3.824974919552914798e-05 5.539954509004019201e-05 7.921715587144717574e-05 4.755341433337889612e-05 6.828697951277717948e-05 3.824974919552914798e-05
2.740000000000000000e+04 5.419585068011656404e-05 8.056159276748076081e-05 4.968009307049214840e-05 9.343589044874534011e-05 4.097180499229580164e-05 5.419585068011656404e-05 8.056159276748076081e-05 4.968009307049214840e-05 9.343589044874534011e-05 4.097180499229580164e-05
2.750000000000000000e+04 5.281500125420279801e-05 7.737586565781384706e-05 4.667042594519443810e-05 6.549173122039064765e-05 3.717418803717009723e-05 5.281500125420279801e-05 7.737586565781384706e-05 4.667042594519443810e-05 6.549173122039064765e-05 3.717418803717009723e-05
2.760000000000000000e+04 7.051049033179879189e-05 1.116159401135519147e-04 6.814442167524248362e-05 1.018843962810933590e-03 6.944146298337727785e-05 7.051049033179879189e-05 1.116159401135519147e-04 6.814442167524248362e-05 1.018843962810933590e-03 6.944146298337727785e-05
2.770000000000000000e+04 5.045422949478961527e-05 7.553421164629980922e-05 4.584010457620024681e-05 6.288335134740918875e-05 3.624650344136171043e-05 5.045422949478961527e-05 7.553421164629980922e-05 4.584010457620024681e-05 6.288335134740918875e-05 3.624650344136171043e-05
2.780000000000000000e+04 4.842995986109599471e-05 7.371991523541510105e-05 4.449076004675589502e-05 6.235733599169179797e-05 3.517117147566750646e-05 4.842995986109599471e-05 7.371991523541510105e-05 4.449076004675589502e-05 6.235733599169179797e-05 3.517117147566750646e-05
2.790000000000000000e+04 4.803579940926283598e-05 7.412326522171497345e-05 4.516065746429376304e-05 6.048401337466202676e-05 3.548271342879161239e-05 4.803579940926283598e-05 7.412326522171497345e-05 4.516065746429376304e-05 6.048401337466202676e-05 3.548271342879161239e-05
2.800000000000000000e+04 4.635603545466437936e-05 7.158853259170427918e-05 4.360596722108311951e-05 5.924961442360654473e-05 3.431817458476871252e-05 4.635603545466437936e-05 7.158853259170427918e-05 4.360596722108311951e-05 5.924961442360654473e-05 3.431817458476871252e-05
2.810000000000000000e+04 4.839588655158877373e-05 7.834182906663045287e-05 4.969867586623877287e-05 1.923264935612678528e-04 3.958771048928610981e-05 4.839588655158877373e-05 7.834182906663045287e-05 4.969867586623877287e-05 1.923264935612678528e-04 3.958771048928610981e-05
2.820000000000000000e+04 4.454372174222953618e-05 7.033181464066728950e-05 4.294943937566131353e-05 5.694017818314023316e-05 3.352924250066280365e-05 4.454372174222953618e-05 7.033181464066728950e-05 4.294943937566131353e-05 5.694017818314023316e-05 3.352924250066280365e-05
2.830000000000000000e+04 4.293500023777596653e-05 6.831868086010217667e-05 4.175885624135844409e-05 5.592763045569881797e-05 3.277713403804227710e-05 4.293500023777596653e-05 6.831868086010217667e-05 4.175885624135844409e-05 5.592763045569881797e-05 3.277713403804227710e-05
2.840000000000000000e+04 4.021258064312860370e-05 7.632106280652806163e-05 4.492630978347733617e-05 1.067720004357397556e-04 3.460432708379812539e-05 4.021258064312860370e-05 7.632106280652806163e-05 4.492630978347733617e-05 1.067720004357397556e-04 3.460432708379812539e-05
2.850000000000000000e+04 4.166725193499587476e-05 6.758795643690973520e-05 4.145985803916119039e-05 5.383421375881880522e-05 3.223501698812469840e-05 4.166725193499587476e-05 6.758795643690973520e-05 4.145985803916119039e-05 5.383421375881880522e-05 3.223501698812469840e-05
2.860000000000000000e+04 4.015587910544127226e-05 6.568882963620126247e-05 4.028748662676662207e-05 5.291566412779502571e-05 3.152186764054931700e-05 4.015587910544127226e-05 6.568882963620126247e-05 4.028748662676662207e-05 5.291566412779502571e-05 3.152186764054931700e-05
2.870000000000000000e+04 3.842284422717057168e-05 6.767822196707129478e-05 4.495906978263519704e-05 7.013523281784728169e-05 4.410016481415368617e-05 3.842284422717057168e-05 6.767822196707129478e-05 4.495906978263519704e-05 7.013523281784728169e-05 4.410016481415368617e-05
2.880000000000000000e+04 3.885920887114480138e-05 6.461602606577798724e-05 3.978829772677272558e-05 5.086672535981051624e-05 3.092073529842309654e-05 3.885920887114480138e-05 6.461602606577798724e-05 3.978829772677272558e-05 5.086672535981051624e-05 3.092073529842309654e-05
2.890000000000000000e+04 3.745124558918178082e-05 6.283200491452589631e-05 3.859004573314450681e-05 4.999573866371065378e-05 3.024550096597522497e-05 3.745124558918178082e-05 6.283200491452589631e-05 3.859004573314450681e-05 4.999573866371065378e-05 3.024550096597522497e-05
2.900000000000000000e+04 3.841573925456032157e-05 6.627912807743996382e-05 4.255171734257601202e-05 1.175312791019678116e-04 3.425568866077810526e-05 3.841573925456032157e-05 6.627912807743996382e-05 4.255171734257601202e-05 1.175312791019678116e-04 3.425568866077810526e-05
2.910000000000000000e+04 3.621860741986893117e-05 6.167904211906716228e-05 3.796689998125657439e-05 4.813064879272133112e-05 2.962254075100645423e-05 3.621860741986893117e-05 6.167904211906716228e-05 3.796689998125657439e-05 4.813064879272133112e-05 2.962254075100645423e-05
2.920000000000000000e+04 3.497680518194101751e-05 6.007281626807525754e-05 3.689718869281932712e-05 4.731258377432823181e-05 2.904673419834580272e-05 3.497680518194101751e-05 6.007281626807525754e-05 3.689718869281932712e-05 4.731258377432823181e-05 2.904673419834580272e-05
2.930000000000000000e+04 3.579039548640139401e-05 6.092152761993929744e-05 3.869794454658403993e-05 5.658038935507647693e-05 3.007955638167914003e-05 3.579039548640139401e-05 6.092152761993929744e-05 3.869794454658403993e-05 5.658038935507647693e-05 3.007955638167914003e-05
2.940000000000000000e+04 3.388122058822773397e-05 5.894825881114229560e-05 3.627811383921653032e-05 4.561929017654620111e-05 2.848743497452232987e-05 3.388122058822773397e-05 5.894825881114229560e-05 3.627811383921653032e-05 4.561929017654620111e-05 2.848743497452232987e-05
2.950000000000000000e+04 3.270716842962428927e-05 5.764351953985169530e-05 3.527880107867531478e-05 4.509966311161406338e-05 2.792220584524329752e-05 3.270716842962428927e-05 5.764351953985169530e-05 3.527880107867531478e-05 4.509966311161406338e-05 2.792220584524329752e-05
2.960000000000000000e+04 3.301242759334854782e-05 5.750990021624602377e-05 3.588004256016574800e-05 4.503004311118274927e-05 2.802208473440259695e-05 3.301242759334854782e-05 5.750990021624602377e-05 3.588004256016574800e-05 4.503004311118274927e-05 2.802208473440259695e-05
2.970000000000000000e+04 3.161209679092280567e-05 5.612181485048495233e-05 3.445670154178515077e-05 4.325210102251730859e-05 2.734147892624605447e-05 3.161209679092280567e-05 5.612181485048495233e-05 3.445670154178515077e-05 4.325210102251730859e-05 2.734147892624605447e-05
2.980000000000000000e+04 1.023074219119735062e-04 2.197861031163483858e-04 1.786772627383470535e-04 3.598414594307541847e-03 1.204087020596489310e-04 1.023074219119735062e-04 2.197861031163483858e-04 1.786772627383470535e-04 3.598414594307541847e-03 1.204087020596489310e-04
2.990000000000000000e+04 3.180501880706287920e-05 5.636634159600362182e-05 3.502117033349350095e-05 4.207755409879609942e-05 2.728778599703218788e-05 3.180501880706287920e-05 5.636634159600362182e-05 3.502117033349350095e-05 4.207755409879609942e-05 2.728778599703218788e-05
3.000000000000000000e+04 3.035231384274084121e-05 5.455910286400467157e-05 3.362802090123295784e-05 4.136381176067516208e-05 2.668240631464868784e-05 3.035231384274084121e-05 5.455910286400467157e-05 3.362802090123295784e-05 4.136381176067516208e-05 2.668240631464868784e-05
